full_name,label,degree,neighbors_count,in_degree,out_degree,self_loops,max_call_circles
mailpile.__init__.Mailpile.Interact,55,2,2,0,2,0,0
mailpile.__init__.Mailpile.__init__,17,2,1,1,1,0,0
mailpile.__init__.Mailpile._mk_action,40,2,1,1,1,0,0
mailpile.__main__.(global),0,1,1,0,1,0,0
mailpile.__main__.main,5,2,1,1,1,0,0
mailpile.app.(global),0,3,3,0,3,0,0
mailpile.app.Interact,34,12,11,1,11,0,0
mailpile.app.InteractCommand.command,111,6,6,0,6,0,0
mailpile.app.Main,144,19,17,2,17,0,0
mailpile.app.WaitCommand.command,136,3,3,0,3,0,0
mailpile.auth.(global),0,2,2,0,2,0,0
mailpile.auth.Authenticate.RedirectBack,97,5,3,2,3,0,0
mailpile.auth.Authenticate._do_login,125,11,10,1,10,0,0
mailpile.auth.Authenticate._do_redirect,116,5,3,2,3,0,0
mailpile.auth.Authenticate._error,109,3,2,1,2,0,0
mailpile.auth.Authenticate._result,104,2,0,2,0,0,0
mailpile.auth.Authenticate._success,113,4,2,2,2,0,0
mailpile.auth.Authenticate.command,176,5,5,0,5,0,0
mailpile.auth.CheckPassword,71,3,1,2,1,0,0
mailpile.auth.DeAuthenticate.command,207,4,4,0,4,0,0
mailpile.auth.SetLoggedIn,53,7,3,4,3,0,0
mailpile.auth.SetPassphrase._lookup_key,247,4,3,1,3,0,0
mailpile.auth.SetPassphrase.command,253,10,10,0,10,0,0
mailpile.auth.UserSession.__init__,16,1,0,1,0,0,0
mailpile.auth.UserSession.is_expired,21,2,0,2,0,0,0
mailpile.auth.UserSession.update_ts,24,1,0,1,0,0,0
mailpile.auth.UserSessionCache.delete_expired,29,3,2,1,2,0,0
mailpile.auth.VerifyAndStorePassphrase,36,5,3,2,3,0,0
mailpile.command_cache.CommandCache.__init__,34,1,0,1,0,0,0
mailpile.command_cache.CommandCache.cache_result,42,2,2,0,2,0,0
mailpile.command_cache.CommandCache.dirty_set,72,2,0,2,0,0,0
mailpile.command_cache.CommandCache.get_result,56,4,2,2,2,0,0
mailpile.command_cache.CommandCache.mark_dirty,80,6,1,5,1,0,0
mailpile.command_cache.CommandCache.refresh,85,5,5,0,5,0,0
mailpile.commands.Abort.command,2533,3,3,0,3,0,0
mailpile.commands.Action,2788,13,3,10,3,0,0
mailpile.commands.BrowseOrLaunch.Browse,1436,4,2,2,2,0,0
mailpile.commands.BrowseOrLaunch.command,1447,3,3,0,3,0,0
mailpile.commands.Cached.run,2377,5,5,0,5,0,0
mailpile.commands.CatFile.command,1844,7,7,0,7,0,0
mailpile.commands.ChangeDir.command,1820,3,3,0,3,0,0
mailpile.commands.Command.__init__,226,3,2,1,2,0,0
mailpile.commands.Command._background_save,354,26,3,23,3,0,0
mailpile.commands.Command._choose_messages,373,26,5,21,5,0,0
mailpile.commands.Command._config,307,4,2,2,2,0,0
mailpile.commands.Command._create_event,500,4,2,2,2,0,0
mailpile.commands.Command._error,420,27,4,23,4,0,0
mailpile.commands.Command._finishing,517,7,5,2,5,0,0
mailpile.commands.Command._fmt_msg,478,2,0,2,0,0,0
mailpile.commands.Command._gnupg,304,11,1,10,1,0,0
mailpile.commands.Command._idx,317,64,6,58,6,0,0
mailpile.commands.Command._ignore_exception,452,17,1,16,1,0,0
mailpile.commands.Command._make_command_event,510,3,2,1,2,0,0
mailpile.commands.Command._read_file_or_data,446,1,0,1,0,0,0
mailpile.commands.Command._run,598,7,6,1,6,0,0
mailpile.commands.Command._run_sync,553,13,11,2,11,0,0
mailpile.commands.Command._sloppy_copy,483,5,2,3,2,1,1
mailpile.commands.Command._starting,472,6,2,4,2,0,0
mailpile.commands.Command._success,437,48,2,46,2,0,0
mailpile.commands.Command._update_event_state,462,6,1,5,1,0,0
mailpile.commands.Command._update_finished_event,538,7,5,2,5,0,0
mailpile.commands.Command.cache_id,260,7,5,2,5,0,0
mailpile.commands.Command.cache_requirements,270,1,0,1,0,0,0
mailpile.commands.Command.cache_result,274,8,6,2,6,1,1
mailpile.commands.Command.command,645,1,0,1,0,0,0
mailpile.commands.Command.refresh,641,2,2,0,2,0,0
mailpile.commands.Command.run,624,4,3,1,3,0,0
mailpile.commands.Command.state_as_query_args,253,4,1,3,1,0,0
mailpile.commands.Command.template_path,289,2,1,1,1,0,0
mailpile.commands.Command.view,655,2,0,2,0,0,0
mailpile.commands.ConfigAdd.command,1995,6,6,0,6,0,0
mailpile.commands.ConfigPrint._maybe_all,2099,4,2,2,2,1,1
mailpile.commands.ConfigPrint.command,2125,5,5,0,5,0,0
mailpile.commands.ConfigSet.command,1894,8,8,0,8,0,0
mailpile.commands.ConfigUnset.command,2045,5,5,0,5,0,0
mailpile.commands.ConfigureMailboxes._truthy,2206,2,1,1,1,0,0
mailpile.commands.ConfigureMailboxes.command,2210,18,18,0,18,0,0
mailpile.commands.GetCommand,2781,2,0,2,0,0,0
mailpile.commands.GpgCommand.command,1694,5,5,0,5,0,0
mailpile.commands.Help.command,2647,7,7,0,7,0,0
mailpile.commands.HelpSplash.command,2756,2,2,0,2,0,0
mailpile.commands.HelpVars.command,2719,3,3,0,3,0,0
mailpile.commands.ListDir.command,1742,9,8,1,8,0,0
mailpile.commands.Load.command,1141,4,4,0,4,0,0
mailpile.commands.Optimize.command,1416,5,5,0,5,0,0
mailpile.commands.Output.command,2411,3,3,0,3,0,0
mailpile.commands.Output.etag_data,2402,1,1,0,1,0,0
mailpile.commands.Output.get_render_mode,2408,3,0,3,0,0,0
mailpile.commands.Pipe.command,2426,13,13,0,13,0,0
mailpile.commands.ProgramStatus.command,1611,7,7,0,7,0,0
mailpile.commands.Quit.command,2493,3,3,0,3,0,0
mailpile.commands.RenderPage.command,1538,2,2,0,2,0,0
mailpile.commands.RenderPage.template_path,1531,1,1,0,1,0,0
mailpile.commands.Rescan._rescan_mailboxes,1319,16,15,1,15,0,0
mailpile.commands.Rescan._rescan_vcards,1242,3,2,1,2,0,0
mailpile.commands.Rescan._run_rescan_command,1268,4,2,2,2,0,0
mailpile.commands.Rescan.command,1167,21,21,0,21,0,0
mailpile.commands.RunWWW.command,1472,6,6,0,6,0,0
mailpile.commands.SearchResults.__init__,880,15,10,5,10,0,0
mailpile.commands.SearchResults._address,820,5,2,3,2,0,0
mailpile.commands.SearchResults._fix_width,1018,1,0,1,0,0,0
mailpile.commands.SearchResults._message,860,7,6,1,6,0,0
mailpile.commands.SearchResults._metadata,717,12,11,1,11,0,0
mailpile.commands.SearchResults._msg_addresses,793,7,4,3,4,0,0
mailpile.commands.SearchResults._msg_tags,828,2,0,2,0,0,0
mailpile.commands.SearchResults._name,665,2,1,1,1,0,0
mailpile.commands.SearchResults._names,680,3,3,0,3,0,0
mailpile.commands.SearchResults._prune_msg_tree,854,2,1,1,1,0,0
mailpile.commands.SearchResults._tag,833,3,1,2,1,0,0
mailpile.commands.SearchResults._thread,836,3,2,1,2,0,0
mailpile.commands.SearchResults.add_email,993,6,4,2,4,0,0
mailpile.commands.SearchResults.add_msg_info,968,9,7,2,7,0,0
mailpile.commands.SearchResults.as_text,1031,8,8,0,8,0,0
mailpile.commands.SearchResults.next_set,1008,2,1,1,1,0,0
mailpile.commands.SearchResults.previous_set,1013,2,1,1,1,0,0
mailpile.commands.TrustingQQQ.command,2513,1,1,0,1,0,0
mailpile.commands.WritePID.command,1516,2,2,0,2,0,0
mailpile.config.(global),0,2,2,0,2,0,0
mailpile.config.CommentedEscapedConfigParser._decode_value,221,3,1,2,1,0,0
mailpile.config.CommentedEscapedConfigParser.get,227,1,1,0,1,0,0
mailpile.config.CommentedEscapedConfigParser.items,233,10,1,9,1,0,0
mailpile.config.CommentedEscapedConfigParser.set,201,6,1,5,1,0,0
mailpile.config.ConfigDict.all_keys,1133,1,1,0,1,0,0
mailpile.config.ConfigDict.append,1137,8,4,4,4,0,0
mailpile.config.ConfigDict.reset,1123,4,2,2,2,1,1
mailpile.config.ConfigList.__createkey_and_setitem__,964,2,1,1,1,0,0
mailpile.config.ConfigList.__fixkey__,987,4,0,4,0,0,0
mailpile.config.ConfigList.__getitem__,1001,1,1,0,1,0,0
mailpile.config.ConfigList.__passkey__,981,3,2,1,2,0,0
mailpile.config.ConfigList.all_keys,1018,1,1,0,1,0,0
mailpile.config.ConfigList.append,972,4,2,2,2,0,0
mailpile.config.ConfigList.fmt_key,1004,5,3,2,3,0,6
mailpile.config.ConfigList.get,995,1,1,0,1,0,0
mailpile.config.ConfigList.iteritems,1011,59,1,58,1,0,6
mailpile.config.ConfigList.iterkeys,1008,4,1,3,1,0,6
mailpile.config.ConfigList.keys,1015,70,1,69,1,0,0
mailpile.config.ConfigList.update,1024,1,1,0,1,0,0
mailpile.config.ConfigList.values,1021,40,0,40,0,0,0
mailpile.config.ConfigManager.DEFAULT_WORKDIR,1200,1,0,1,0,0,0
mailpile.config.ConfigManager.__init__,1230,10,9,1,9,0,0
mailpile.config.ConfigManager._find_mail_source,1640,5,3,2,3,0,0
mailpile.config.ConfigManager._mailbox_info,1734,6,5,1,5,0,0
mailpile.config.ConfigManager._mkworkdir,1290,3,1,2,1,0,0
mailpile.config.ConfigManager._save_master_key,1521,4,3,1,3,0,0
mailpile.config.ConfigManager._unlocked_load,1395,25,23,2,23,1,3
mailpile.config.ConfigManager._unlocked_prepare_workers,2205,11,10,1,10,0,0
mailpile.config.ConfigManager._unlocked_save,1569,16,15,1,15,0,0
mailpile.config.ConfigManager.cache_mailbox,1781,3,2,1,2,0,0
mailpile.config.ConfigManager.clean_tempfile_dir,2122,3,2,1,2,0,0
mailpile.config.ConfigManager.create_local_mailstore,1912,4,2,2,2,0,0
mailpile.config.ConfigManager.daemons_started,2188,2,0,2,0,0,0
mailpile.config.ConfigManager.data_directory,2061,3,1,2,1,0,0
mailpile.config.ConfigManager.data_file_and_mimetype,2083,5,3,2,3,0,0
mailpile.config.ConfigManager.find_mboxids_and_sources_by_path,1806,4,2,2,2,0,0
mailpile.config.ConfigManager.flush_mbox_cache,1792,5,1,4,1,0,0
mailpile.config.ConfigManager.getLocaleDirectory,2055,2,0,2,0,0,0
mailpile.config.ConfigManager.get_index,2154,4,3,1,3,0,0
mailpile.config.ConfigManager.get_mail_source,2192,4,1,3,1,0,0
mailpile.config.ConfigManager.get_mailboxes,1653,8,4,4,4,0,0
mailpile.config.ConfigManager.get_passphrase,1944,9,8,1,8,0,0
mailpile.config.ConfigManager.get_profile,1998,10,5,5,5,0,0
mailpile.config.ConfigManager.get_route,2039,5,4,1,4,0,0
mailpile.config.ConfigManager.history_file,2098,2,0,2,0,0,0
mailpile.config.ConfigManager.interruptable_wait_for_lock,2143,2,0,2,0,0,0
mailpile.config.ConfigManager.is_editable_mailbox,1695,3,0,3,0,0,0
mailpile.config.ConfigManager.is_editable_message,1682,3,1,2,1,0,0
mailpile.config.ConfigManager.load,1367,3,1,2,1,0,3
mailpile.config.ConfigManager.load_master_key,1371,5,3,2,3,0,0
mailpile.config.ConfigManager.load_pickle,1706,7,1,6,1,0,0
mailpile.config.ConfigManager.load_plugins,1505,6,5,1,5,0,3
mailpile.config.ConfigManager.mailindex_file,2101,3,0,3,0,0,0
mailpile.config.ConfigManager.mailpile_path,2104,4,1,3,1,0,0
mailpile.config.ConfigManager.open_file,2175,4,2,2,2,0,0
mailpile.config.ConfigManager.open_local_mailbox,1933,10,4,6,4,0,0
mailpile.config.ConfigManager.open_mailbox,1860,9,7,2,7,0,0
mailpile.config.ConfigManager.open_mailbox_path,1834,9,8,1,8,0,0
mailpile.config.ConfigManager.parse_config,1296,7,5,2,5,0,0
mailpile.config.ConfigManager.postinglist_dir,2134,3,0,3,0,0,0
mailpile.config.ConfigManager.prepare_workers,2184,11,1,10,1,0,0
mailpile.config.ConfigManager.reset_rules_from_source,1499,2,1,1,1,0,0
mailpile.config.ConfigManager.save,1517,1,1,0,1,0,0
mailpile.config.ConfigManager.save_mailbox,1750,2,1,1,1,0,0
mailpile.config.ConfigManager.save_pickle,1720,7,2,5,2,0,0
mailpile.config.ConfigManager.stop_workers,2330,7,3,4,3,0,0
mailpile.config.ConfigManager.tempfile_dir,2116,6,0,6,0,0,0
mailpile.config.ConfigManager.uncache_mailbox,1754,3,1,2,1,0,0
mailpile.config.ConfigPrinter,152,3,2,1,2,1,1
mailpile.config.ConfigRule,124,4,0,4,0,0,0
mailpile.config.CriticalConfigRule,146,2,1,1,1,0,0
mailpile.config.KeyConfigRule,138,2,1,1,1,0,0
mailpile.config.MailpileJinjaLoader.__init__,1170,1,0,1,0,0,0
mailpile.config.MailpileJinjaLoader.get_source,1173,1,1,0,1,0,0
mailpile.config.PublicConfigRule,132,2,1,1,1,0,0
mailpile.config.RuledContainer,596,13,13,0,13,0,0
mailpile.config.SecurePassphraseStorage.__init__,63,7,1,6,1,0,0
mailpile.config.SecurePassphraseStorage.compare,85,3,1,2,1,0,0
mailpile.config.SecurePassphraseStorage.get_reader,97,5,1,4,1,0,0
mailpile.config.SecurePassphraseStorage.is_set,75,4,0,4,0,0,0
mailpile.config.SecurePassphraseStorage.read_byte_at,92,1,0,1,0,0,0
mailpile.config.SecurePassphraseStorage.set_passphrase,78,4,1,3,1,0,0
mailpile.config.WebRootCheck,438,2,1,1,1,0,0
mailpile.config._B36Check,391,1,1,0,1,0,0
mailpile.config._BoolCheck,246,2,2,0,2,0,0
mailpile.config._DirCheck,477,2,2,0,2,0,0
mailpile.config._DnsNameValid,328,1,0,1,0,0,0
mailpile.config._EmailCheck,533,2,1,1,1,0,0
mailpile.config._FileCheck,459,2,2,0,2,0,0
mailpile.config._GPGKeyCheck,545,3,3,0,3,0,0
mailpile.config._HostNameCheck,370,3,3,0,3,0,0
mailpile.config._HostNameValid,337,2,1,1,1,0,0
mailpile.config._MakeCheck,238,1,0,1,0,0,0
mailpile.config._NewPathCheck,495,1,1,0,1,0,0
mailpile.config._PathCheck,418,4,1,3,1,0,0
mailpile.config._RouteProtocolCheck,315,2,2,0,2,0,0
mailpile.config._SlashSlugCheck,305,1,1,0,1,0,0
mailpile.config._SlugCheck,281,4,3,1,3,0,0
mailpile.config._UrlCheck,510,1,1,0,1,0,0
mailpile.conn_brokers.(global),0,2,2,0,2,0,0
mailpile.conn_brokers.AutoHttpsConnBroker._proxy,443,1,1,0,1,0,0
mailpile.conn_brokers.AutoHttpsConnBroker._proxy_address,436,1,1,0,1,0,0
mailpile.conn_brokers.BaseConnectionBroker.__init__,175,2,0,2,0,0,0
mailpile.conn_brokers.BaseConnectionBroker._check,200,4,2,2,2,0,0
mailpile.conn_brokers.BaseConnectionBroker._describe,215,1,0,1,0,0,0
mailpile.conn_brokers.BaseConnectionBroker._get_urls,254,1,0,1,0,0,0
mailpile.conn_brokers.BaseConnectionBroker._raise_or_none,195,1,0,1,0,0,0
mailpile.conn_brokers.BaseConnectionBroker.config,188,4,1,3,1,1,1
mailpile.conn_brokers.BaseConnectionBroker.configure,181,3,0,3,0,0,0
mailpile.conn_brokers.BaseConnectionBroker.context,222,2,1,1,1,0,0
mailpile.conn_brokers.BaseConnectionBroker.create_conn_with_caps,225,3,2,1,2,0,0
mailpile.conn_brokers.BaseConnectionBroker.create_connection,231,1,1,0,1,0,0
mailpile.conn_brokers.BaseConnectionBroker.debug,218,36,0,36,0,0,0
mailpile.conn_brokers.BaseConnectionBroker.get_urls,246,2,2,0,2,0,0
mailpile.conn_brokers.BaseConnectionBroker.set_config,184,1,1,0,1,0,0
mailpile.conn_brokers.BaseConnectionBrokerProxy._create_connection,413,3,3,0,3,0,0
mailpile.conn_brokers.BaseConnectionBrokerProxy._proxy,405,1,0,1,0,0,0
mailpile.conn_brokers.BaseConnectionBrokerProxy._proxy_address,402,1,0,1,0,0,0
mailpile.conn_brokers.BaseConnectionBrokerProxy._wrap_ssl,408,2,1,1,1,0,0
mailpile.conn_brokers.BrokeredContext.__enter__,151,2,2,0,2,0,0
mailpile.conn_brokers.BrokeredContext.__exit__,165,1,1,0,1,0,0
mailpile.conn_brokers.BrokeredContext.__init__,130,2,1,1,1,0,0
mailpile.conn_brokers.BrokeredContext._reset,138,2,0,2,0,0,0
mailpile.conn_brokers.BrokeredContext._unmonkey,145,2,0,2,0,0,0
mailpile.conn_brokers.DisableUnbrokeredConnections,519,1,0,1,0,0,0
mailpile.conn_brokers.MasterBroker.__init__,468,2,1,1,1,0,0
mailpile.conn_brokers.MasterBroker.create_conn_with_caps,497,1,1,0,1,0,0
mailpile.conn_brokers.MasterBroker.get_urls,512,2,2,0,2,0,0
mailpile.conn_brokers.MasterBroker.register_broker,482,2,2,0,2,0,0
mailpile.conn_brokers.SocksConnBroker.__init__,314,1,1,0,1,0,0
mailpile.conn_brokers.SocksConnBroker._conn,334,1,1,0,1,0,0
mailpile.conn_brokers.SocksConnBroker.configure,319,2,2,0,2,0,0
mailpile.conn_brokers.TcpConnectionBroker._avoid,290,2,1,1,1,0,0
mailpile.conn_brokers.TcpConnectionBroker._conn,294,1,0,1,0,0,0
mailpile.conn_brokers.TcpConnectionBroker._create_connection,297,4,3,1,3,0,0
mailpile.conn_brokers.TcpConnectionBroker.configure,275,2,2,0,2,0,0
mailpile.conn_brokers.TorOnionBroker._avoid,387,1,1,0,1,0,0
mailpile.contrib.datadig.datadig.dataDigCommand._cell,46,6,5,1,5,0,0
mailpile.contrib.datadig.datadig.dataDigCommand._filter,38,1,0,1,0,0,0
mailpile.contrib.datadig.datadig.dataDigCommand._truthy,72,2,1,1,1,0,0
mailpile.contrib.datadig.datadig.dataDigCommand.command,75,14,14,0,14,0,0
mailpile.contrib.demos.demos.DemoVCardImporter.get_vcards,54,2,2,0,2,0,0
mailpile.contrib.demos.demos.md5sumCommand.command,104,3,3,0,3,0,0
mailpile.contrib.experiments.experiments.EmailCryptoTxf.DkgHeaderTransformIncoming,141,1,0,1,0,0,0
mailpile.contrib.experiments.experiments.EmailCryptoTxf.DkgHeaderTransformOutgoing,72,7,6,1,6,0,0
mailpile.contrib.experiments.experiments.EmailCryptoTxf.TransformIncoming,165,1,1,0,1,0,0
mailpile.contrib.experiments.experiments.EmailCryptoTxf.TransformOutgoing,150,2,2,0,2,0,0
mailpile.contrib.experiments.experiments._AddCryptoState,16,2,0,2,0,0,0
mailpile.contrib.experiments.experiments._CopyAsMultipart,22,6,5,1,5,0,0
mailpile.contrib.experiments.experiments.paragraph_id_extractor,181,2,2,0,2,0,0
mailpile.contrib.forcegrapher.forcegrapher.Graph.command,21,5,5,0,5,0,0
mailpile.contrib.gui.gui-o-matic.(global),0,2,2,0,2,0,0
mailpile.contrib.gui.gui-o-matic.Indicator.__init__,22,1,0,1,0,0,0
mailpile.contrib.gui.gui-o-matic.Indicator._add_menu_item,58,1,0,1,0,0,0
mailpile.contrib.gui.gui-o-matic.Indicator._create_menu_from_config,62,3,1,2,1,0,0
mailpile.contrib.gui.gui-o-matic.Indicator._do,26,6,4,2,4,0,0
mailpile.contrib.gui.gui-o-matic.Indicator._set_status,66,5,0,5,0,0,0
mailpile.contrib.gui.gui-o-matic.Indicator._theme_icon,55,2,0,2,0,0,0
mailpile.contrib.gui.gui-o-matic.Indicator.hide_splash_screen,97,1,0,1,0,0,0
mailpile.contrib.gui.gui-o-matic.Indicator.notify_user,100,1,0,1,0,0,0
mailpile.contrib.gui.gui-o-matic.Indicator.set_status_attention,78,1,1,0,1,0,0
mailpile.contrib.gui.gui-o-matic.Indicator.set_status_normal,72,1,1,0,1,0,0
mailpile.contrib.gui.gui-o-matic.Indicator.set_status_shutdown,81,1,1,0,1,0,0
mailpile.contrib.gui.gui-o-matic.Indicator.set_status_startup,69,2,1,1,1,0,0
mailpile.contrib.gui.gui-o-matic.Indicator.set_status_working,75,1,1,0,1,0,0
mailpile.contrib.gui.gui-o-matic.MacOSXIndicator,286,5,5,0,5,0,0
mailpile.contrib.gui.gui-o-matic.StdinWatcher.__init__,381,1,0,1,0,0,0
mailpile.contrib.gui.gui-o-matic.StdinWatcher.do,387,1,0,1,0,0,0
mailpile.contrib.gui.gui-o-matic.StdinWatcher.run,393,1,1,0,1,0,0
mailpile.contrib.gui.gui-o-matic.UnityIndicator,106,6,6,0,6,0,0
mailpile.contrib.gui.gui._real_startup,37,5,5,0,5,0,0
mailpile.contrib.gui.gui.indicator,20,2,0,2,0,0,0
mailpile.contrib.hacks.hacks.CheckMailbox.command,254,9,9,0,9,0,0
mailpile.contrib.hacks.hacks.FixIndex.command,31,6,6,0,6,0,0
mailpile.contrib.hacks.hacks.Hacks.command,22,1,1,0,1,0,0
mailpile.contrib.hacks.hacks.Http.command,185,6,6,0,6,0,0
mailpile.contrib.hacks.hacks.PyCLI.command,68,5,5,0,5,0,0
mailpile.contrib.hacks.hacks.ViewHeaderPrint._explain,162,6,5,1,5,0,0
mailpile.contrib.hacks.hacks.ViewHeaderPrint.command,169,2,2,0,2,0,0
mailpile.contrib.hacks.hacks.ViewKeywords._explain,143,6,5,1,5,0,0
mailpile.contrib.hacks.hacks.ViewKeywords.command,153,2,2,0,2,0,0
mailpile.contrib.hacks.hacks.ViewMetadata._explain,99,5,4,1,4,0,0
mailpile.contrib.hacks.hacks.ViewMetadata.command,134,2,2,0,2,0,0
mailpile.contrib.i18nhelper.i18nhelper.I18NRecent.command,21,1,1,0,1,0,0
mailpile.crypto.gpgi.(global),0,1,1,0,1,0,0
mailpile.crypto.gpgi.GetKeys,997,11,9,2,9,0,0
mailpile.crypto.gpgi.GnuPG.__init__,421,15,1,14,1,0,0
mailpile.crypto.gpgi.GnuPG._debug_all,468,1,1,0,1,0,0
mailpile.crypto.gpgi.GnuPG._escape_hex_keyid_term,954,2,0,2,0,0,0
mailpile.crypto.gpgi.GnuPG._parse_import,691,2,0,2,0,0,0
mailpile.crypto.gpgi.GnuPG._reap_threads,591,2,1,1,1,0,0
mailpile.crypto.gpgi.GnuPG.address_to_keys,945,4,2,2,2,0,0
mailpile.crypto.gpgi.GnuPG.chat,970,2,1,1,1,0,0
mailpile.crypto.gpgi.GnuPG.decrypt,745,6,3,3,3,0,0
mailpile.crypto.gpgi.GnuPG.encrypt,819,7,3,4,3,0,0
mailpile.crypto.gpgi.GnuPG.get_pubkey,939,2,1,1,1,0,0
mailpile.crypto.gpgi.GnuPG.import_keys,680,7,2,5,2,0,0
mailpile.crypto.gpgi.GnuPG.is_available,484,1,1,0,1,0,0
mailpile.crypto.gpgi.GnuPG.list_keys,621,7,2,5,2,0,0
mailpile.crypto.gpgi.GnuPG.list_secret_keys,635,3,3,0,3,0,0
mailpile.crypto.gpgi.GnuPG.parse_keylist,617,4,2,2,2,0,0
mailpile.crypto.gpgi.GnuPG.parse_status,599,2,1,1,1,0,0
mailpile.crypto.gpgi.GnuPG.parse_stderr,611,3,3,0,3,0,0
mailpile.crypto.gpgi.GnuPG.parse_stdout,607,1,1,0,1,0,0
mailpile.crypto.gpgi.GnuPG.prepare_passphrase,446,6,3,3,3,0,0
mailpile.crypto.gpgi.GnuPG.recv_key,886,6,3,3,3,0,0
mailpile.crypto.gpgi.GnuPG.remove_armor,789,3,2,1,2,0,0
mailpile.crypto.gpgi.GnuPG.run,493,18,5,13,5,0,0
mailpile.crypto.gpgi.GnuPG.search_key,899,5,3,2,3,0,0
mailpile.crypto.gpgi.GnuPG.sign,849,3,2,1,2,0,0
mailpile.crypto.gpgi.GnuPG.sign_key,878,3,2,1,2,0,0
mailpile.crypto.gpgi.GnuPG.verify,800,3,2,1,2,0,0
mailpile.crypto.gpgi.GnuPG.version,480,1,1,0,1,0,0
mailpile.crypto.gpgi.GnuPGExpectScript.__init__,1114,2,0,2,0,0,0
mailpile.crypto.gpgi.GnuPGExpectScript.expect_exact,1169,2,1,1,1,0,0
mailpile.crypto.gpgi.GnuPGExpectScript.gpg_args,1192,1,0,1,0,0,0
mailpile.crypto.gpgi.GnuPGExpectScript.in_state,1140,1,0,1,0,0,0
mailpile.crypto.gpgi.GnuPGExpectScript.on_complete,1215,1,0,1,0,0,0
mailpile.crypto.gpgi.GnuPGExpectScript.run,1195,4,4,0,4,0,0
mailpile.crypto.gpgi.GnuPGExpectScript.run_script,1184,3,3,0,3,0,0
mailpile.crypto.gpgi.GnuPGExpectScript.sendline,1147,2,1,1,1,0,0
mailpile.crypto.gpgi.GnuPGExpectScript.set_state,1143,3,1,2,1,0,0
mailpile.crypto.gpgi.GnuPGKeyEditor.__init__,1304,3,2,1,2,0,0
mailpile.crypto.gpgi.GnuPGKeyEditor.in_state,1329,1,1,0,1,0,0
mailpile.crypto.gpgi.GnuPGKeyGenerator.__init__,1256,3,1,2,1,0,0
mailpile.crypto.gpgi.GnuPGRecordParser.__init__,171,1,0,1,0,0,0
mailpile.crypto.gpgi.GnuPGRecordParser.parse,191,2,1,1,1,0,0
mailpile.crypto.gpgi.GnuPGRecordParser.parse_line,196,2,1,1,1,0,0
mailpile.crypto.gpgi.GnuPGRecordParser.parse_privkey,256,1,1,0,1,0,0
mailpile.crypto.gpgi.GnuPGRecordParser.parse_pubkey,203,2,1,1,1,0,0
mailpile.crypto.gpgi.GnuPGRecordParser.parse_uidline,259,2,1,1,1,0,0
mailpile.crypto.gpgi.GnuPGResultParser.__init__,61,2,0,2,0,0,0
mailpile.crypto.gpgi.GnuPGResultParser.parse,70,1,1,0,1,0,0
mailpile.crypto.gpgi.OpenPGPMimeEncryptingWrapper.crypto,1080,2,1,1,1,0,0
mailpile.crypto.gpgi.OpenPGPMimeEncryptingWrapper.get_keys,1083,3,2,1,2,0,0
mailpile.crypto.gpgi.OpenPGPMimeSignEncryptWrapper._encrypt,1095,3,3,0,3,0,0
mailpile.crypto.gpgi.OpenPGPMimeSignEncryptWrapper.crypto,1092,2,1,1,1,0,0
mailpile.crypto.gpgi.OpenPGPMimeSigningWrapper.crypto,1068,2,1,1,1,0,0
mailpile.crypto.gpgi.OpenPGPMimeSigningWrapper.get_keys,1071,2,2,0,2,0,0
mailpile.crypto.gpgi.StreamReader.__init__,335,1,0,1,0,0,0
mailpile.crypto.gpgi.StreamWriter.__init__,370,1,0,1,0,0,0
mailpile.crypto.gpgi.parse_uid,318,2,0,2,0,0,0
mailpile.crypto.gpgi.stubborn_decode,306,1,0,1,0,0,0
mailpile.crypto.mime.EncryptionFailureError.__init__,41,1,0,1,0,0,0
mailpile.crypto.mime.MessageAsString,34,6,2,4,2,0,0
mailpile.crypto.mime.MimeEncryptingWrapper.__init__,371,2,2,0,2,0,0
mailpile.crypto.mime.MimeEncryptingWrapper._encrypt,387,3,2,1,2,0,0
mailpile.crypto.mime.MimeEncryptingWrapper._update_crypto_status,391,1,0,1,0,0,0
mailpile.crypto.mime.MimeEncryptingWrapper.wrap,394,10,10,0,10,0,0
mailpile.crypto.mime.MimeSigningWrapper.__init__,319,1,1,0,1,0,0
mailpile.crypto.mime.MimeSigningWrapper._update_crypto_status,329,1,0,1,0,0,0
mailpile.crypto.mime.MimeSigningWrapper.wrap,332,12,12,0,12,0,0
mailpile.crypto.mime.MimeWrapper.__init__,244,2,0,2,0,0,0
mailpile.crypto.mime.MimeWrapper.attach,261,10,1,9,1,1,1
mailpile.crypto.mime.MimeWrapper.crypto,258,2,0,2,0,0,0
mailpile.crypto.mime.MimeWrapper.flatten,282,3,1,2,1,0,0
mailpile.crypto.mime.MimeWrapper.get_keys,279,2,0,2,0,0,0
mailpile.crypto.mime.MimeWrapper.get_only_text_part,285,2,0,2,0,0,0
mailpile.crypto.mime.MimeWrapper.wrap,299,5,3,2,3,0,0
mailpile.crypto.mime.Normalize,17,5,1,4,1,0,0
mailpile.crypto.mime.SignatureFailureError.__init__,47,1,0,1,0,0,0
mailpile.crypto.mime.UnwrapMimeCrypto,75,10,8,2,8,1,1
mailpile.crypto.mime.UnwrapPlainTextCrypto,198,8,7,1,7,0,0
mailpile.crypto.mime._decode_text_part,55,1,0,1,0,0,0
mailpile.crypto.mime._update_text_payload,65,4,1,3,1,0,0
mailpile.crypto.state.CryptoInfo._mix_in,93,4,3,1,3,0,0
mailpile.crypto.state.CryptoInfo._overwrite_with,64,2,1,1,1,0,0
mailpile.crypto.state.CryptoInfo._set_status,47,1,1,0,1,0,0
mailpile.crypto.state.CryptoInfo.bubble_up,69,3,0,3,0,0,0
mailpile.crypto.state.CryptoInfo.mix_bubbles,85,5,1,4,1,0,0
mailpile.crypto.state.KeyLookupError.__init__,9,1,0,1,0,0,0
mailpile.crypto.streamer.(global),0,4,4,0,4,0,0
mailpile.crypto.streamer.ChecksummingStreamer.__init__,243,10,8,2,8,0,0
mailpile.crypto.streamer.ChecksummingStreamer._mk_command,280,1,0,1,0,0,0
mailpile.crypto.streamer.ChecksummingStreamer._mk_tempfile_and_path,276,1,0,1,0,0,0
mailpile.crypto.streamer.ChecksummingStreamer._write_postamble,373,1,0,1,0,0,0
mailpile.crypto.streamer.ChecksummingStreamer._write_preamble,370,1,0,1,0,0,0
mailpile.crypto.streamer.ChecksummingStreamer.calculate_outer_md5sum,341,1,0,1,0,0,0
mailpile.crypto.streamer.ChecksummingStreamer.close,305,6,2,4,2,1,2
mailpile.crypto.streamer.ChecksummingStreamer.finish,283,8,4,4,4,0,2
mailpile.crypto.streamer.ChecksummingStreamer.save,309,4,3,1,3,0,0
mailpile.crypto.streamer.ChecksummingStreamer.save_copy,352,2,0,2,0,0,0
mailpile.crypto.streamer.DecryptingStreamer.EndEncrypted,524,1,1,0,1,0,0
mailpile.crypto.streamer.DecryptingStreamer.StartEncrypted,518,1,1,0,1,0,0
mailpile.crypto.streamer.DecryptingStreamer.__init__,528,10,5,5,5,0,0
mailpile.crypto.streamer.DecryptingStreamer._mk_command,702,2,1,1,1,0,0
mailpile.crypto.streamer.DecryptingStreamer._mk_data_filter,602,2,1,1,1,0,0
mailpile.crypto.streamer.DecryptingStreamer._mutate_key,699,2,1,1,1,0,0
mailpile.crypto.streamer.DecryptingStreamer._read_data,606,3,3,0,3,0,0
mailpile.crypto.streamer.DecryptingStreamer.close,568,5,2,3,2,1,1
mailpile.crypto.streamer.DecryptingStreamer.verify,573,1,1,0,1,0,0
mailpile.crypto.streamer.EncryptingDelimitedStreamer.__init__,392,4,3,1,3,0,0
mailpile.crypto.streamer.EncryptingDelimitedStreamer._nonce_and_mutated_key,439,2,1,1,1,0,0
mailpile.crypto.streamer.EncryptingDelimitedStreamer._send_key,447,1,0,1,0,0,0
mailpile.crypto.streamer.EncryptingDelimitedStreamer._write_inner_md5sum,424,1,0,1,0,0,0
mailpile.crypto.streamer.EncryptingDelimitedStreamer.finish,416,2,2,0,2,0,0
mailpile.crypto.streamer.EncryptingStreamer,487,9,1,8,1,0,0
mailpile.crypto.streamer.IOCoprocess.__exit__,173,1,1,0,1,0,0
mailpile.crypto.streamer.IOCoprocess.__init__,154,2,0,2,0,0,0
mailpile.crypto.streamer.IOCoprocess.close,176,3,0,3,0,0,0
mailpile.crypto.streamer.IOFilter.__exit__,69,1,1,0,1,0,0
mailpile.crypto.streamer.IOFilter.__init__,40,3,0,3,0,0,0
mailpile.crypto.streamer.IOFilter._copy_loop,115,1,0,1,0,0,0
mailpile.crypto.streamer.IOFilter.close,72,2,1,1,1,0,0
mailpile.crypto.streamer.IOFilter.join,85,1,0,1,0,0,0
mailpile.crypto.streamer.IOFilter.reader,102,2,0,2,0,0,0
mailpile.crypto.streamer.IOFilter.run,127,1,1,0,1,0,0
mailpile.crypto.streamer.IOFilter.writer,90,2,0,2,0,0,0
mailpile.crypto.streamer.InputCoprocess.__iter__,225,3,2,1,2,1,1
mailpile.crypto.streamer.InputCoprocess._read_filter,222,4,0,4,0,0,0
mailpile.crypto.streamer.InputCoprocess.read,234,4,2,2,2,1,1
mailpile.crypto.streamer.InputCoprocess.readline,228,7,2,5,2,1,1
mailpile.crypto.streamer.InputCoprocess.readlines,231,4,2,2,2,1,1
mailpile.crypto.streamer.OutputCoprocess._write_filter,205,1,0,1,0,0,0
mailpile.crypto.streamer.OutputCoprocess.write,208,3,2,1,2,1,1
mailpile.crypto.streamer.PartialDecryptingStreamer.__init__,746,1,1,0,1,0,0
mailpile.crypto.streamer.PartialDecryptingStreamer._mk_data_filter,750,1,1,0,1,0,0
mailpile.crypto.streamer.ReadLineIOFilter.__init__,719,2,1,1,1,0,0
mailpile.crypto.streamer.fdcheck,763,1,0,1,0,0,0
mailpile.crypto.tor.(global),0,8,8,0,8,0,0
mailpile.crypto.tor.Tor.__new__,18,1,0,1,0,0,0
mailpile.crypto.tor.Tor._create_path,43,2,0,2,0,0,0
mailpile.crypto.tor.Tor.create_hidden_service,53,4,2,2,2,1,1
mailpile.crypto.tor.Tor.destroy_hidden_service,59,2,1,1,1,0,0
mailpile.crypto.tor.Tor.get_hidden_service_conf,65,3,1,2,1,1,1
mailpile.crypto.tor.Tor.start_proxying_through_tor,70,1,0,1,0,0,0
mailpile.crypto.tor.Tor.start_tor,29,1,0,1,0,0,0
mailpile.crypto.tor.Tor.stop_proxying_through_tor,79,1,0,1,0,0,0
mailpile.crypto.tor.Tor.stop_tor,49,1,0,1,0,0,0
mailpile.defaults.(global),0,3,3,0,3,0,0
mailpile.eventlog.Event.Parse,64,1,0,1,0,0,0
mailpile.eventlog.Event.__init__,70,8,3,5,3,0,0
mailpile.eventlog.Event._get_source_class,100,2,2,0,2,0,0
mailpile.eventlog.Event._set,96,1,1,0,1,0,0
mailpile.eventlog.Event._set_ts,87,2,0,2,0,0,0
mailpile.eventlog.Event.as_dict,123,28,0,28,0,0,0
mailpile.eventlog.Event.as_html,159,3,1,2,1,0,0
mailpile.eventlog.Event.as_json,153,5,1,4,1,0,0
mailpile.eventlog.Event.as_text,140,1,1,0,1,0,0
mailpile.eventlog.EventLog.__init__,181,1,0,1,0,0,0
mailpile.eventlog.EventLog._list_logfiles,242,3,1,2,1,0,0
mailpile.eventlog.EventLog._load_logfile,261,3,2,1,2,0,0
mailpile.eventlog.EventLog._match,276,6,4,2,4,0,0
mailpile.eventlog.EventLog._maybe_rotate_log,232,5,4,1,4,0,0
mailpile.eventlog.EventLog._notify_waiters,196,1,0,1,0,0,0
mailpile.eventlog.EventLog._open_log,207,8,5,3,5,0,0
mailpile.eventlog.EventLog._prune_completed,378,2,1,1,1,0,0
mailpile.eventlog.EventLog._save_events,246,7,4,3,4,1,1
mailpile.eventlog.EventLog._save_filename,204,1,0,1,0,0,0
mailpile.eventlog.EventLog._unlocked_close,371,3,1,2,1,0,2
mailpile.eventlog.EventLog.close,367,4,1,3,1,0,2
mailpile.eventlog.EventLog.events,346,4,1,3,1,0,0
mailpile.eventlog.EventLog.get,349,4,1,3,1,1,1
mailpile.eventlog.EventLog.incomplete,318,10,3,7,3,0,0
mailpile.eventlog.EventLog.load,400,6,6,0,6,0,0
mailpile.eventlog.EventLog.log,363,2,2,0,2,0,0
mailpile.eventlog.EventLog.log_event,352,16,3,13,3,0,0
mailpile.eventlog.EventLog.purge_old_logfiles,413,3,2,1,2,0,0
mailpile.eventlog.EventLog.since,331,4,3,1,3,0,0
mailpile.eventlog.EventLog.ui_unwatch,392,3,0,3,0,0,0
mailpile.eventlog.EventLog.ui_watch,383,3,0,3,0,0,0
mailpile.eventlog.EventLog.wait,200,2,1,1,1,1,1
mailpile.eventlog.NewEventId,20,2,0,2,0,0,0
mailpile.eventlog._ClassName,32,3,1,2,1,0,0
mailpile.httpd.HttpRequestHandler._load_cookies,84,1,0,1,0,0,0
mailpile.httpd.HttpRequestHandler._mk_etag,197,1,0,1,0,0,0
mailpile.httpd.HttpRequestHandler._real_do_GET,304,22,21,1,21,0,0
mailpile.httpd.HttpRequestHandler.csrf,242,3,2,1,2,0,0
mailpile.httpd.HttpRequestHandler.do_GET,290,3,1,2,1,0,0
mailpile.httpd.HttpRequestHandler.do_HEAD,449,1,1,0,1,0,0
mailpile.httpd.HttpRequestHandler.do_POST,251,6,4,2,4,0,0
mailpile.httpd.HttpRequestHandler.do_PUT,443,1,1,0,1,0,0
mailpile.httpd.HttpRequestHandler.do_UPDATE,446,1,1,0,1,0,0
mailpile.httpd.HttpRequestHandler.guess_mimetype,191,2,1,1,1,0,0
mailpile.httpd.HttpRequestHandler.http_host,79,2,0,2,0,0,0
mailpile.httpd.HttpRequestHandler.http_session,95,3,2,1,2,0,0
mailpile.httpd.HttpRequestHandler.log_message,452,1,1,0,1,0,0
mailpile.httpd.HttpRequestHandler.send_file,204,6,5,1,5,0,0
mailpile.httpd.HttpRequestHandler.send_full_response,155,4,2,2,2,0,0
mailpile.httpd.HttpRequestHandler.send_http_redirect,113,2,1,1,1,0,0
mailpile.httpd.HttpRequestHandler.send_http_response,109,4,0,4,0,0,0
mailpile.httpd.HttpRequestHandler.send_standard_headers,119,4,1,3,1,0,0
mailpile.httpd.HttpRequestHandler.server_url,104,1,0,1,0,0,0
mailpile.httpd.HttpServer.__init__,458,2,1,1,1,0,0
mailpile.httpd.HttpServer.make_session_id,477,4,1,3,1,0,0
mailpile.httpd.HttpWorker.__init__,495,3,1,2,1,0,0
mailpile.httpd.Idle_HTTPD,35,6,0,6,0,0,0
mailpile.i18n.(global),0,1,1,0,1,0,0
mailpile.i18n.ActivateTranslation,100,7,3,4,3,0,0
mailpile.i18n.ListTranslations,137,3,2,1,2,0,0
mailpile.i18n._fmt_safe,19,2,0,2,0,0,0
mailpile.i18n.gettext,40,240,1,239,1,0,0
mailpile.i18n.i18n_disabler.__exit__,92,1,1,0,1,0,0
mailpile.i18n.i18n_disabler.__init__,84,1,0,1,0,0,0
mailpile.i18n.ngettext,60,10,1,9,1,0,0
mailpile.mail_generator.DecodedGenerator.__init__,324,1,1,0,1,0,0
mailpile.mail_generator.Generator.__init__,50,2,0,2,0,0,0
mailpile.mail_generator.Generator._dispatch,135,1,0,1,0,0,0
mailpile.mail_generator.Generator._handle_message,296,2,2,0,2,0,0
mailpile.mail_generator.Generator._handle_message_delivery_status,275,2,2,0,2,0,0
mailpile.mail_generator.Generator._handle_multipart,202,5,4,1,4,0,0
mailpile.mail_generator.Generator._handle_multipart_signed,260,1,1,0,1,0,0
mailpile.mail_generator.Generator._handle_text,189,1,1,0,1,0,0
mailpile.mail_generator.Generator._write,108,4,3,1,3,0,0
mailpile.mail_generator.Generator._write_headers,155,3,2,1,2,0,0
mailpile.mail_generator.Generator.clone,100,3,0,3,0,0,0
mailpile.mail_generator.Generator.flatten,77,1,1,0,1,0,0
mailpile.mail_generator.Generator.write,73,7,1,6,1,1,1
mailpile.mail_generator._is8bitstring,31,1,0,1,0,0,0
mailpile.mail_generator._make_boundary,379,1,0,1,0,0,0
mailpile.mail_source.__init__.BaseMailSource.__init__,104,1,1,0,1,0,0
mailpile.mail_source.__init__.BaseMailSource._check_interrupt,196,5,2,3,2,0,0
mailpile.mail_source.__init__.BaseMailSource._copy_new_messages,646,7,6,1,6,0,0
mailpile.mail_source.__init__.BaseMailSource._create_local_mailbox,467,5,3,2,3,0,0
mailpile.mail_source.__init__.BaseMailSource._create_parent_tag,491,5,3,2,3,0,0
mailpile.mail_source.__init__.BaseMailSource._create_primary_tag,516,9,7,2,7,0,0
mailpile.mail_source.__init__.BaseMailSource._create_tag,593,4,2,2,2,0,0
mailpile.mail_source.__init__.BaseMailSource._create_tag_name,589,3,2,1,2,0,0
mailpile.mail_source.__init__.BaseMailSource._default_policy,416,1,0,1,0,0,0
mailpile.mail_source.__init__.BaseMailSource._existing_mailboxes,343,4,1,3,1,0,0
mailpile.mail_source.__init__.BaseMailSource._guess_tags,446,4,3,1,3,0,0
mailpile.mail_source.__init__.BaseMailSource._has_mailbox_changed,180,1,0,1,0,0,0
mailpile.mail_source.__init__.BaseMailSource._jitter,326,1,0,1,0,0,0
mailpile.mail_source.__init__.BaseMailSource._load_state,136,3,2,1,2,0,0
mailpile.mail_source.__init__.BaseMailSource._log_conn_errors,889,2,1,1,1,0,0
mailpile.mail_source.__init__.BaseMailSource._log_status,165,12,3,9,3,0,0
mailpile.mail_source.__init__.BaseMailSource._mailbox_name,464,3,1,2,1,0,0
mailpile.mail_source.__init__.BaseMailSource._mailbox_path_split,461,2,0,2,0,0,0
mailpile.mail_source.__init__.BaseMailSource._mark_mailbox_rescanned,185,1,0,1,0,0,0
mailpile.mail_source.__init__.BaseMailSource._path,190,6,1,5,1,0,0
mailpile.mail_source.__init__.BaseMailSource._path_to_tagname,570,4,3,1,3,0,0
mailpile.mail_source.__init__.BaseMailSource._policy,220,4,0,4,0,0,0
mailpile.mail_source.__init__.BaseMailSource._process_new,638,2,1,1,1,0,0
mailpile.mail_source.__init__.BaseMailSource._save_config,161,5,0,5,0,0,0
mailpile.mail_source.__init__.BaseMailSource._save_state,158,2,1,1,1,0,0
mailpile.mail_source.__init__.BaseMailSource._sleep,329,2,1,1,1,0,0
mailpile.mail_source.__init__.BaseMailSource._sorted_mailboxes,209,5,4,1,4,0,0
mailpile.mail_source.__init__.BaseMailSource._strip_file_extension,458,1,0,1,0,0,0
mailpile.mail_source.__init__.BaseMailSource._unique_tag_name,579,2,1,1,1,0,0
mailpile.mail_source.__init__.BaseMailSource._update_unknown_state,349,2,1,1,1,0,0
mailpile.mail_source.__init__.BaseMailSource.close,176,1,0,1,0,0,0
mailpile.mail_source.__init__.BaseMailSource.discover_mailboxes,357,11,10,1,10,0,0
mailpile.mail_source.__init__.BaseMailSource.interrupt_rescan,633,3,1,2,1,0,0
mailpile.mail_source.__init__.BaseMailSource.is_mailbox,819,1,0,1,0,0,0
mailpile.mail_source.__init__.BaseMailSource.open,172,1,0,1,0,0,0
mailpile.mail_source.__init__.BaseMailSource.quit,928,3,3,0,3,0,0
mailpile.mail_source.__init__.BaseMailSource.rescan_mailbox,732,14,13,1,13,0,0
mailpile.mail_source.__init__.BaseMailSource.rescan_now,900,4,3,1,3,0,0
mailpile.mail_source.__init__.BaseMailSource.run,822,12,12,0,12,0,0
mailpile.mail_source.__init__.BaseMailSource.sync_mail,226,12,11,1,11,0,0
mailpile.mail_source.__init__.BaseMailSource.take_over_mailbox,419,15,9,6,9,0,0
mailpile.mail_source.__init__.BaseMailSource.wake_up,897,3,0,3,0,0,0
mailpile.mail_source.__init__.MailSource,947,5,4,1,4,0,0
mailpile.mail_source.__init__.ProcessNew,936,4,2,2,2,0,0
mailpile.mail_source.imap.(global),0,8,8,0,8,0,0
mailpile.mail_source.imap.ImapMailSource.__init__,565,2,0,2,0,0,0
mailpile.mail_source.imap.ImapMailSource._cache_flags,853,2,1,1,1,0,0
mailpile.mail_source.imap.ImapMailSource._conn_id,594,2,1,1,1,0,0
mailpile.mail_source.imap.ImapMailSource._decode_path,815,2,0,2,0,0,0
mailpile.mail_source.imap.ImapMailSource._default_policy,806,2,2,0,2,0,0
mailpile.mail_source.imap.ImapMailSource._fmt_path,835,2,0,2,0,0,0
mailpile.mail_source.imap.ImapMailSource._has_mailbox_changed,777,2,2,0,2,0,0
mailpile.mail_source.imap.ImapMailSource._mailbox_name,830,3,3,0,3,0,0
mailpile.mail_source.imap.ImapMailSource._mailbox_path,821,3,0,3,0,0,0
mailpile.mail_source.imap.ImapMailSource._mailbox_path_split,825,3,3,0,3,0,0
mailpile.mail_source.imap.ImapMailSource._namespace_info,796,4,2,2,2,0,0
mailpile.mail_source.imap.ImapMailSource._walk_mailbox_path,859,8,6,2,6,1,1
mailpile.mail_source.imap.ImapMailSource.close,603,2,2,0,2,0,0
mailpile.mail_source.imap.ImapMailSource.discover_mailboxes,838,4,4,0,4,0,0
mailpile.mail_source.imap.ImapMailSource.open,613,12,11,1,11,0,0
mailpile.mail_source.imap.ImapMailSource.open_mailbox,768,3,2,1,2,0,0
mailpile.mail_source.imap.ImapMailSource.quit,888,3,1,2,1,1,1
mailpile.mail_source.imap.ImapMailSource.timed,581,3,1,2,1,0,0
mailpile.mail_source.imap.ImapMailSource.timed_imap,584,4,2,2,2,0,0
mailpile.mail_source.imap.SharedImapConn.__enter__,225,1,1,0,1,0,0
mailpile.mail_source.imap.SharedImapConn.__exit__,233,1,1,0,1,0,0
mailpile.mail_source.imap.SharedImapConn.__init__,139,3,2,1,2,0,0
mailpile.mail_source.imap.SharedImapConn._imap_idle,243,3,2,1,2,0,0
mailpile.mail_source.imap.SharedImapConn._mk_proxy,158,4,3,1,3,0,0
mailpile.mail_source.imap.SharedImapConn._start_idling,237,1,0,1,0,0,0
mailpile.mail_source.imap.SharedImapConn._stop_idling,240,1,0,1,0,0,0
mailpile.mail_source.imap.SharedImapConn._update_name,218,2,0,2,0,0,0
mailpile.mail_source.imap.SharedImapConn.close,187,2,1,1,1,1,1
mailpile.mail_source.imap.SharedImapConn.quit,269,2,1,1,1,0,0
mailpile.mail_source.imap.SharedImapConn.run,279,3,3,0,3,0,0
mailpile.mail_source.imap.SharedImapConn.select,194,8,3,5,3,1,1
mailpile.mail_source.imap.SharedImapMailbox.__contains__,466,1,1,0,1,0,0
mailpile.mail_source.imap.SharedImapMailbox.__init__,318,2,0,2,0,0,0
mailpile.mail_source.imap.SharedImapMailbox.__len__,473,2,2,0,2,0,0
mailpile.mail_source.imap.SharedImapMailbox.__nonzero__,337,2,2,0,2,0,0
mailpile.mail_source.imap.SharedImapMailbox._assert,333,5,0,5,0,0,0
mailpile.mail_source.imap.SharedImapMailbox.add,345,4,4,0,4,0,0
mailpile.mail_source.imap.SharedImapMailbox.get,381,9,5,4,5,0,0
mailpile.mail_source.imap.SharedImapMailbox.get_bytes,424,1,1,0,1,0,0
mailpile.mail_source.imap.SharedImapMailbox.get_file,428,2,1,1,1,0,0
mailpile.mail_source.imap.SharedImapMailbox.get_file_by_ptr,447,1,1,0,1,0,0
mailpile.mail_source.imap.SharedImapMailbox.get_info,362,8,4,4,4,0,0
mailpile.mail_source.imap.SharedImapMailbox.get_message,420,1,1,0,1,0,0
mailpile.mail_source.imap.SharedImapMailbox.get_metadata_keywords,453,2,2,0,2,0,0
mailpile.mail_source.imap.SharedImapMailbox.get_msg_ptr,444,1,0,1,0,0,0
mailpile.mail_source.imap.SharedImapMailbox.get_msg_size,450,2,1,1,1,0,0
mailpile.mail_source.imap.SharedImapMailbox.iterkeys,432,6,5,1,5,0,0
mailpile.mail_source.imap.SharedImapMailbox.mailbox_info,357,2,2,0,2,0,0
mailpile.mail_source.imap.SharedImapMailbox.open_imap,327,8,0,8,0,0,0
mailpile.mail_source.imap.SharedImapMailbox.remove,351,4,4,0,4,0,0
mailpile.mail_source.imap.SharedImapMailbox.timed_imap,330,8,1,7,1,1,1
mailpile.mail_source.imap.WithaBool.__init__,83,1,0,1,0,0,0
mailpile.mail_source.imap._MockImap.__getattr__,927,1,1,0,1,0,0
mailpile.mail_source.imap._MockImap.__init__,917,2,2,0,2,0,0
mailpile.mail_source.imap._parse_imap,89,3,2,1,2,0,0
mailpile.mail_source.imap_starttls.IMAP4.__capability__,25,3,2,1,2,0,0
mailpile.mail_source.imap_starttls.IMAP4.starttls,12,3,2,1,2,0,0
mailpile.mail_source.imap_utf7.StreamReader.decode,63,1,1,0,1,0,0
mailpile.mail_source.imap_utf7.StreamWriter.decode,67,1,1,0,1,0,0
mailpile.mail_source.imap_utf7.decoder,40,2,1,1,1,0,0
mailpile.mail_source.imap_utf7.doB64,14,2,1,1,1,0,0
mailpile.mail_source.imap_utf7.encoder,19,2,1,1,1,0,0
mailpile.mail_source.imap_utf7.modified_base64,10,1,0,1,0,0,0
mailpile.mail_source.imap_utf7.modified_unbase64,36,1,0,1,0,0,0
mailpile.mail_source.local.LocalMailSource.__init__,17,3,1,2,1,0,0
mailpile.mail_source.local.LocalMailSource._get_macmaildir_data,44,3,1,2,1,0,0
mailpile.mail_source.local.LocalMailSource._has_mailbox_changed,49,3,3,0,3,0,0
mailpile.mail_source.local.LocalMailSource._is_macmaildir,117,2,1,1,1,0,0
mailpile.mail_source.local.LocalMailSource._is_maildir,108,1,0,1,0,0,0
mailpile.mail_source.local.LocalMailSource._is_mbox,86,2,1,1,1,0,0
mailpile.mail_source.local.LocalMailSource.is_mailbox,124,4,4,0,4,0,0
mailpile.mail_source.local.LocalMailSource.open,28,3,3,0,3,0,0
mailpile.mail_source.pop3.Pop3MailSource.__init__,18,1,0,1,0,0,0
mailpile.mail_source.pop3.Pop3MailSource._fmt_path,68,1,0,1,0,0,0
mailpile.mail_source.pop3.Pop3MailSource._has_mailbox_changed,55,2,2,0,2,0,0
mailpile.mail_source.pop3.Pop3MailSource._sleep,32,1,1,0,1,0,0
mailpile.mail_source.pop3.Pop3MailSource.close,22,4,3,1,3,0,0
mailpile.mail_source.pop3.Pop3MailSource.discover_mailboxes,92,3,3,0,3,0,0
mailpile.mail_source.pop3.Pop3MailSource.open,36,3,3,0,3,0,0
mailpile.mail_source.pop3.Pop3MailSource.open_mailbox,71,5,3,2,3,0,0
mailpile.mailboxes.__init__.IsMailbox,36,2,0,2,0,0,0
mailpile.mailboxes.__init__.OpenMailbox,48,2,0,2,0,0,0
mailpile.mailboxes.__init__.UnorderedPicklable,59,4,4,0,4,0,0
mailpile.mailboxes.__init__.register,30,10,1,9,1,0,0
mailpile.mailboxes.gmvault.(global),0,1,1,0,1,0,0
mailpile.mailboxes.gmvault.MailpileMailbox._refresh,38,1,1,0,1,0,0
mailpile.mailboxes.gmvault.MailpileMailbox.get_file,29,1,1,0,1,0,0
mailpile.mailboxes.imap.(global),0,1,1,0,1,0,0
mailpile.mailboxes.imap.IMAPMailbox.__init__,21,1,1,0,1,0,0
mailpile.mailboxes.imap.IMAPMailbox.__len__,85,1,1,0,1,0,0
mailpile.mailboxes.imap.IMAPMailbox._get,49,2,0,2,0,0,0
mailpile.mailboxes.imap.IMAPMailbox.close,101,2,1,1,1,1,1
mailpile.mailboxes.imap.IMAPMailbox.get_file,64,1,1,0,1,0,0
mailpile.mailboxes.imap.IMAPMailbox.get_message,56,1,1,0,1,0,0
mailpile.mailboxes.imap.IMAPMailbox.iterkeys,72,1,0,1,0,0,0
mailpile.mailboxes.imap.MailpileMailbox.parse_path,114,1,1,0,1,0,0
mailpile.mailboxes.macmail.(global),0,1,1,0,1,0,0
mailpile.mailboxes.macmail.MacMaildir.__init__,33,1,1,0,1,0,0
mailpile.mailboxes.macmail.MacMaildir.__len__,100,1,1,0,1,0,0
mailpile.mailboxes.macmail.MacMaildir._lookup,121,4,1,3,1,0,0
mailpile.mailboxes.macmail.MacMaildir._refresh,104,5,1,4,1,0,0
mailpile.mailboxes.macmail.MacMaildir.discard,73,1,1,0,1,0,0
mailpile.mailboxes.macmail.MacMaildir.get_file,139,2,2,0,2,0,0
mailpile.mailboxes.macmail.MacMaildir.get_message,133,2,2,0,2,0,0
mailpile.mailboxes.macmail.MacMaildir.has_key,96,1,1,0,1,0,0
mailpile.mailboxes.macmail.MacMaildir.iterkeys,87,2,2,0,2,0,0
mailpile.mailboxes.macmail.MacMaildir.remove,67,1,0,1,0,0,0
mailpile.mailboxes.macmail.MacMaildirMessage.__init__,24,2,1,1,1,0,0
mailpile.mailboxes.macmail._MacMaildirPartialFile.__init__,16,2,1,1,1,0,0
mailpile.mailboxes.maildir.(global),0,1,1,0,1,0,0
mailpile.mailboxes.maildir.MailpileMailbox._refresh,25,2,2,0,2,0,0
mailpile.mailboxes.maildirwin.(global),0,1,1,0,1,0,0
mailpile.mailboxes.mbox.(global),0,1,1,0,1,0,0
mailpile.mailboxes.mbox.MailpileMailbox.__setstate__,48,2,2,0,2,0,0
mailpile.mailboxes.mbox.MailpileMailbox._get_fd,45,2,0,2,0,0,0
mailpile.mailboxes.mbox.MailpileMailbox.get_file_by_ptr,167,4,4,0,4,0,0
mailpile.mailboxes.mbox.MailpileMailbox.get_msg_cs,141,5,3,2,3,0,0
mailpile.mailboxes.mbox.MailpileMailbox.get_msg_cs1k,152,2,1,1,1,0,0
mailpile.mailboxes.mbox.MailpileMailbox.get_msg_cs80b,155,3,1,2,1,0,0
mailpile.mailboxes.mbox.MailpileMailbox.get_msg_ptr,158,3,3,0,3,0,0
mailpile.mailboxes.mbox.MailpileMailbox.get_msg_size,127,1,0,1,0,0,0
mailpile.mailboxes.mbox.MailpileMailbox.parse_path,17,2,2,0,2,0,0
mailpile.mailboxes.mbox.MailpileMailbox.save,117,3,2,1,2,0,0
mailpile.mailboxes.mbox.MailpileMailbox.update_toc,79,4,3,1,3,0,0
mailpile.mailboxes.pop3.(global),0,2,2,0,2,0,0
mailpile.mailboxes.pop3.MailpileMailbox.parse_path,185,2,1,1,1,0,0
mailpile.mailboxes.pop3.POP3Mailbox.__contains__,159,1,1,0,1,0,0
mailpile.mailboxes.pop3.POP3Mailbox.__init__,26,1,1,0,1,0,0
mailpile.mailboxes.pop3.POP3Mailbox.__len__,163,1,1,0,1,0,0
mailpile.mailboxes.pop3.POP3Mailbox._connect,43,5,0,5,0,0,0
mailpile.mailboxes.pop3.POP3Mailbox._get,82,6,3,3,3,0,0
mailpile.mailboxes.pop3.POP3Mailbox._refresh,73,1,1,0,1,0,0
mailpile.mailboxes.pop3.POP3Mailbox.close,171,1,0,1,0,0,0
mailpile.mailboxes.pop3.POP3Mailbox.flush,167,1,1,0,1,0,0
mailpile.mailboxes.pop3.POP3Mailbox.get_bytes,124,1,1,0,1,0,0
mailpile.mailboxes.pop3.POP3Mailbox.get_file,128,1,1,0,1,0,0
mailpile.mailboxes.pop3.POP3Mailbox.get_message,120,1,1,0,1,0,0
mailpile.mailboxes.pop3.POP3Mailbox.get_msg_size,132,3,3,0,3,0,0
mailpile.mailboxes.pop3.POP3Mailbox.iterkeys,145,6,1,5,1,0,0
mailpile.mailboxes.pop3.POP3Mailbox.stat,140,4,2,2,2,1,1
mailpile.mailboxes.pop3._MockPOP3.__getattr__,310,1,1,0,1,0,0
mailpile.mailboxes.pop3._MockPOP3.__init__,286,2,2,0,2,0,0
mailpile.mailboxes.pop3._MockPOP3.list,304,2,0,2,0,0,0
mailpile.mailboxes.wervd.(global),0,1,1,0,1,0,0
mailpile.mailboxes.wervd.MailpileMailbox.__init2__,31,1,0,1,0,0,0
mailpile.mailboxes.wervd.MailpileMailbox.__setitem__,145,1,1,0,1,0,0
mailpile.mailboxes.wervd.MailpileMailbox._dump_message,136,2,1,1,1,0,0
mailpile.mailboxes.wervd.MailpileMailbox._get_fd,49,3,1,2,1,0,0
mailpile.mailboxes.wervd.MailpileMailbox._refresh,41,2,2,0,2,0,0
mailpile.mailboxes.wervd.MailpileMailbox.add,96,9,9,0,9,0,0
mailpile.mailboxes.wervd.MailpileMailbox.get_file,71,1,1,0,1,0,0
mailpile.mailboxes.wervd.MailpileMailbox.get_message,57,1,1,0,1,0,0
mailpile.mailboxes.wervd.MailpileMailbox.get_string,66,3,1,2,1,0,0
mailpile.mailboxes.wervd.MailpileMailbox.parse_path,21,2,2,0,2,0,0
mailpile.mailboxes.wervd.MailpileMailbox.remove,34,1,1,0,1,0,0
mailpile.mailutils.AddressHeaderParser.__init__,1571,8,2,6,2,0,0
mailpile.mailutils.AddressHeaderParser._clean,1665,3,2,1,2,0,0
mailpile.mailutils.AddressHeaderParser._find_address,1702,3,2,1,2,0,0
mailpile.mailutils.AddressHeaderParser._find_addresses,1698,2,1,1,1,0,0
mailpile.mailutils.AddressHeaderParser._group,1676,4,3,1,3,0,0
mailpile.mailutils.AddressHeaderParser._parse,1592,5,4,1,4,0,0
mailpile.mailutils.AddressHeaderParser._reset,1583,2,0,2,0,0,0
mailpile.mailutils.AddressHeaderParser._tokenize,1656,1,0,1,0,0,0
mailpile.mailutils.AddressHeaderParser.escape,1644,1,0,1,0,0,0
mailpile.mailutils.AddressHeaderParser.normalized,1776,2,1,1,1,0,0
mailpile.mailutils.AddressHeaderParser.normalized_addresses,1754,3,1,2,1,0,0
mailpile.mailutils.AddressHeaderParser.parse,1589,2,1,1,1,0,0
mailpile.mailutils.AddressHeaderParser.quote,1648,2,1,1,1,0,0
mailpile.mailutils.AddressHeaderParser.unescape,1640,3,0,3,0,0,0
mailpile.mailutils.AddressHeaderParser.unquote,1622,1,0,1,0,0,0
mailpile.mailutils.CleanHeaders,197,5,3,2,3,0,0
mailpile.mailutils.CleanMessage,221,3,1,2,1,0,0
mailpile.mailutils.ClearParseCache,84,9,0,9,0,0,0
mailpile.mailutils.Email.Create,404,17,13,4,13,0,0
mailpile.mailutils.Email.__init__,359,22,1,21,1,0,0
mailpile.mailutils.Email._attachment_aid,532,6,1,5,1,0,0
mailpile.mailutils.Email._decode_gpg,1445,2,2,0,2,0,0
mailpile.mailutils.Email._extract_text_from_html,1031,3,2,1,2,0,0
mailpile.mailutils.Email._find_attachments,904,7,5,2,5,0,0
mailpile.mailutils.Email._get_parsed_msg,804,2,1,1,1,0,0
mailpile.mailutils.Email._make_attachment,615,4,2,2,2,0,0
mailpile.mailutils.Email._update_att_name,606,1,0,1,0,0,0
mailpile.mailutils.Email._update_crypto_state,812,6,4,2,4,0,0
mailpile.mailutils.Email.add_attachments,928,7,6,1,6,0,0
mailpile.mailutils.Email.clear_from_parse_cache,765,2,1,1,1,0,0
mailpile.mailutils.Email.decode_payload,1247,3,2,1,2,0,0
mailpile.mailutils.Email.decode_text,1228,4,2,2,2,0,0
mailpile.mailutils.Email.encoded_hdr,375,4,1,3,1,0,0
mailpile.mailutils.Email.evaluate_pgp,1373,11,7,4,7,0,0
mailpile.mailutils.Email.extract_attachment,961,10,8,2,8,0,0
mailpile.mailutils.Email.get,878,6,5,1,5,0,0
mailpile.mailutils.Email.get_editing_string,588,7,3,4,3,0,3
mailpile.mailutils.Email.get_editing_strings,545,11,6,5,6,0,3
mailpile.mailutils.Email.get_file,791,2,1,1,1,0,0
mailpile.mailutils.Email.get_headerprint,871,2,2,0,2,0,0
mailpile.mailutils.Email.get_mbox_ptr_and_fd,777,5,2,3,2,0,0
mailpile.mailutils.Email.get_message_tags,1018,1,1,0,1,0,0
mailpile.mailutils.Email.get_message_tree,1077,29,19,10,19,0,3
mailpile.mailutils.Email.get_msg,851,18,3,15,3,0,0
mailpile.mailutils.Email.get_msg_info,769,20,1,19,1,0,0
mailpile.mailutils.Email.get_msg_size,794,1,1,0,1,0,0
mailpile.mailutils.Email.get_msg_summary,889,4,3,1,3,0,0
mailpile.mailutils.Email.is_editable,505,10,3,7,3,0,0
mailpile.mailutils.Email.is_thread,874,1,1,0,1,0,0
mailpile.mailutils.Email.msg_mid,371,18,1,17,1,0,0
mailpile.mailutils.Email.parse_line_type,1299,2,1,1,1,0,0
mailpile.mailutils.Email.parse_text_part,1251,2,1,1,1,0,0
mailpile.mailutils.Email.remove_attachments,938,9,8,1,8,0,0
mailpile.mailutils.Email.reset_caches,748,4,1,3,1,0,0
mailpile.mailutils.Email.update_from_msg,723,13,10,3,10,0,0
mailpile.mailutils.Email.update_from_string,645,19,15,4,15,0,0
mailpile.mailutils.Email.update_parse_cache,757,1,0,1,0,0,0
mailpile.mailutils.ExtractEmailAndName,186,9,1,8,1,0,0
mailpile.mailutils.ExtractEmails,160,8,2,6,2,0,0
mailpile.mailutils.FormatMbxId,42,17,3,14,3,0,0
mailpile.mailutils.GetTextPayload,146,3,1,2,1,0,0
mailpile.mailutils.HeaderPrint,351,5,2,3,2,0,0
mailpile.mailutils.HeaderPrintHeaders,342,5,3,2,3,0,0
mailpile.mailutils.MakeContentID,73,3,0,3,0,0,0
mailpile.mailutils.ParseMessage,95,6,3,3,3,1,1
mailpile.mailutils.PrepareMessage,233,9,7,2,7,0,0
mailpile.packing.PackIntSet,8,1,0,1,0,0,0
mailpile.packing.PackLongList,22,1,0,1,0,0,0
mailpile.packing.StorageBackedData.__and__,89,1,1,0,1,0,0
mailpile.packing.StorageBackedData.__cmp__,90,1,1,0,1,0,0
mailpile.packing.StorageBackedData.__contains__,91,1,1,0,1,0,0
mailpile.packing.StorageBackedData.__delitem__,134,1,1,0,1,0,0
mailpile.packing.StorageBackedData.__delslice__,135,1,1,0,1,0,0
mailpile.packing.StorageBackedData.__eq__,92,1,1,0,1,0,0
mailpile.packing.StorageBackedData.__ge__,93,1,1,0,1,0,0
mailpile.packing.StorageBackedData.__getitem__,94,1,1,0,1,0,0
mailpile.packing.StorageBackedData.__getslice__,95,1,1,0,1,0,0
mailpile.packing.StorageBackedData.__gt__,96,1,1,0,1,0,0
mailpile.packing.StorageBackedData.__iadd__,127,1,1,0,1,0,0
mailpile.packing.StorageBackedData.__iand__,128,1,1,0,1,0,0
mailpile.packing.StorageBackedData.__imul__,129,1,1,0,1,0,0
mailpile.packing.StorageBackedData.__ior__,130,1,1,0,1,0,0
mailpile.packing.StorageBackedData.__isub__,131,1,1,0,1,0,0
mailpile.packing.StorageBackedData.__iter__,97,1,1,0,1,0,0
mailpile.packing.StorageBackedData.__ixor__,132,1,1,0,1,0,0
mailpile.packing.StorageBackedData.__le__,98,1,1,0,1,0,0
mailpile.packing.StorageBackedData.__len__,99,1,1,0,1,0,0
mailpile.packing.StorageBackedData.__lt__,100,1,1,0,1,0,0
mailpile.packing.StorageBackedData.__mul__,101,1,1,0,1,0,0
mailpile.packing.StorageBackedData.__ne__,102,1,1,0,1,0,0
mailpile.packing.StorageBackedData.__or__,103,1,1,0,1,0,0
mailpile.packing.StorageBackedData.__rand__,104,1,1,0,1,0,0
mailpile.packing.StorageBackedData.__reduce__,105,1,1,0,1,0,0
mailpile.packing.StorageBackedData.__repr__,106,1,1,0,1,0,0
mailpile.packing.StorageBackedData.__reversed__,107,1,1,0,1,0,0
mailpile.packing.StorageBackedData.__rmul__,108,1,1,0,1,0,0
mailpile.packing.StorageBackedData.__rsub__,109,1,1,0,1,0,0
mailpile.packing.StorageBackedData.__rxor__,110,1,1,0,1,0,0
mailpile.packing.StorageBackedData.__setitem__,136,1,1,0,1,0,0
mailpile.packing.StorageBackedData.__setslice__,137,1,1,0,1,0,0
mailpile.packing.StorageBackedData.__sizeof__,111,1,1,0,1,0,0
mailpile.packing.StorageBackedData.__sub__,112,1,1,0,1,0,0
mailpile.packing.StorageBackedData.__xor__,113,1,1,0,1,0,0
mailpile.packing.StorageBackedData._dirty_maybe_save,69,3,1,2,1,0,0
mailpile.packing.StorageBackedData._iw,84,7,1,6,1,0,0
mailpile.packing.StorageBackedData._pack,55,1,0,1,0,0,0
mailpile.packing.StorageBackedData._r,76,35,0,35,0,0,0
mailpile.packing.StorageBackedData._unpack,56,1,0,1,0,0,0
mailpile.packing.StorageBackedData._w,79,19,1,18,1,0,0
mailpile.packing.StorageBackedData.add,138,1,1,0,1,0,0
mailpile.packing.StorageBackedData.append,139,1,1,0,1,0,0
mailpile.packing.StorageBackedData.clear,140,2,1,1,1,0,0
mailpile.packing.StorageBackedData.copy,114,1,1,0,1,0,0
mailpile.packing.StorageBackedData.count,115,1,1,0,1,0,0
mailpile.packing.StorageBackedData.difference,116,1,1,0,1,0,0
mailpile.packing.StorageBackedData.difference_update,150,1,1,0,1,0,0
mailpile.packing.StorageBackedData.discard,141,1,1,0,1,0,0
mailpile.packing.StorageBackedData.extend,142,55,1,54,1,0,0
mailpile.packing.StorageBackedData.index,117,9,1,8,1,0,0
mailpile.packing.StorageBackedData.insert,143,5,1,4,1,0,0
mailpile.packing.StorageBackedData.intersection,118,1,1,0,1,0,0
mailpile.packing.StorageBackedData.intersection_update,152,1,1,0,1,0,0
mailpile.packing.StorageBackedData.isdisjoint,119,1,1,0,1,0,0
mailpile.packing.StorageBackedData.issubset,120,1,1,0,1,0,0
mailpile.packing.StorageBackedData.issuperset,121,1,1,0,1,0,0
mailpile.packing.StorageBackedData.load,58,1,1,0,1,0,0
mailpile.packing.StorageBackedData.pop,144,48,1,47,1,0,0
mailpile.packing.StorageBackedData.remove,145,1,1,0,1,0,0
mailpile.packing.StorageBackedData.reverse,146,5,1,4,1,0,0
mailpile.packing.StorageBackedData.save,64,2,1,1,1,0,0
mailpile.packing.StorageBackedData.sort,147,43,1,42,1,0,0
mailpile.packing.StorageBackedData.symmetric_difference,124,1,1,0,1,0,0
mailpile.packing.StorageBackedData.symmetric_difference_update,154,1,1,0,1,0,0
mailpile.packing.StorageBackedData.union,122,2,1,1,1,0,0
mailpile.packing.StorageBackedData.update,148,1,1,0,1,0,0
mailpile.packing.StorageBackedLongs._pack,164,1,1,0,1,0,0
mailpile.packing.StorageBackedLongs._unpack,165,1,1,0,1,0,0
mailpile.packing.StorageBackedSet._pack,159,1,1,0,1,0,0
mailpile.packing.StorageBackedSet._unpack,160,1,1,0,1,0,0
mailpile.packing.UnpackIntSet,15,1,0,1,0,0,0
mailpile.packing.UnpackLongList,30,1,0,1,0,0,0
mailpile.plugins.__init__.(global),0,1,1,0,1,0,0
mailpile.plugins.__init__.PluginManager.__init__,78,34,1,33,1,0,0
mailpile.plugins.__init__.PluginManager._compat_check,457,20,0,20,0,0,0
mailpile.plugins.__init__.PluginManager._get_class,270,2,0,2,0,0,0
mailpile.plugins.__init__.PluginManager._get_method,263,2,0,2,0,0,0
mailpile.plugins.__init__.PluginManager._import,144,1,0,1,0,0,0
mailpile.plugins.__init__.PluginManager._listdir,96,2,1,1,1,0,0
mailpile.plugins.__init__.PluginManager._load,162,6,5,1,5,0,0
mailpile.plugins.__init__.PluginManager._mf_iteritems,260,4,2,2,2,0,0
mailpile.plugins.__init__.PluginManager._mf_path,255,5,0,5,0,0,0
mailpile.plugins.__init__.PluginManager._process_manifest_pass_one,276,7,6,1,6,0,0
mailpile.plugins.__init__.PluginManager._process_manifest_pass_two,318,15,14,1,14,0,0
mailpile.plugins.__init__.PluginManager._process_startup_hooks,446,3,2,1,2,0,0
mailpile.plugins.__init__.PluginManager._reg_vcard_plugin,636,4,1,3,1,0,0
mailpile.plugins.__init__.PluginManager._rhtf,471,7,0,7,0,0,0
mailpile.plugins.__init__.PluginManager._txf_in,515,3,1,2,1,0,0
mailpile.plugins.__init__.PluginManager._txf_out,526,3,1,2,1,0,0
mailpile.plugins.__init__.PluginManager._uncomment,102,2,1,1,1,0,0
mailpile.plugins.__init__.PluginManager.available,138,5,1,4,1,0,0
mailpile.plugins.__init__.PluginManager.discover,106,6,3,3,3,0,0
mailpile.plugins.__init__.PluginManager.get_css_files,736,1,0,1,0,0,0
mailpile.plugins.__init__.PluginManager.get_data_kw_extractors,580,3,2,1,2,0,0
mailpile.plugins.__init__.PluginManager.get_filter_hooks,613,3,2,1,2,0,0
mailpile.plugins.__init__.PluginManager.get_js_classes,733,1,0,1,0,0,0
mailpile.plugins.__init__.PluginManager.get_meta_kw_extractors,588,3,2,1,2,0,0
mailpile.plugins.__init__.PluginManager.get_search_term,597,2,1,1,1,0,0
mailpile.plugins.__init__.PluginManager.get_text_kw_extractors,584,3,2,1,2,0,0
mailpile.plugins.__init__.PluginManager.get_ui_elements,777,1,0,1,0,0,0
mailpile.plugins.__init__.PluginManager.get_web_asset,739,1,0,1,0,0,0
mailpile.plugins.__init__.PluginManager.incoming_email_content_transform,540,1,1,0,1,0,0
mailpile.plugins.__init__.PluginManager.incoming_email_crypto_transform,537,1,1,0,1,0,0
mailpile.plugins.__init__.PluginManager.load,218,1,1,0,1,0,0
mailpile.plugins.__init__.PluginManager.loadable,141,3,1,2,1,0,0
mailpile.plugins.__init__.PluginManager.outgoing_email_content_transform,543,2,1,1,1,0,0
mailpile.plugins.__init__.PluginManager.outgoing_email_crypto_transform,546,2,1,1,1,0,0
mailpile.plugins.__init__.PluginManager.process_manifests,240,1,0,1,0,0,0
mailpile.plugins.__init__.PluginManager.process_shutdown_hooks,225,4,3,1,3,0,0
mailpile.plugins.__init__.PluginManager.register_commands,708,23,1,22,1,0,0
mailpile.plugins.__init__.PluginManager.register_config_section,493,7,2,5,2,0,0
mailpile.plugins.__init__.PluginManager.register_config_variables,479,7,3,4,3,0,0
mailpile.plugins.__init__.PluginManager.register_contact_context_providers,671,2,2,0,2,0,0
mailpile.plugins.__init__.PluginManager.register_contact_exporters,665,2,2,0,2,0,0
mailpile.plugins.__init__.PluginManager.register_css,725,1,0,1,0,0,0
mailpile.plugins.__init__.PluginManager.register_data_kw_extractor,568,3,2,1,2,0,0
mailpile.plugins.__init__.PluginManager.register_fast_periodic_job,683,1,1,0,1,0,0
mailpile.plugins.__init__.PluginManager.register_filter_hook_post,625,1,1,0,1,0,0
mailpile.plugins.__init__.PluginManager.register_filter_hook_pre,621,2,1,1,1,0,0
mailpile.plugins.__init__.PluginManager.register_incoming_email_content_transform,552,1,1,0,1,0,0
mailpile.plugins.__init__.PluginManager.register_incoming_email_crypto_transform,549,1,1,0,1,0,0
mailpile.plugins.__init__.PluginManager.register_js,722,1,0,1,0,0,0
mailpile.plugins.__init__.PluginManager.register_meta_kw_extractor,576,5,2,3,2,0,0
mailpile.plugins.__init__.PluginManager.register_outgoing_email_content_transform,555,2,1,1,1,0,0
mailpile.plugins.__init__.PluginManager.register_outgoing_email_crypto_transform,558,2,1,1,1,0,0
mailpile.plugins.__init__.PluginManager.register_search_term,601,6,1,5,1,0,0
mailpile.plugins.__init__.PluginManager.register_slow_periodic_job,688,3,1,2,1,0,0
mailpile.plugins.__init__.PluginManager.register_text_kw_extractor,572,3,2,1,2,0,0
mailpile.plugins.__init__.PluginManager.register_ui_element,753,2,1,1,1,0,0
mailpile.plugins.__init__.PluginManager.register_vcard_importers,659,5,2,3,2,0,0
mailpile.plugins.__init__.PluginManager.register_web_asset,728,2,1,1,1,0,0
mailpile.plugins.__init__.PluginManager.register_worker,698,2,1,1,1,0,0
mailpile.plugins.autotag.(global),0,7,7,0,7,0,0
mailpile.plugins.autotag.AutoTag.command,334,6,6,0,6,0,0
mailpile.plugins.autotag.AutoTagCommand._get_keywords,131,7,5,2,5,0,0
mailpile.plugins.autotag.AutoTagger.__init__,49,1,0,1,0,0,0
mailpile.plugins.autotag.AutoTagger.learn,59,2,1,1,1,1,1
mailpile.plugins.autotag.AutoTagger.reset,54,2,1,1,1,1,1
mailpile.plugins.autotag.AutoTagger.should_tag,63,2,1,1,1,1,1
mailpile.plugins.autotag.Classify._classify,298,8,6,2,6,0,0
mailpile.plugins.autotag.Classify.command,323,5,5,0,5,0,0
mailpile.plugins.autotag.LoadAutoTagger,74,4,4,0,4,0,0
mailpile.plugins.autotag.Retrain._retrain,154,13,11,2,11,0,0
mailpile.plugins.autotag.Retrain.command,151,1,1,0,1,0,0
mailpile.plugins.autotag.Retrain.interval_retrain,272,1,1,0,1,0,0
mailpile.plugins.autotag.SaveAutoTagger,67,3,2,1,2,0,0
mailpile.plugins.autotag.at_identify,42,3,1,2,1,0,0
mailpile.plugins.autotag.filter_hook,369,1,1,0,1,0,0
mailpile.plugins.autotag_sb.SpamBayesTagger.should_tag,21,1,1,0,1,0,0
mailpile.plugins.autotag_sb.SpamBayesTrainer.learn,34,1,1,0,1,0,0
mailpile.plugins.autotag_sb._classifier,14,2,0,2,0,0,0
mailpile.plugins.compose.(global),0,5,5,0,5,0,0
mailpile.plugins.compose.AddComposeMethods,46,13,13,0,13,0,0
mailpile.plugins.compose.Attach.command,674,10,10,0,10,0,0
mailpile.plugins.compose.Compose.CreateMessage,335,5,3,2,3,0,0
mailpile.plugins.compose.Compose._get_canned,326,5,2,3,2,0,0
mailpile.plugins.compose.Compose.command,349,7,7,0,7,0,0
mailpile.plugins.compose.CompositionCommand._edit_messages,268,6,2,4,2,0,0
mailpile.plugins.compose.CompositionCommand._get_email_updates,173,11,9,2,9,0,0
mailpile.plugins.compose.CompositionCommand._new_msgid,167,3,0,3,0,0,0
mailpile.plugins.compose.CompositionCommand._real_edit_messages,274,6,5,1,5,0,0
mailpile.plugins.compose.CompositionCommand._return_search_results,248,8,2,6,2,0,0
mailpile.plugins.compose.Draft._side_effects,300,4,4,0,4,0,0
mailpile.plugins.compose.EditableSearchResults.__init__,35,3,2,1,2,0,0
mailpile.plugins.compose.EmptyOutbox.command,1031,7,7,0,7,0,0
mailpile.plugins.compose.Forward.CreateForward,573,9,7,2,7,0,0
mailpile.plugins.compose.Forward.command,620,9,9,0,9,0,0
mailpile.plugins.compose.Reply.CreateReply,463,12,10,2,10,0,0
mailpile.plugins.compose.Reply._add_gpg_key,394,2,2,0,2,0,0
mailpile.plugins.compose.Reply._create_from_to_cc,405,7,6,1,6,0,0
mailpile.plugins.compose.Reply.command,520,9,9,0,9,0,0
mailpile.plugins.compose.Sendit.command,816,20,19,1,19,0,0
mailpile.plugins.compose.UnAttach.command,749,11,11,0,11,0,0
mailpile.plugins.compose.UnThread.command,1003,6,6,0,6,0,0
mailpile.plugins.compose.Update.command,945,7,6,1,6,0,0
mailpile.plugins.compose.UpdateAndSendit.command,993,1,1,0,1,0,0
mailpile.plugins.contacts.(global),0,2,2,0,2,0,0
mailpile.plugins.contacts.AddProfile._after_vcard_create,1136,1,1,0,1,0,0
mailpile.plugins.contacts.AddProfile._before_vcard_create,1092,1,0,1,0,0,0
mailpile.plugins.contacts.AddProfile._form_defaults,1069,4,3,1,3,0,0
mailpile.plugins.contacts.AddProfile._update_vcard_from_post,1106,3,1,2,1,0,0
mailpile.plugins.contacts.AddVCard._add_from_messages,174,7,6,1,6,0,0
mailpile.plugins.contacts.AddVCard._after_vcard_create,197,1,0,1,0,0,0
mailpile.plugins.contacts.AddVCard._before_vcard_create,194,1,0,1,0,0,0
mailpile.plugins.contacts.AddVCard._form_defaults,200,2,0,2,0,0,0
mailpile.plugins.contacts.AddVCard._sanity_check,191,1,0,1,0,0,0
mailpile.plugins.contacts.AddVCard.command,203,19,19,0,19,0,0
mailpile.plugins.contacts.AddressSearch._boost_rank,640,4,2,2,2,0,0
mailpile.plugins.contacts.AddressSearch._index_addresses,670,8,7,1,7,0,0
mailpile.plugins.contacts.AddressSearch._vcard_addresses,651,6,5,1,5,0,0
mailpile.plugins.contacts.AddressSearch.command,739,7,7,0,7,0,0
mailpile.plugins.contacts.ChooseFromAddress.command,1246,9,9,0,9,0,0
mailpile.plugins.contacts.Contact.command,514,3,3,0,3,0,0
mailpile.plugins.contacts.ContactImport.command,573,6,6,0,6,0,0
mailpile.plugins.contacts.ContactImporters.command,615,1,1,0,1,0,0
mailpile.plugins.contacts.EditProfile._vcard_to_post_vars,1147,2,1,1,1,0,0
mailpile.plugins.contacts.EditProfile.command,1205,7,7,0,7,0,0
mailpile.plugins.contacts.ListVCards.command,444,4,4,0,4,0,0
mailpile.plugins.contacts.ProfileVCard,773,18,18,0,18,0,0
mailpile.plugins.contacts.RemoveVCard.command,296,5,5,0,5,0,0
mailpile.plugins.contacts.VCard.command,141,4,3,1,3,0,0
mailpile.plugins.contacts.VCardAddLines.command,336,9,9,0,9,0,0
mailpile.plugins.contacts.VCardCommand._make_new_vcard,82,3,2,1,2,0,0
mailpile.plugins.contacts.VCardCommand._pre_delete_vcard,98,1,0,1,0,0,0
mailpile.plugins.contacts.VCardCommand._valid_vcard_handle,95,1,0,1,0,0,0
mailpile.plugins.contacts.VCardCommand._vcard_list,101,8,3,5,3,0,0
mailpile.plugins.contacts.VCardRemoveLines.command,403,6,6,0,6,0,0
mailpile.plugins.crypto_gnupg.(global),0,4,4,0,4,0,0
mailpile.plugins.crypto_gnupg.ContentTxf.TransformOutgoing,31,13,13,0,13,0,0
mailpile.plugins.crypto_gnupg.GPGCheckKeys._fix_disable_key,459,2,1,1,1,0,0
mailpile.plugins.crypto_gnupg.GPGCheckKeys._fix_gen_key,433,2,1,1,1,0,0
mailpile.plugins.crypto_gnupg.GPGCheckKeys._fix_mp_config,440,2,1,1,1,0,0
mailpile.plugins.crypto_gnupg.GPGCheckKeys._fix_revoke_key,449,2,1,1,1,0,0
mailpile.plugins.crypto_gnupg.GPGCheckKeys.command,466,9,9,0,9,0,0
mailpile.plugins.crypto_gnupg.GPGKeyImport.command,204,6,6,0,6,0,0
mailpile.plugins.crypto_gnupg.GPGKeyImportFromMail.command,286,8,8,0,8,0,0
mailpile.plugins.crypto_gnupg.GPGKeyList.command,322,4,4,0,4,0,0
mailpile.plugins.crypto_gnupg.GPGKeyListSecret.command,343,2,2,0,2,0,0
mailpile.plugins.crypto_gnupg.GPGKeyReceive.command,177,3,3,0,3,0,0
mailpile.plugins.crypto_gnupg.GPGKeySearch.command,161,3,3,0,3,0,0
mailpile.plugins.crypto_gnupg.GPGKeySign.command,243,5,5,0,5,0,0
mailpile.plugins.crypto_gnupg.GPGUsageStatistics.command,370,1,1,0,1,0,0
mailpile.plugins.crypto_policy.(global),0,2,2,0,2,0,0
mailpile.plugins.crypto_policy.CryptoPolicy.ShouldAttachKey,75,2,0,2,0,0,0
mailpile.plugins.crypto_policy.CryptoPolicy._encryption_ratio,110,2,1,1,1,0,0
mailpile.plugins.crypto_policy.CryptoPolicy._vcard_policy,101,1,0,1,0,0,0
mailpile.plugins.crypto_policy.CryptoPolicy.command,222,2,2,0,2,0,0
mailpile.plugins.crypto_policy.CryptoPolicy.crypto_policy,126,13,6,7,6,0,0
mailpile.plugins.crypto_policy.UpdateCryptoPolicyForUser._parse_args,53,2,1,1,1,0,0
mailpile.plugins.crypto_policy.UpdateCryptoPolicyForUser.command,36,2,2,0,2,0,0
mailpile.plugins.cryptostate.(global),0,4,4,0,4,0,0
mailpile.plugins.cryptostate.meta_kw_extractor,20,1,1,0,1,0,0
mailpile.plugins.dates.(global),0,3,3,0,3,0,0
mailpile.plugins.dates._adjust,30,1,0,1,0,0,0
mailpile.plugins.dates._mk_date,39,1,0,1,0,0,0
mailpile.plugins.dates.search,50,4,4,0,4,0,0
mailpile.plugins.eventlog.(global),0,2,2,0,2,0,0
mailpile.plugins.eventlog.Cancel.command,135,4,4,0,4,0,0
mailpile.plugins.eventlog.Events.command,45,8,8,0,8,0,0
mailpile.plugins.eventlog.Undo.command,165,4,4,0,4,0,0
mailpile.plugins.eventlog.Watch.command,193,5,5,0,5,0,0
mailpile.plugins.exporters.(global),0,3,3,0,3,0,0
mailpile.plugins.exporters.ExportMail.command,50,15,15,0,15,0,0
mailpile.plugins.exporters.ExportMail.create_mailbox,42,1,0,1,0,0,0
mailpile.plugins.exporters.ExportMail.export_path,36,1,0,1,0,0,0
mailpile.plugins.groups.(global),0,3,3,0,3,0,0
mailpile.plugins.groups.search,14,3,3,0,3,0,0
mailpile.plugins.html_magic.(global),0,2,2,0,2,0,0
mailpile.plugins.html_magic.JsApi.command,56,7,7,0,7,0,0
mailpile.plugins.keylookup.__init__.(global),0,3,3,0,3,0,0
mailpile.plugins.keylookup.__init__.KeyImport.command,229,4,4,0,4,0,0
mailpile.plugins.keylookup.__init__.KeyLookup.command,199,4,4,0,4,0,0
mailpile.plugins.keylookup.__init__.KeychainLookupHandler._lookup,331,2,2,0,2,0,0
mailpile.plugins.keylookup.__init__.KeychainLookupHandler._score,325,1,1,0,1,0,0
mailpile.plugins.keylookup.__init__.KeyserverLookupHandler._getkey,372,2,2,0,2,0,0
mailpile.plugins.keylookup.__init__.KeyserverLookupHandler._lookup,362,4,4,0,4,0,0
mailpile.plugins.keylookup.__init__.KeyserverLookupHandler._score,359,1,1,0,1,0,0
mailpile.plugins.keylookup.__init__.LookupHandler._getkey,279,1,0,1,0,0,0
mailpile.plugins.keylookup.__init__.LookupHandler._gk_succeeded,282,1,0,1,0,0,0
mailpile.plugins.keylookup.__init__.LookupHandler._gnupg,273,5,1,4,1,0,0
mailpile.plugins.keylookup.__init__.LookupHandler._lookup,286,1,0,1,0,0,0
mailpile.plugins.keylookup.__init__.LookupHandler._score,276,1,0,1,0,0,0
mailpile.plugins.keylookup.__init__.LookupHandler.lookup,289,9,6,3,6,0,0
mailpile.plugins.keylookup.__init__._normalize_key,86,2,1,1,1,0,0
mailpile.plugins.keylookup.__init__._score_validity,26,3,1,2,1,0,0
mailpile.plugins.keylookup.__init__._update_scores,41,5,4,1,4,0,0
mailpile.plugins.keylookup.__init__.lookup_crypto_keys,104,13,10,3,10,0,0
mailpile.plugins.keylookup.__init__.register_crypto_key_lookup_handler,20,4,1,3,1,0,0
mailpile.plugins.keylookup.dnspka.(global),0,1,1,0,1,0,0
mailpile.plugins.keylookup.dnspka.DNSPKALookupHandler.__init__,25,1,0,1,0,0,0
mailpile.plugins.keylookup.dnspka.DNSPKALookupHandler._getkey,73,5,5,0,5,0,0
mailpile.plugins.keylookup.dnspka.DNSPKALookupHandler._keyinfo,54,1,0,1,0,0,0
mailpile.plugins.keylookup.dnspka.DNSPKALookupHandler._lookup,35,1,1,0,1,0,0
mailpile.plugins.keylookup.email_keylookup.(global),0,3,3,0,3,0,0
mailpile.plugins.keylookup.email_keylookup.EmailKeyLookupHandler.__init__,83,3,2,1,2,0,0
mailpile.plugins.keylookup.email_keylookup.EmailKeyLookupHandler._get_keys,118,5,4,1,4,0,0
mailpile.plugins.keylookup.email_keylookup.EmailKeyLookupHandler._getkey,111,2,2,0,2,0,0
mailpile.plugins.keylookup.email_keylookup.EmailKeyLookupHandler._lookup,94,3,3,0,3,0,0
mailpile.plugins.keylookup.email_keylookup._PRUNE_GLOBAL_KEY_CACHE,22,2,1,1,1,0,0
mailpile.plugins.keylookup.email_keylookup._get_creation_time,28,1,0,1,0,0,0
mailpile.plugins.keylookup.email_keylookup._get_keydata,39,3,1,2,1,0,0
mailpile.plugins.keylookup.email_keylookup.has_pgpkey_data_kw_extractor,136,1,1,0,1,0,0
mailpile.plugins.keylookup.nicknym.(global),0,4,4,0,4,0,0
mailpile.plugins.keylookup.nicknym.Nicknym.__init__,28,3,0,3,0,0,0
mailpile.plugins.keylookup.nicknym.Nicknym._audit_key,120,2,2,0,2,0,0
mailpile.plugins.keylookup.nicknym.Nicknym._discover_server,109,2,1,1,1,0,0
mailpile.plugins.keylookup.nicknym.Nicknym._get_managed_keys,148,2,1,1,1,0,0
mailpile.plugins.keylookup.nicknym.Nicknym._import_key,75,5,3,2,3,0,0
mailpile.plugins.keylookup.nicknym.Nicknym._managed_keys_add,131,3,2,1,2,0,0
mailpile.plugins.keylookup.nicknym.Nicknym._managed_keys_remove,140,2,2,0,2,0,0
mailpile.plugins.keylookup.nicknym.Nicknym._nickserver_get_key,65,5,2,3,2,0,0
mailpile.plugins.keylookup.nicknym.Nicknym._parse_result,59,1,0,1,0,0,0
mailpile.plugins.keylookup.nicknym.Nicknym._verify_result,101,3,0,3,0,0,0
mailpile.plugins.keylookup.nicknym.Nicknym.get_key,31,5,3,2,3,0,0
mailpile.plugins.keylookup.nicknym.Nicknym.refresh_keys,40,5,4,1,4,0,0
mailpile.plugins.keylookup.nicknym.NicknymGetKey.command,167,2,2,0,2,0,0
mailpile.plugins.keylookup.nicknym.NicknymRefreshKeys.command,191,2,2,0,2,0,0
mailpile.plugins.migrate.(global),0,2,2,0,2,0,0
mailpile.plugins.migrate.Migrate.command,209,5,5,0,5,0,0
mailpile.plugins.migrate.migrate_cleanup,154,3,3,0,3,0,0
mailpile.plugins.migrate.migrate_mailboxes,61,8,8,0,8,0,0
mailpile.plugins.migrate.migrate_routes,19,4,4,0,4,0,0
mailpile.plugins.plugins.(global),0,2,2,0,2,0,0
mailpile.plugins.plugins.DisablePlugin.command,72,1,1,0,1,0,0
mailpile.plugins.plugins.LoadPlugin.command,42,2,2,0,2,0,0
mailpile.plugins.plugins.Plugins.command,19,2,2,0,2,0,0
mailpile.plugins.search.(global),0,3,3,0,3,0,0
mailpile.plugins.search.Extract.command,399,10,10,0,10,0,0
mailpile.plugins.search.Next.command,226,3,3,0,3,0,0
mailpile.plugins.search.Order.command,264,4,4,0,4,0,0
mailpile.plugins.search.Previous.command,245,3,3,0,3,0,0
mailpile.plugins.search.Search._do_search,152,11,7,4,7,0,0
mailpile.plugins.search.Search._starting,84,6,6,0,6,0,0
mailpile.plugins.search.Search.command,204,6,6,0,6,0,0
mailpile.plugins.search.Search.state_as_query_args,78,1,1,0,1,0,0
mailpile.plugins.search.View._side_effects,298,6,5,1,5,0,0
mailpile.plugins.search.View.command,314,13,13,0,13,0,0
mailpile.plugins.search.View.state_as_query_args,311,1,1,0,1,0,0
mailpile.plugins.search.mailbox_search,448,7,7,0,7,0,0
mailpile.plugins.setup_magic.(global),0,2,2,0,2,0,0
mailpile.plugins.setup_magic.Setup.Next,1179,3,1,2,1,0,0
mailpile.plugins.setup_magic.Setup._CHECKPOINTS,1162,2,0,2,0,0,0
mailpile.plugins.setup_magic.Setup._check_profiles,1141,3,3,0,3,0,0
mailpile.plugins.setup_magic.Setup.cli_setup_command,1193,11,10,1,10,0,0
mailpile.plugins.setup_magic.Setup.setup_command,1235,3,3,0,3,0,0
mailpile.plugins.setup_magic.SetupConfigureKey._result,1044,2,1,1,1,0,0
mailpile.plugins.setup_magic.SetupConfigureKey.setup_command,1052,2,2,0,2,0,0
mailpile.plugins.setup_magic.SetupCrypto.gpg_key_ready,723,4,3,1,3,0,0
mailpile.plugins.setup_magic.SetupCrypto.list_secret_keys,702,3,1,2,1,0,0
mailpile.plugins.setup_magic.SetupCrypto.save_profiles_to_key,730,4,2,2,2,0,0
mailpile.plugins.setup_magic.SetupCrypto.setup_command,775,14,14,0,14,0,0
mailpile.plugins.setup_magic.SetupGetEmailSettings._get_email_settings,546,4,4,0,4,0,0
mailpile.plugins.setup_magic.SetupGetEmailSettings._get_ispdb,480,8,7,1,7,0,0
mailpile.plugins.setup_magic.SetupGetEmailSettings._get_mx1,534,1,0,1,0,0,0
mailpile.plugins.setup_magic.SetupGetEmailSettings._guess_settings,539,3,2,1,2,0,0
mailpile.plugins.setup_magic.SetupGetEmailSettings._progress,425,4,2,2,2,0,0
mailpile.plugins.setup_magic.SetupGetEmailSettings._route_proto,458,2,1,1,1,0,0
mailpile.plugins.setup_magic.SetupGetEmailSettings._source_proto,447,2,1,1,1,0,0
mailpile.plugins.setup_magic.SetupGetEmailSettings._urlget,433,4,3,1,3,0,0
mailpile.plugins.setup_magic.SetupGetEmailSettings._username,442,1,0,1,0,0,0
mailpile.plugins.setup_magic.SetupGetEmailSettings.setup_command,574,3,3,0,3,0,0
mailpile.plugins.setup_magic.SetupMagic.basic_app_config,186,7,5,2,5,0,0
mailpile.plugins.setup_magic.SetupMagic.command,336,1,1,0,1,0,0
mailpile.plugins.setup_magic.SetupMagic.make_master_key,297,7,3,4,3,0,0
mailpile.plugins.setup_magic.SetupMagic.setup_command,294,1,0,1,0,0,0
mailpile.plugins.setup_magic.SetupPassword.setup_command,652,8,8,0,8,0,0
mailpile.plugins.setup_magic.SetupProfiles._auto_configurable,922,2,1,1,1,0,0
mailpile.plugins.setup_magic.SetupProfiles._result,983,3,2,1,2,0,0
mailpile.plugins.setup_magic.SetupProfiles.auto_create_profiles,973,3,3,0,3,0,0
mailpile.plugins.setup_magic.SetupProfiles.discover_new_email_addresses,950,5,3,2,3,0,0
mailpile.plugins.setup_magic.SetupProfiles.get_profiles,926,5,2,3,2,0,0
mailpile.plugins.setup_magic.SetupProfiles.setup_command,992,8,8,0,8,0,0
mailpile.plugins.setup_magic.SetupTestRoute.setup_command,1070,3,3,0,3,0,0
mailpile.plugins.setup_magic.SetupWelcome.bg_setup_stage_1,600,3,2,1,2,0,0
mailpile.plugins.setup_magic.SetupWelcome.configure_language,610,7,5,2,5,0,0
mailpile.plugins.setup_magic.SetupWelcome.setup_command,622,8,8,0,8,0,0
mailpile.plugins.setup_magic.TestableWebbable._advance,355,5,4,1,4,0,0
mailpile.plugins.setup_magic.TestableWebbable._success,373,7,3,4,3,0,0
mailpile.plugins.setup_magic.TestableWebbable._testing,379,6,1,5,1,0,0
mailpile.plugins.setup_magic.TestableWebbable._testing_data,393,2,1,1,1,0,0
mailpile.plugins.setup_magic.TestableWebbable._testing_yes,383,4,1,3,1,0,0
mailpile.plugins.sizes.(global),0,3,3,0,3,0,0
mailpile.plugins.sizes._mk_logsize,40,2,1,1,1,0,0
mailpile.plugins.sizes.search,59,3,3,0,3,0,0
mailpile.plugins.smtp_server.(global),0,5,5,0,5,0,0
mailpile.plugins.smtp_server.HashCash.command,210,3,3,0,3,0,0
mailpile.plugins.smtp_server.SMTPChannel.__init__,37,1,0,1,0,0,0
mailpile.plugins.smtp_server.SMTPChannel._address_ok,64,4,2,2,2,0,0
mailpile.plugins.smtp_server.SMTPChannel._challenge,71,1,0,1,0,0,0
mailpile.plugins.smtp_server.SMTPChannel._hashgrey_ok,76,4,3,1,3,0,0
mailpile.plugins.smtp_server.SMTPChannel._is_dangerous_address,46,1,0,1,0,0,0
mailpile.plugins.smtp_server.SMTPChannel._is_spam_address,49,1,0,1,0,0,0
mailpile.plugins.smtp_server.SMTPChannel.collect_incoming_data,137,1,1,0,1,0,0
mailpile.plugins.smtp_server.SMTPChannel.push,52,7,2,5,2,0,0
mailpile.plugins.smtp_server.SMTPChannel.smtp_DATA,130,1,1,0,1,0,0
mailpile.plugins.smtp_server.SMTPChannel.smtp_MAIL,101,2,2,0,2,0,0
mailpile.plugins.smtp_server.SMTPChannel.smtp_RCPT,113,3,3,0,3,0,0
mailpile.plugins.smtp_server.SMTPServer.__init__,147,1,0,1,0,0,0
mailpile.plugins.smtp_server.SMTPServer.handle_accept,151,1,1,0,1,0,0
mailpile.plugins.smtp_server.SMTPServer.process_message,157,7,7,0,7,0,0
mailpile.plugins.smtp_server.SMTPWorker.run,186,1,1,0,1,0,0
mailpile.plugins.tags.(global),0,3,3,0,3,0,0
mailpile.plugins.tags.AddTag.command,450,8,8,0,8,0,0
mailpile.plugins.tags.DeleteFilter.command,834,4,4,0,4,0,0
mailpile.plugins.tags.DeleteTag.command,641,3,3,0,3,0,0
mailpile.plugins.tags.Filter._truthy,706,2,1,1,1,0,0
mailpile.plugins.tags.Filter.command,710,4,4,0,4,0,0
mailpile.plugins.tags.FilterCommand.finish,679,3,1,2,1,0,0
mailpile.plugins.tags.FilterDelete,100,3,3,0,3,0,0
mailpile.plugins.tags.FilterMove,85,1,1,0,1,0,0
mailpile.plugins.tags.GetFilters,66,2,2,0,2,0,0
mailpile.plugins.tags.GetTag,152,2,1,1,1,0,0
mailpile.plugins.tags.GetTagID,156,1,1,0,1,0,0
mailpile.plugins.tags.GetTagInfo,172,6,4,2,4,0,0
mailpile.plugins.tags.GetTags,112,5,3,2,3,0,0
mailpile.plugins.tags.ListFilters.command,876,4,3,1,3,0,0
mailpile.plugins.tags.ListTags.command,536,8,8,0,8,0,0
mailpile.plugins.tags.MoveFilter.command,929,2,2,0,2,0,0
mailpile.plugins.tags.Slugify,161,7,4,3,4,1,1
mailpile.plugins.tags.Tag.Undo,366,6,5,1,5,0,0
mailpile.plugins.tags.Tag._do_tagging,296,9,7,2,7,0,0
mailpile.plugins.tags.Tag._get_ops_and_msgids,274,6,3,3,3,0,0
mailpile.plugins.tags.Tag.command,385,2,2,0,2,0,0
mailpile.plugins.tags.TagCommand._reorder_all_tags,222,4,2,2,2,0,0
mailpile.plugins.tags.TagCommand.finish,231,4,1,3,1,0,0
mailpile.plugins.tags.TagLater.command,394,4,4,0,4,0,0
mailpile.plugins.tags.TagTemporarily.command,410,3,3,0,3,0,0
mailpile.plugins.vcard_carddav.(global),0,2,2,0,2,0,0
mailpile.plugins.vcard_carddav.CardDAV.__init__,81,3,2,1,2,0,0
mailpile.plugins.vcard_carddav.CardDAV._check_capability,92,2,1,1,1,0,0
mailpile.plugins.vcard_carddav.CardDAV.get_vcard,96,3,3,0,3,0,0
mailpile.plugins.vcard_carddav.CardDAV.list_vcards,105,2,1,1,1,0,0
mailpile.plugins.vcard_carddav.CardDAVImporter.filter_contacts,138,1,0,1,0,0,0
mailpile.plugins.vcard_carddav.CardDAVImporter.get_contacts,129,4,2,2,2,0,0
mailpile.plugins.vcard_carddav.DAVClient.__init__,20,1,0,1,0,0,0
mailpile.plugins.vcard_carddav.DAVClient.options,75,2,1,1,1,0,0
mailpile.plugins.vcard_carddav.DAVClient.request,43,4,1,3,1,0,0
mailpile.plugins.vcard_gnupg.(global),0,3,3,0,3,0,0
mailpile.plugins.vcard_gnupg.GnuPGImporter.get_guid,36,1,0,1,0,0,0
mailpile.plugins.vcard_gnupg.GnuPGImporter.get_vcards,44,7,7,0,7,0,0
mailpile.plugins.vcard_gnupg.GnuPGImporter.gnupg_keys_as_vcards,180,8,6,2,6,0,0
mailpile.plugins.vcard_gnupg.GnuPGImporter.import_vcards,39,1,0,1,0,0,0
mailpile.plugins.vcard_gnupg.GnuPGImporter.key_is_useless,80,3,0,3,0,0,0
mailpile.plugins.vcard_gnupg.GnuPGImporter.key_vcl,86,4,1,3,1,0,0
mailpile.plugins.vcard_gnupg.GnuPGImporter.vcards_merged,150,6,6,0,6,0,0
mailpile.plugins.vcard_gnupg.GnuPGImporter.vcards_one_per_uid,97,6,5,1,5,0,0
mailpile.plugins.vcard_gnupg.GnuPGImporter.vcards_per_key,123,7,6,1,6,0,0
mailpile.plugins.vcard_gnupg.PGPKeysAsVCards.command,230,6,6,0,6,0,0
mailpile.plugins.vcard_gnupg.PGPKeysImportAsVCards.command,262,5,5,0,5,0,0
mailpile.plugins.vcard_gravatar.(global),0,2,2,0,2,0,0
mailpile.plugins.vcard_gravatar.GravatarImporter._get,69,2,1,1,1,0,0
mailpile.plugins.vcard_gravatar.GravatarImporter._want_update,47,2,1,1,1,0,0
mailpile.plugins.vcard_gravatar.GravatarImporter.check_gravatar,77,5,4,1,4,0,0
mailpile.plugins.vcard_gravatar.GravatarImporter.get_vcards,116,5,5,0,5,0,0
mailpile.plugins.vcard_mork.(global),0,3,3,0,3,0,0
mailpile.plugins.vcard_mork.MorkImporter.addRow,145,3,2,1,2,0,0
mailpile.plugins.vcard_mork.MorkImporter.addToDict,121,2,1,1,1,0,0
mailpile.plugins.vcard_mork.MorkImporter.decodeMorkValue,116,2,0,2,0,0,0
mailpile.plugins.vcard_mork.MorkImporter.delRow,135,2,1,1,1,0,0
mailpile.plugins.vcard_mork.MorkImporter.getRowIdScope,128,2,0,2,0,0,0
mailpile.plugins.vcard_mork.MorkImporter.get_vcards,342,5,5,0,5,0,0
mailpile.plugins.vcard_mork.MorkImporter.inputMork,178,4,3,1,3,0,0
mailpile.plugins.vcard_mork.MorkImporter.load,333,3,1,2,1,0,0
mailpile.plugins.vcard_mork.MorkImporter.morkToHash,309,4,3,1,3,0,0
mailpile.postinglist.GlobalPostingList._Append,636,1,1,0,1,0,0
mailpile.postinglist.GlobalPostingList._Optimize,580,7,7,0,7,0,0
mailpile.postinglist.GlobalPostingList.__init__,649,4,1,3,1,0,0
mailpile.postinglist.GlobalPostingList._fmt_file,654,1,1,0,1,0,0
mailpile.postinglist.GlobalPostingList._migrate,670,1,0,1,0,0,0
mailpile.postinglist.GlobalPostingList.load,660,1,1,0,1,0,0
mailpile.postinglist.GlobalPostingList.remove,678,1,1,0,1,0,0
mailpile.postinglist.NewPostingList.Append,282,2,2,0,2,0,0
mailpile.postinglist.NewPostingList.Optimize,287,1,1,0,1,0,0
mailpile.postinglist.NewPostingList._WordSig,311,3,1,2,1,0,0
mailpile.postinglist.NewPostingList.__init__,291,2,2,0,2,0,0
mailpile.postinglist.NewPostingList.remove,306,2,1,1,1,1,1
mailpile.postinglist.OldPostingList.Append,431,2,1,1,1,0,0
mailpile.postinglist.OldPostingList.GetFile,446,1,0,1,0,0,0
mailpile.postinglist.OldPostingList.Lock,422,2,0,2,0,0,0
mailpile.postinglist.OldPostingList.Optimize,427,3,1,2,1,0,0
mailpile.postinglist.OldPostingList.SaveFile,442,2,1,1,1,0,0
mailpile.postinglist.OldPostingList.WordSig,435,4,1,3,1,0,0
mailpile.postinglist.OldPostingList._Append,388,1,1,0,1,0,0
mailpile.postinglist.OldPostingList._Optimize,329,5,4,1,4,0,0
mailpile.postinglist.OldPostingList.__init__,466,3,2,1,2,0,0
mailpile.postinglist.OldPostingList._compact,510,4,3,1,3,0,2
mailpile.postinglist.OldPostingList._fmt_file,499,6,3,3,3,0,0
mailpile.postinglist.OldPostingList.load,487,4,2,2,2,0,0
mailpile.postinglist.OldPostingList.remove,567,3,1,2,1,1,1
mailpile.postinglist.OldPostingList.save,528,8,6,2,6,0,2
mailpile.postinglist.PLC_CACHE_FlushAndClean,35,7,4,3,4,0,0
mailpile.postinglist.PostingListContainer.Load,80,3,1,2,1,0,0
mailpile.postinglist.PostingListContainer._GetFilenameAndSig,256,3,1,2,1,0,0
mailpile.postinglist.PostingListContainer._SaveFile,252,4,1,3,1,0,0
mailpile.postinglist.PostingListContainer.__init__,93,2,1,1,1,0,0
mailpile.postinglist.PostingListContainer._deleted_set,117,1,0,1,0,0,0
mailpile.postinglist.PostingListContainer._load,206,3,2,1,2,0,0
mailpile.postinglist.PostingListContainer._splits,169,8,7,1,7,0,0
mailpile.postinglist.PostingListContainer._unlocked_add,235,2,0,2,0,0,0
mailpile.postinglist.PostingListContainer._unlocked_parse_lines,229,1,1,0,1,0,0
mailpile.postinglist.PostingListContainer._unlocked_remove,243,1,0,1,0,0,0
mailpile.postinglist.PostingListContainer.add,108,2,1,1,1,0,0
mailpile.postinglist.PostingListContainer.get,105,2,1,1,1,1,1
mailpile.postinglist.PostingListContainer.remove,112,1,1,0,1,0,0
mailpile.postinglist.PostingListContainer.save,121,7,7,0,7,0,0
mailpile.safe_popen.(global),0,1,1,0,1,0,0
mailpile.safe_popen.MakePopenSafe,191,3,0,3,0,0,0
mailpile.safe_popen.MakePopenUnsafe,187,3,0,3,0,0,0
mailpile.safe_popen.Safe_Pipe.close,58,2,1,1,1,1,1
mailpile.safe_popen.Safe_Pipe.read,55,2,1,1,1,1,1
mailpile.safe_popen.Safe_Pipe.write,52,2,1,1,1,1,1
mailpile.safe_popen.Safe_Popen._SAFE_POPEN_unlock,161,4,0,4,0,0,0
mailpile.safe_popen.Safe_Popen.__del__,179,1,1,0,1,0,0
mailpile.safe_popen.Safe_Popen.__init__,64,2,2,0,2,0,0
mailpile.safe_popen.Safe_Popen.communicate,169,4,2,2,2,1,1
mailpile.safe_popen.Safe_Popen.wait,174,1,1,0,1,0,0
mailpile.search.(global),0,1,1,0,1,0,0
mailpile.search.CachedSearchResultSet.DropCaches,82,4,0,4,0,0,0
mailpile.search.CachedSearchResultSet.__init__,64,2,1,1,1,0,0
mailpile.search.CachedSearchResultSet._skey,71,2,0,2,0,0,0
mailpile.search.CachedSearchResultSet.set_results,74,2,2,0,2,0,0
mailpile.search.MailIndex.__init__,119,2,1,1,1,0,0
mailpile.search.MailIndex._add_email,1132,3,0,3,0,0,0
mailpile.search.MailIndex._extract_date_ts,565,6,4,2,4,0,0
mailpile.search.MailIndex._extract_header_info,908,4,2,2,2,0,0
mailpile.search.MailIndex._extract_info_and_index,917,9,7,2,7,0,0
mailpile.search.MailIndex._freshness_sorter,1867,1,1,0,1,0,0
mailpile.search.MailIndex._get_scan_progress,634,3,1,2,1,0,0
mailpile.search.MailIndex._index_incoming_message,945,11,10,1,10,0,0
mailpile.search.MailIndex._list_header_keywords,1230,2,1,1,1,0,0
mailpile.search.MailIndex._maybe_encrypt,324,5,3,2,3,0,0
mailpile.search.MailIndex._parse_date,552,1,0,1,0,0,0
mailpile.search.MailIndex._prepare_sorting,1883,3,2,1,2,0,0
mailpile.search.MailIndex._real_scan_one,813,7,6,1,6,0,0
mailpile.search.MailIndex._remove_location,519,3,2,1,2,0,0
mailpile.search.MailIndex._update_location,530,5,4,1,4,0,0
mailpile.search.MailIndex._vfs_hits,1679,7,6,1,6,0,0
mailpile.search.MailIndex.add_new_msg,1162,7,5,2,5,0,0
mailpile.search.MailIndex.add_tag,1560,16,8,8,8,0,0
mailpile.search.MailIndex.apply_filters,1216,3,2,1,2,0,0
mailpile.search.MailIndex.clean_snippet,1435,1,0,1,0,0,0
mailpile.search.MailIndex.compact_to_list,1145,5,3,2,3,0,0
mailpile.search.MailIndex.edit_msg_info,882,6,3,3,3,0,0
mailpile.search.MailIndex.encode_body,187,3,0,3,0,0,0
mailpile.search.MailIndex.encode_msg_id,614,6,2,4,2,0,0
mailpile.search.MailIndex.expand_to_list,1157,4,0,4,0,0,0
mailpile.search.MailIndex.filter_keywords,1190,2,2,0,2,0,0
mailpile.search.MailIndex.get_body,162,4,2,2,2,0,0
mailpile.search.MailIndex.get_conversation,1536,6,2,4,2,0,0
mailpile.search.MailIndex.get_msg_at_idx_pos,1489,22,1,21,1,0,0
mailpile.search.MailIndex.get_msg_id,617,6,3,3,3,0,0
mailpile.search.MailIndex.get_replies,1546,2,1,1,1,0,0
mailpile.search.MailIndex.get_tags,1552,24,1,23,1,0,0
mailpile.search.MailIndex.hdr,459,11,1,10,1,0,0
mailpile.search.MailIndex.index_email,995,11,8,3,8,0,0
mailpile.search.MailIndex.index_message,1443,8,7,1,7,0,0
mailpile.search.MailIndex.l2m,140,2,0,2,0,0,0
mailpile.search.MailIndex.load,205,11,10,1,10,0,0
mailpile.search.MailIndex.m2l,155,3,0,3,0,0,0
mailpile.search.MailIndex.read_message,1256,23,20,3,20,0,0
mailpile.search.MailIndex.remove_tag,1614,15,8,7,8,0,0
mailpile.search.MailIndex.save,388,7,6,1,6,0,0
mailpile.search.MailIndex.save_changes,343,8,6,2,6,0,0
mailpile.search.MailIndex.scan_mailbox,659,16,13,3,13,0,0
mailpile.search.MailIndex.scan_one_message,801,4,1,3,1,0,0
mailpile.search.MailIndex.search,1704,24,21,3,21,1,2
mailpile.search.MailIndex.search_tag,1665,5,4,1,4,0,2
mailpile.search.MailIndex.set_body,201,2,2,0,2,0,0
mailpile.search.MailIndex.set_conversation_ids,1033,7,5,2,5,0,0
mailpile.search.MailIndex.set_msg_at_idx_pos,1506,17,6,11,6,0,0
mailpile.search.MailIndex.sort_results,1890,11,8,3,8,0,0
mailpile.search.MailIndex.truncate_body_snippet,180,2,1,1,1,0,0
mailpile.search.MailIndex.try_decode,445,2,0,2,0,0,0
mailpile.search.MailIndex.unthread_message,1098,3,2,1,2,0,0
mailpile.search.MailIndex.update_email,1141,4,1,3,1,0,0
mailpile.search.MailIndex.update_msg_sorting,1502,4,1,3,1,0,0
mailpile.search.MailIndex.update_msg_tags,314,3,2,1,2,0,0
mailpile.search.MailIndex.update_ptrs_and_msgids,433,4,3,1,3,0,0
mailpile.search.SearchResultSet.__init__,35,2,1,1,1,0,0
mailpile.search.SearchResultSet.as_set,50,6,0,6,0,0,0
mailpile.search.SearchResultSet.excluded,53,1,0,1,0,0,0
mailpile.search.SearchResultSet.set_results,40,3,0,3,0,0,0
mailpile.search_history.SearchHistory.Load,26,3,2,1,2,0,0
mailpile.search_history.SearchHistory.__init__,36,2,0,2,0,0,0
mailpile.search_history.SearchHistory._compress,63,2,1,1,1,0,0
mailpile.search_history.SearchHistory._decompress,70,2,1,1,1,0,0
mailpile.search_history.SearchHistory._from_bitmask,55,1,0,1,0,0,0
mailpile.search_history.SearchHistory._to_bitmask,47,1,0,1,0,0,0
mailpile.search_history.SearchHistory.add,74,1,1,0,1,0,0
mailpile.search_history.SearchHistory.expire,99,2,1,1,1,0,0
mailpile.search_history.SearchHistory.get,88,2,2,0,2,0,0
mailpile.search_history.SearchHistory.save,40,2,2,0,2,0,0
mailpile.security._lockdown_basic,15,1,1,0,1,0,0
mailpile.security._lockdown_strict,21,1,1,0,1,0,0
mailpile.smtp_client.SMTorP_HashCash,66,3,2,1,2,0,0
mailpile.smtp_client.SendMail,132,18,16,2,16,0,0
mailpile.smtp_client.SendMailError.__init__,90,1,0,1,0,0,0
mailpile.smtp_client._RouteTuples,95,3,2,1,2,0,0
mailpile.smtp_client.sha512_512k,20,2,0,2,0,0,0
mailpile.smtp_client.sha512_512kCheck,39,2,1,1,1,0,0
mailpile.smtp_client.sha512_512kCollide,46,3,1,2,1,0,0
mailpile.tests.__init__.MailPileUnittest.setUpClass,116,1,1,0,1,0,0
mailpile.tests.__init__._initialize_mailpile_for_testing,41,4,3,1,3,0,0
mailpile.tests.__init__.capture,99,5,0,5,0,0,0
mailpile.tests.__init__.get_mailpile_root,24,1,0,1,0,0,0
mailpile.tests.__init__.get_shared_mailpile,70,10,2,8,2,0,0
mailpile.tests.data.pgp-data.buildexamples.(global),0,1,1,0,1,0,0
mailpile.tests.data.pgp-data.buildexamples.genExamples,26,4,3,1,3,0,0
mailpile.tests.data.pgp-data.buildexamples.getProcesses,9,1,0,1,0,0,0
mailpile.tests.data.pgp-data.buildexamples.getSourceFiles,6,1,0,1,0,0,0
mailpile.tests.data.pgp-data.buildexamples.runPGP,13,2,1,1,1,0,0
mailpile.tests.gui.__init__.(global),0,1,1,0,1,0,0
mailpile.tests.gui.__init__.ElementHasClass.__init__,20,1,0,1,0,0,0
mailpile.tests.gui.__init__.ElementHasNotClass.__init__,33,1,0,1,0,0,0
mailpile.tests.gui.__init__.MailpileSeleniumTest._get_mailpile_sspec,148,3,1,2,1,0,0
mailpile.tests.gui.__init__.MailpileSeleniumTest._get_mailpile_url,153,2,1,1,1,0,0
mailpile.tests.gui.__init__.MailpileSeleniumTest._start_selenium_driver,165,1,0,1,0,0,0
mailpile.tests.gui.__init__.MailpileSeleniumTest._start_web_server,157,4,3,1,3,0,0
mailpile.tests.gui.__init__.MailpileSeleniumTest._stop_selenium_driver,174,1,0,1,0,0,0
mailpile.tests.gui.__init__.MailpileSeleniumTest._stop_web_server,190,2,1,1,1,0,0
mailpile.tests.gui.__init__.MailpileSeleniumTest.assert_link_with_text,231,1,0,1,0,0,0
mailpile.tests.gui.__init__.MailpileSeleniumTest.assert_text,264,2,1,1,1,0,0
mailpile.tests.gui.__init__.MailpileSeleniumTest.click_element_with_class,246,2,1,1,1,0,0
mailpile.tests.gui.__init__.MailpileSeleniumTest.click_element_with_id,243,1,1,0,1,0,0
mailpile.tests.gui.__init__.MailpileSeleniumTest.click_element_with_link_text,237,1,0,1,0,0,0
mailpile.tests.gui.__init__.MailpileSeleniumTest.fill_form_field,227,1,0,1,0,0,0
mailpile.tests.gui.__init__.MailpileSeleniumTest.find_element_by_class_name,261,4,1,3,1,1,1
mailpile.tests.gui.__init__.MailpileSeleniumTest.find_element_by_id,252,4,1,3,1,1,1
mailpile.tests.gui.__init__.MailpileSeleniumTest.find_element_by_xpath,258,5,1,4,1,1,1
mailpile.tests.gui.__init__.MailpileSeleniumTest.find_element_containing_text,255,2,1,1,1,0,0
mailpile.tests.gui.__init__.MailpileSeleniumTest.go_to_mailpile_home,204,4,1,3,1,0,0
mailpile.tests.gui.__init__.MailpileSeleniumTest.navigate_to,217,2,1,1,1,0,0
mailpile.tests.gui.__init__.MailpileSeleniumTest.page_title,249,1,0,1,0,0,0
mailpile.tests.gui.__init__.MailpileSeleniumTest.setUpClass,183,2,2,0,2,0,0
mailpile.tests.gui.__init__.MailpileSeleniumTest.submit_form,223,2,1,1,1,0,0
mailpile.tests.gui.__init__.MailpileSeleniumTest.take_screenshot,207,1,0,1,0,0,0
mailpile.tests.gui.__init__.MailpileSeleniumTest.tearDownClass,198,2,2,0,2,0,0
mailpile.tests.gui.__init__.MailpileSeleniumTest.wait_for_element_condition,284,2,0,2,0,0,0
mailpile.tests.gui.__init__.MailpileSeleniumTest.wait_until_element_has_class,278,3,2,1,2,0,0
mailpile.tests.gui.__init__.MailpileSeleniumTest.wait_until_element_has_not_class,281,3,2,1,2,0,0
mailpile.tests.gui.__init__.MailpileSeleniumTest.wait_until_element_is_invisible_by_locator,274,1,0,1,0,0,0
mailpile.tests.gui.__init__.MailpileSeleniumTest.wait_until_element_is_visible,267,3,1,2,1,0,0
mailpile.tests.gui.__init__.MailpileSeleniumTest.wait_until_element_is_visible_by_locator,270,2,0,2,0,0,0
mailpile.tests.gui.__init__.SeleniumScreenshotOnExceptionAspecter.__new__,66,3,3,0,3,0,0
mailpile.tests.gui.__init__.SeleniumScreenshotOnExceptionAspecter.wrap_method,77,2,1,1,1,0,0
mailpile.tests.gui.test_contacts.ContactsGuiTest.test_add_new_contact,5,6,6,0,6,0,0
mailpile.tests.gui.test_mail.MailGuiTest.test_read_mail,5,5,5,0,5,0,0
mailpile.tests.gui.test_tags.TagGuiTest._assert_element_has_class,37,2,1,1,1,0,0
mailpile.tests.gui.test_tags.TagGuiTest._assert_element_not_class,40,2,1,1,1,0,0
mailpile.tests.gui.test_tags.TagGuiTest._click_on_visible_element_with_class_name,27,3,2,1,2,0,0
mailpile.tests.gui.test_tags.TagGuiTest._toggle_tag_bar,32,2,1,1,1,0,0
mailpile.tests.gui.test_tags.TagGuiTest.test_mark_read_unread,10,7,7,0,7,0,0
mailpile.tests.test_command.TestCommandResult.test_command_result_as_dict,76,1,1,0,1,0,0
mailpile.tests.test_command.TestCommandResult.test_command_result_as_html,98,1,1,0,1,0,0
mailpile.tests.test_command.TestCommandResult.test_command_result_as_json,94,1,1,0,1,0,0
mailpile.tests.test_command.TestCommandResult.test_command_result_as_text_for_boolean_result,84,1,1,0,1,0,0
mailpile.tests.test_command.TestCommands.test_add,34,1,1,0,1,0,0
mailpile.tests.test_command.TestCommands.test_add_mailbox_already_in_pile,38,1,1,0,1,0,0
mailpile.tests.test_command.TestCommands.test_add_mailbox_no_such_directory,42,1,1,0,1,0,0
mailpile.tests.test_command.TestCommands.test_crypto_policy_action,67,2,2,0,2,0,0
mailpile.tests.test_command.TestCommands.test_index,11,2,2,0,2,0,0
mailpile.tests.test_command.TestCommands.test_optimize,20,1,1,0,1,0,0
mailpile.tests.test_command.TestCommands.test_output,46,1,1,0,1,0,0
mailpile.tests.test_command.TestCommands.test_search,15,1,1,0,1,0,0
mailpile.tests.test_command.TestCommands.test_set,24,1,1,0,1,0,0
mailpile.tests.test_command.TestGPG.test_key_import,145,1,1,0,1,0,0
mailpile.tests.test_command.TestGPG.test_key_receive,128,1,1,0,1,0,0
mailpile.tests.test_command.TestGPG.test_key_search,109,1,1,0,1,0,0
mailpile.tests.test_config.TestConfig.test_B36Check,141,1,1,0,1,0,0
mailpile.tests.test_config.TestConfig.test_SlashSlugCheck,132,1,1,0,1,0,0
mailpile.tests.test_config.TestConfig.test_SlugCheck_valid,118,1,1,0,1,0,0
mailpile.tests.test_crypto_policy.CryptoPolicyBaseTest._add_vcard,12,6,3,3,3,0,0
mailpile.tests.test_crypto_policy.CryptoPolicyBaseTest.setUp,8,1,1,0,1,0,0
mailpile.tests.test_crypto_policy.CryptoPolicyForUserTest.test_no_email_provided,54,2,2,0,2,0,0
mailpile.tests.test_crypto_policy.CryptoPolicyForUserTest.test_no_msg_with_email_,58,2,2,0,2,0,0
mailpile.tests.test_crypto_policy.CryptoPolicyForUserTest.test_vcard_overrides_mail_history,73,4,4,0,4,0,0
mailpile.tests.test_crypto_policy.CryptoPolicyForUserTest.test_with_encrypted_email,68,2,2,0,2,0,0
mailpile.tests.test_crypto_policy.CryptoPolicyForUserTest.test_with_signed_email,63,2,2,0,2,0,0
mailpile.tests.test_crypto_policy.UpdateCryptoPolicyForUserTest.test_args_are_checked,20,1,1,0,1,0,0
mailpile.tests.test_crypto_policy.UpdateCryptoPolicyForUserTest.test_policies_are_validated,26,2,2,0,2,0,0
mailpile.tests.test_crypto_policy.UpdateCryptoPolicyForUserTest.test_vcard_has_to_exist,41,1,1,0,1,0,0
mailpile.tests.test_crypto_policy.UpdateCryptoPolicyForUserTest.test_vcard_is_updated,46,1,1,0,1,0,0
mailpile.tests.test_eventlog.TestEventlog.test_event_as_dict,89,1,1,0,1,0,0
mailpile.tests.test_eventlog.TestEventlog.test_event_as_dict_no_private,102,1,1,0,1,0,0
mailpile.tests.test_eventlog.TestEventlog.test_event_as_html,133,1,1,0,1,0,0
mailpile.tests.test_eventlog.TestEventlog.test_event_as_json,109,1,1,0,1,0,0
mailpile.tests.test_eventlog.TestEventlog.test_event_as_json_no_private,123,1,1,0,1,0,0
mailpile.tests.test_eventlog.TestEventlog.test_eventlog,146,1,1,0,1,0,0
mailpile.tests.test_keylookup.KeylookupDNSPKILookup.test_lookup_dnspki,36,2,2,0,2,0,0
mailpile.tests.test_keylookup.KeylookupEmailLookup.test_lookup_emailkeys,57,3,3,0,3,0,0
mailpile.tests.test_keylookup.KeylookupOverallTest.test_lookup,65,2,2,0,2,0,0
mailpile.tests.test_keylookup.KeylookupPGPKeyserverLookup.test_lookup_pgpkeyserver,48,1,1,0,1,0,0
mailpile.tests.test_performance.checkSearch,7,4,3,1,3,0,0
mailpile.tests.test_performance.test_generator,19,1,1,0,1,0,0
mailpile.tests.test_plugin.PluginTest._create_code_file,76,1,0,1,0,0,0
mailpile.tests.test_plugin.PluginTest._create_manifest,55,2,0,2,0,0,0
mailpile.tests.test_plugin.PluginTest._create_manifest_json,64,2,0,2,0,0,0
mailpile.tests.test_plugin.PluginTest.test_code_files_are_loaded_in_order,25,4,4,0,4,0,0
mailpile.tests.test_plugin.PluginTest.test_plugin_is_discovered,19,4,4,0,4,0,0
mailpile.tests.test_search.checkSearch,7,3,2,1,2,0,0
mailpile.tests.test_search.test_generator,22,1,1,0,1,0,0
mailpile.tests.test_ui.TestUI._ui_swap,10,6,1,5,1,0,0
mailpile.tests.test_ui.TestUI.test_ui_clear_log,66,5,5,0,5,0,0
mailpile.tests.test_ui.TestUI.test_ui_debug_log_debug_not_set,14,3,3,0,3,0,0
mailpile.tests.test_ui.TestUI.test_ui_debug_log_debug_set,24,4,4,0,4,0,0
mailpile.tests.test_ui.TestUI.test_ui_display_result_text,85,4,4,0,4,0,0
mailpile.tests.test_ui.TestUI.test_ui_log_block,35,4,4,0,4,0,0
mailpile.tests.test_vcard.TestVCard.test_VCardLine_no_args,12,1,1,0,1,0,0
mailpile.tests.test_vcard.TestVCard.test_VCardLine_set_attr,29,1,1,0,1,0,0
mailpile.tests.test_vcard.TestVCard.test_VCardLine_set_line_id,24,1,1,0,1,0,0
mailpile.tests.test_vcard.TestVCard.test_VCardLine_with_args,8,1,1,0,1,0,0
mailpile.ui.ANSIColors.__init__,122,3,2,1,2,0,0
mailpile.ui.ANSIColors.check_max_width,134,1,0,1,0,0,0
mailpile.ui.BackgroundInteraction._display_log,645,1,1,0,1,0,0
mailpile.ui.CapturingUserInteraction.__init__,666,1,0,1,0,0,0
mailpile.ui.Completer.__init__,150,1,0,1,0,0,0
mailpile.ui.Completer._autocomplete,159,2,1,1,1,0,0
mailpile.ui.Completer._available_opts,153,4,3,1,3,0,0
mailpile.ui.Completer.get_completer,165,2,1,1,1,0,0
mailpile.ui.HttpUserInteraction.__init__,583,4,1,3,1,0,0
mailpile.ui.HttpUserInteraction._display_log,590,1,1,0,1,0,0
mailpile.ui.HttpUserInteraction._ttype_to_mimetype,610,2,1,1,1,0,0
mailpile.ui.HttpUserInteraction.open_for_data,598,1,1,0,1,0,0
mailpile.ui.HttpUserInteraction.render_response,623,5,3,2,3,0,0
mailpile.ui.NoColors.__enter__,69,2,1,1,1,1,1
mailpile.ui.NoColors.__exit__,72,2,1,1,1,1,1
mailpile.ui.NoColors.__init__,66,2,0,2,0,0,0
mailpile.ui.NoColors.color,78,2,0,2,0,0,0
mailpile.ui.NoColors.max_width,75,1,0,1,0,0,0
mailpile.ui.NoColors.replace_line,82,1,1,0,1,0,0
mailpile.ui.RawHttpResponder.__init__,676,3,2,1,2,0,0
mailpile.ui.RawHttpResponder.write,702,2,1,1,1,1,1
mailpile.ui.Session.Snapshot,714,1,0,1,0,0,0
mailpile.ui.Session.__init__,717,7,1,6,1,0,0
mailpile.ui.Session.error,793,22,1,21,1,1,1
mailpile.ui.Session.get_context,751,1,0,1,0,0,0
mailpile.ui.Session.load_context,760,2,1,1,1,0,0
mailpile.ui.Session.report_task_completed,775,4,0,4,0,0,0
mailpile.ui.Session.report_task_failed,780,2,1,1,1,0,0
mailpile.ui.Session.wait_for_task,783,4,2,2,2,0,0
mailpile.ui.SilentInteraction._display_log,655,1,1,0,1,0,0
mailpile.ui.UserInteraction.__init__,186,5,1,4,1,0,0
mailpile.ui.UserInteraction._debug_log,247,8,3,5,3,0,0
mailpile.ui.UserInteraction._display_log,239,6,3,3,3,0,2
mailpile.ui.UserInteraction._display_result,345,1,0,1,0,0,0
mailpile.ui.UserInteraction._fmt_log,216,3,1,2,1,0,0
mailpile.ui.UserInteraction._make_data_attributes,426,1,0,1,0,0,0
mailpile.ui.UserInteraction._make_data_filename,423,1,0,1,0,0,0
mailpile.ui.UserInteraction._parse_render_mode,360,3,1,2,1,0,0
mailpile.ui.UserInteraction._render_error,468,3,2,1,2,0,0
mailpile.ui.UserInteraction._web_template,454,3,2,1,2,0,0
mailpile.ui.UserInteraction.block,268,11,1,10,1,0,0
mailpile.ui.UserInteraction.clear_log,256,1,0,1,0,0,0
mailpile.ui.UserInteraction.display_result,388,10,2,8,2,0,0
mailpile.ui.UserInteraction.edit_messages,531,7,7,0,7,0,0
mailpile.ui.UserInteraction.finish_command,357,2,1,1,1,0,0
mailpile.ui.UserInteraction.flush_log,259,4,2,2,2,0,0
mailpile.ui.UserInteraction.get_password,569,5,2,3,2,0,0
mailpile.ui.UserInteraction.log,281,3,1,2,1,0,2
mailpile.ui.UserInteraction.mark,298,53,0,53,0,0,0
mailpile.ui.UserInteraction.open_for_data,435,2,2,0,2,0,0
mailpile.ui.UserInteraction.pop_marks,336,3,2,1,2,0,0
mailpile.ui.UserInteraction.push_marks,332,1,0,1,0,0,0
mailpile.ui.UserInteraction.render_json,441,3,1,2,1,0,0
mailpile.ui.UserInteraction.render_web,489,5,5,0,5,0,0
mailpile.ui.UserInteraction.report_marks,308,7,2,5,2,0,0
mailpile.ui.UserInteraction.reset_marks,324,6,2,4,2,0,0
mailpile.ui.UserInteraction.start_command,350,4,3,1,3,0,0
mailpile.ui.UserInteraction.unblock,273,10,1,9,1,0,0
mailpile.ui.default_dict,40,1,0,1,0,0,0
mailpile.urlmap.(global),0,2,2,0,2,0,0
mailpile.urlmap.HelpUrlMap.command,692,2,2,0,2,0,0
mailpile.urlmap.UrlMap.__init__,51,9,0,9,0,0,0
mailpile.urlmap.UrlMap._api_commands,69,3,0,3,0,0,0
mailpile.urlmap.UrlMap._choose_output,183,6,3,3,3,0,0
mailpile.urlmap.UrlMap._command,75,8,4,4,4,0,0
mailpile.urlmap.UrlMap._map_api_command,293,3,2,1,2,0,0
mailpile.urlmap.UrlMap._map_tag,230,4,4,0,4,0,0
mailpile.urlmap.UrlMap._map_thread,267,3,3,0,3,0,0
mailpile.urlmap.UrlMap._url,439,6,0,6,0,0,0
mailpile.urlmap.UrlMap.canonical_url,545,1,0,1,0,0,0
mailpile.urlmap.UrlMap.map,334,9,6,3,6,0,0
mailpile.urlmap.UrlMap.map_as_markdown,558,8,6,2,6,0,0
mailpile.urlmap.UrlMap.print_map_markdown,639,1,1,0,1,0,0
mailpile.urlmap.UrlMap.redirect_to_auth,478,1,1,0,1,0,0
mailpile.urlmap.UrlMap.redirect_to_auth_or_setup,457,7,5,2,5,0,0
mailpile.urlmap.UrlMap.ui_url,550,1,0,1,0,0,0
mailpile.urlmap.UrlMap.url_edit,453,3,1,2,1,0,0
mailpile.urlmap.UrlMap.url_search,515,3,3,0,3,0,0
mailpile.urlmap.UrlMap.url_sent,511,1,1,0,1,0,0
mailpile.urlmap.UrlMap.url_source,449,2,1,1,1,0,0
mailpile.urlmap.UrlMap.url_tag,482,6,3,3,3,0,0
mailpile.urlmap.UrlMap.url_thread,445,3,1,2,1,0,0
mailpile.urlmap.UrlRedirect.command,649,1,1,0,1,0,0
mailpile.urlmap.UrlRedirectEdit.command,658,3,3,0,3,0,0
mailpile.urlmap.UrlRedirectThread.command,668,3,3,0,3,0,0
mailpile.urlmap._FancyString.__init__,23,1,0,1,0,0,0
mailpile.util.(global),0,2,2,0,2,0,0
mailpile.util.CleanText.__init__,849,9,0,9,0,0,0
mailpile.util.DebugFileWrapper.__getattribute__,908,6,2,4,2,1,1
mailpile.util.DebugFileWrapper.__init__,904,1,0,1,0,0,0
mailpile.util.DebugFileWrapper.close,924,3,2,1,2,1,1
mailpile.util.DebugFileWrapper.flush,920,3,2,1,2,1,1
mailpile.util.DebugFileWrapper.write,915,6,2,4,2,1,1
mailpile.util.FixupForWith,246,1,0,1,0,0,0
mailpile.util.GpgWriter.__exit__,702,1,1,0,1,0,0
mailpile.util.GpgWriter.close,709,3,1,2,1,1,1
mailpile.util.GpgWriter.write,706,2,1,1,1,1,1
mailpile.util.HideBinary,862,1,0,1,0,0,0
mailpile.util.MultiContext.__init__,212,2,0,2,0,0,0
mailpile.util.RunTimed,888,7,2,5,2,0,0
mailpile.util.RunTimedThread.__init__,876,1,0,1,0,0,0
mailpile.util.RunTimedThread.run_timed,881,1,0,1,0,0,0
mailpile.util.TracedLock,162,1,1,0,1,0,0
mailpile.util.TracedRLock,166,1,1,0,1,0,0
mailpile.util.UrlRedirectException.__init__,202,9,0,9,0,0,0
mailpile.util.WhereAmI,125,1,0,1,0,0,0
mailpile.util._TracedLock,132,3,1,2,1,0,0
mailpile.util._hash,302,3,0,3,0,0,0
mailpile.util.b36,375,26,0,26,0,0,0
mailpile.util.b64c,254,2,0,2,0,0,0
mailpile.util.b64w,270,2,0,2,0,0,0
mailpile.util.backup_file,673,2,0,2,0,0,0
mailpile.util.decrypt_and_parse_lines,617,7,1,6,1,0,0
mailpile.util.dict_merge,714,6,0,6,0,0,0
mailpile.util.elapsed_datetime,539,2,1,1,1,0,0
mailpile.util.escape_html,283,2,0,2,0,0,0
mailpile.util.friendly_datetime,580,1,0,1,0,0,0
mailpile.util.friendly_number,590,2,0,2,0,0,0
mailpile.util.intlist_to_string,406,1,0,1,0,0,0
mailpile.util.json_helper,688,1,0,1,0,0,0
mailpile.util.md5_hex,345,13,1,12,1,0,0
mailpile.util.merge_secret,465,1,1,0,1,0,0
mailpile.util.okay_random,429,6,2,4,2,0,0
mailpile.util.play_nice_with_threads,728,11,0,11,0,0,0
mailpile.util.randomish_uid,414,3,0,3,0,0,0
mailpile.util.reflow_text,481,5,3,2,3,0,0
mailpile.util.safe_remove,660,10,0,10,0,0,0
mailpile.util.sha1b64,312,7,1,6,1,0,0
mailpile.util.sha512b64,329,5,1,4,1,0,0
mailpile.util.split_secret,448,1,1,0,1,0,0
mailpile.util.strhash,349,6,4,2,4,0,0
mailpile.util.string_to_intlist,398,3,0,3,0,0,0
mailpile.util.thread_context,237,1,0,1,0,0,0
mailpile.util.thread_context_pop,241,2,1,1,1,0,0
mailpile.util.thread_context_push,231,1,0,1,0,0,0
mailpile.util.thumbnail,757,1,0,1,0,0,0
mailpile.vcard.AddressInfo.__init__,1123,7,1,6,1,0,0
mailpile.vcard.AddressInfo.merge_vcard,1138,3,1,2,1,0,0
mailpile.vcard.MailpileVCard.__init__,796,16,4,12,4,0,0
mailpile.vcard.MailpileVCard._history_parse_expire,917,2,0,2,0,0,0
mailpile.vcard.MailpileVCard._mpcdict,821,3,2,1,2,0,0
mailpile.vcard.MailpileVCard._random_uid,964,4,4,0,4,0,0
mailpile.vcard.MailpileVCard.add_scope,1025,4,4,0,4,0,0
mailpile.vcard.MailpileVCard.add_source,1041,4,3,1,3,0,0
mailpile.vcard.MailpileVCard.as_mpCard,840,3,2,1,2,0,0
mailpile.vcard.MailpileVCard.configure_encryption,809,2,0,2,0,0,0
mailpile.vcard.MailpileVCard.get_source_by_proto,1047,5,3,2,3,0,0
mailpile.vcard.MailpileVCard.load,860,7,5,2,5,0,0
mailpile.vcard.MailpileVCard.prefer_sender,977,5,4,1,4,0,0
mailpile.vcard.MailpileVCard.recent_history,936,3,2,1,2,0,0
mailpile.vcard.MailpileVCard.record_history,944,6,5,1,5,0,0
mailpile.vcard.MailpileVCard.same_domain,957,3,2,1,2,0,0
mailpile.vcard.MailpileVCard.save,894,5,4,1,4,0,0
mailpile.vcard.MailpileVCard.sending_profile,988,3,2,1,2,0,0
mailpile.vcard.MailpileVCard.sends_to,1032,3,2,1,2,0,0
mailpile.vcard.MailpileVCard.sources,1074,4,1,3,1,0,0
mailpile.vcard.SimpleVCard.__init__,330,3,2,1,2,0,0
mailpile.vcard.SimpleVCard._cardinality,344,4,3,1,3,0,0
mailpile.vcard.SimpleVCard._handle_pidmap_args,390,3,1,2,1,0,3
mailpile.vcard.SimpleVCard._sort_lines,686,7,2,5,2,0,0
mailpile.vcard.SimpleVCard._vcard_get,751,2,2,0,2,0,0
mailpile.vcard.SimpleVCard._vcard_set,759,3,3,0,3,0,0
mailpile.vcard.SimpleVCard.add,401,20,4,16,4,0,3
mailpile.vcard.SimpleVCard.as_jCard,714,1,1,0,1,0,0
mailpile.vcard.SimpleVCard.as_lines,746,4,1,3,1,0,0
mailpile.vcard.SimpleVCard.as_vCard,721,5,4,1,4,0,0
mailpile.vcard.SimpleVCard.get,672,9,3,6,3,0,0
mailpile.vcard.SimpleVCard.get_all,665,34,2,32,2,0,0
mailpile.vcard.SimpleVCard.get_clientpidmap,472,4,2,2,2,0,0
mailpile.vcard.SimpleVCard.get_pidmap,507,6,4,2,4,0,3
mailpile.vcard.SimpleVCard.merge,543,7,6,1,6,0,0
mailpile.vcard.SimpleVCard.remove,353,2,0,2,0,0,0
mailpile.vcard.SimpleVCard.remove_all,377,3,2,1,2,0,0
mailpile.vcard.SimpleVCard.set_line,446,4,3,1,3,0,0
mailpile.vcard.VCardImporter.get_guid,1490,1,0,1,0,0,0
mailpile.vcard.VCardImporter.get_vcards,1571,1,0,1,0,0,0
mailpile.vcard.VCardImporter.import_vcards,1493,20,20,0,20,0,0
mailpile.vcard.VCardLine.ParseLine,170,2,1,1,1,0,0
mailpile.vcard.VCardLine.Quote,160,1,0,1,0,0,0
mailpile.vcard.VCardLine.__init__,60,27,3,24,3,0,0
mailpile.vcard.VCardLine._update_dict,119,8,1,7,1,0,0
mailpile.vcard.VCardLine.as_vcardline,137,5,2,3,2,0,0
mailpile.vcard.VCardLine.parse,115,3,2,1,2,0,0
mailpile.vcard.VCardLine.set_attr,92,6,1,5,1,0,0
mailpile.vcard.VCardLine.set_attrs,88,1,1,0,1,0,0
mailpile.vcard.VCardLine.set_line_id,72,2,1,1,1,0,0
mailpile.vcard.VCardLine.set_name,80,2,2,0,2,0,0
mailpile.vcard.VCardLine.set_value,84,1,1,0,1,0,0
mailpile.vcard.VCardStore.__init__,1202,1,0,1,0,0,0
mailpile.vcard.VCardStore.add_vcards,1322,5,2,3,2,0,0
mailpile.vcard.VCardStore.choose_from_address,1336,3,1,2,1,0,0
mailpile.vcard.VCardStore.choose_from_addresses,1408,8,7,1,7,0,0
mailpile.vcard.VCardStore.deindex_vcard,1225,7,2,5,2,0,0
mailpile.vcard.VCardStore.del_vcards,1331,4,2,2,2,0,0
mailpile.vcard.VCardStore.find_vcards,1302,10,3,7,3,0,0
mailpile.vcard.VCardStore.find_vcards_with_line,1295,4,3,1,3,0,0
mailpile.vcard.VCardStore.get_vcard,1292,1,1,0,1,0,0
mailpile.vcard.VCardStore.index_vcard,1210,7,2,5,2,0,0
mailpile.vcard.VCardStore.load_vcards,1238,12,11,1,11,0,0
mailpile.vfs.(global),0,2,2,0,2,0,0
mailpile.vfs.FilePath.__init__,53,35,1,34,1,0,0
mailpile.vfs.FilePath.__unicode__,90,5,1,4,1,0,6
mailpile.vfs.FilePath.alias,79,4,2,2,2,0,6
mailpile.vfs.FilePath.display,108,4,1,3,1,0,0
mailpile.vfs.FilePath.display_basename,112,3,1,2,1,0,0
mailpile.vfs.FilePath.encoded,105,3,1,2,1,0,0
mailpile.vfs.FilePath.endswith,117,35,1,34,1,1,1
mailpile.vfs.FilePath.join,121,1,1,0,1,0,0
mailpile.vfs.FilePath.lower,118,127,2,125,2,1,6
mailpile.vfs.FilePath.startswith,116,121,1,120,1,1,1
mailpile.vfs.FilePath.unalias,71,1,0,1,0,0,0
mailpile.vfs.FilePath.upper,119,18,2,16,2,1,1
mailpile.vfs.MailpileVFS._delegate,235,11,0,11,0,0,0
mailpile.vfs.MailpileVFS.abspath_,250,1,1,0,1,0,0
mailpile.vfs.MailpileVFS.display_name_,268,1,1,0,1,0,0
mailpile.vfs.MailpileVFS.exists_,271,1,1,0,1,0,0
mailpile.vfs.MailpileVFS.getflags_,256,1,1,0,1,0,0
mailpile.vfs.MailpileVFS.getsize_,265,1,1,0,1,0,0
mailpile.vfs.MailpileVFS.glob_,241,1,1,0,1,0,0
mailpile.vfs.MailpileVFS.isdir_,253,1,1,0,1,0,0
mailpile.vfs.MailpileVFS.ismailsource_,259,1,1,0,1,0,0
mailpile.vfs.MailpileVFS.listdir_,247,1,1,0,1,0,0
mailpile.vfs.MailpileVFS.mailbox_type_,262,1,1,0,1,0,0
mailpile.vfs.MailpileVFS.open_,244,1,1,0,1,0,0
mailpile.vfs.MailpileVfsBase.Handles,137,1,1,0,1,0,0
mailpile.vfs.MailpileVfsBase.abspath,181,4,1,3,1,0,0
mailpile.vfs.MailpileVfsBase.display_name,175,2,1,1,1,0,0
mailpile.vfs.MailpileVfsBase.display_name_,178,2,2,0,2,0,0
mailpile.vfs.MailpileVfsBase.exists,213,4,1,3,1,0,0
mailpile.vfs.MailpileVfsBase.getflags,184,2,1,1,1,0,0
mailpile.vfs.MailpileVfsBase.getflags_,187,2,2,0,2,0,0
mailpile.vfs.MailpileVfsBase.getinfo,160,2,2,0,2,0,0
mailpile.vfs.MailpileVfsBase.getinfo_,163,7,6,1,6,0,0
mailpile.vfs.MailpileVfsBase.getsize,210,4,1,3,1,0,0
mailpile.vfs.MailpileVfsBase.glob,152,1,1,0,1,0,0
mailpile.vfs.MailpileVfsBase.isdir,201,3,1,2,1,0,0
mailpile.vfs.MailpileVfsBase.ismailsource,204,1,1,0,1,0,0
mailpile.vfs.MailpileVfsBase.listdir,156,2,1,1,1,0,0
mailpile.vfs.MailpileVfsBase.mailbox_type,207,2,1,1,1,0,0
mailpile.vfs.MailpileVfsBase.open,145,2,1,1,1,0,0
mailpile.vfs.MailpileVfsBase.open_mailbox,149,1,1,0,1,0,0
mailpile.vfs.MailpileVfsBase.path_join,142,1,1,0,1,0,0
mailpile.vfs.MailpileVfsLocal.mailbox_type_,293,1,1,0,1,0,0
mailpile.vfs.MailpileVfsLocal.open_,288,1,1,0,1,0,0
mailpile.vfs.MailpileVfsRoot.Handles,370,2,2,0,2,0,0
mailpile.vfs.MailpileVfsRoot.__init__,310,2,1,1,1,0,0
mailpile.vfs.MailpileVfsRoot._discover_local_mailboxes,335,6,5,1,5,0,0
mailpile.vfs.MailpileVfsRoot._discover_mail_spool,324,3,2,1,2,0,0
mailpile.vfs.MailpileVfsRoot._discover_thunderbird,350,1,1,0,1,0,0
mailpile.vfs.MailpileVfsRoot._entries,361,11,2,9,2,0,0
mailpile.vfs.MailpileVfsRoot.abspath_,389,2,2,0,2,0,0
mailpile.vfs.MailpileVfsRoot.display_name_,380,2,2,0,2,0,0
mailpile.vfs.MailpileVfsRoot.exists_,408,2,2,0,2,0,0
mailpile.vfs.MailpileVfsRoot.getsize_,405,2,2,0,2,0,0
mailpile.vfs.MailpileVfsRoot.glob_,374,1,1,0,1,0,0
mailpile.vfs.MailpileVfsRoot.isdir_,393,2,2,0,2,0,0
mailpile.vfs.MailpileVfsRoot.ismailsource_,396,1,1,0,1,0,0
mailpile.vfs.MailpileVfsRoot.listdir_,377,3,2,1,2,0,0
mailpile.vfs.MailpileVfsRoot.mailbox_type_,400,2,2,0,2,0,0
mailpile.vfs.MailpileVfsRoot.rescan,314,11,4,7,4,0,0
mailpile.vfs.register_alias,37,2,0,2,0,0,0
mailpile.vfs.register_handler,32,4,1,3,1,0,0
mailpile.workers.Cron.__init__,19,1,0,1,0,0,0
mailpile.workers.Cron.__recalculateSleep,59,3,1,2,1,0,0
mailpile.workers.Cron.add_task,45,1,1,0,1,0,0
mailpile.workers.Cron.cancel_task,75,1,1,0,1,0,0
mailpile.workers.Cron.run,89,2,2,0,2,0,0
mailpile.workers.DumbWorker.add_task,348,2,0,2,0,0,0
mailpile.workers.DumbWorker.add_unique_task,352,1,1,0,1,0,0
mailpile.workers.DumbWorker.do,355,1,1,0,1,0,0
mailpile.workers.ImportantWorker._failed,341,2,2,0,2,0,0
mailpile.workers.ImportantWorker._keep_running,318,3,2,1,2,1,1
mailpile.workers.ImportantWorker._pause_for_user_activities,313,1,1,0,1,0,0
mailpile.workers.Worker.__init__,160,1,0,1,0,0,0
mailpile.workers.Worker._failed,229,5,3,2,3,0,0
mailpile.workers.Worker._keep_running,226,2,0,2,0,0,0
mailpile.workers.Worker._pause_for_user_activities,223,3,1,2,1,0,0
mailpile.workers.Worker.add_task,181,5,0,5,0,0,0
mailpile.workers.Worker.add_unique_task,203,2,1,1,1,0,0
mailpile.workers.Worker.die_soon,295,2,1,1,1,0,0
mailpile.workers.Worker.do,206,4,4,0,4,0,0
mailpile.workers.Worker.pause,276,4,3,1,3,0,0
mailpile.workers.Worker.quit,300,1,1,0,1,0,0
mailpile.workers.Worker.run,236,9,9,0,9,0,0
mailpile.workers.Worker.unpause,289,2,1,1,1,0,0
mailpile.www.jinjaextensions.MailpileCommand._add_state_query_string,170,4,4,0,4,0,0
mailpile.www.jinjaextensions.MailpileCommand._command,138,3,3,0,3,0,0
mailpile.www.jinjaextensions.MailpileCommand._command_render,144,5,5,0,5,0,0
mailpile.www.jinjaextensions.MailpileCommand._contact_name,509,1,1,0,1,0,0
mailpile.www.jinjaextensions.MailpileCommand._debug,131,13,0,13,0,0,0
mailpile.www.jinjaextensions.MailpileCommand._escapejs,627,1,1,0,1,0,0
mailpile.www.jinjaextensions.MailpileCommand._friendly_bytes,220,1,1,0,1,0,0
mailpile.www.jinjaextensions.MailpileCommand._friendly_number,216,1,1,0,1,0,0
mailpile.www.jinjaextensions.MailpileCommand._get_ui_elements,165,3,3,0,3,0,0
mailpile.www.jinjaextensions.MailpileCommand._has_label_tags,241,1,1,0,1,0,0
mailpile.www.jinjaextensions.MailpileCommand._json,607,1,1,0,1,0,0
mailpile.www.jinjaextensions.MailpileCommand._nice_fingerprint,825,1,1,0,1,0,0
mailpile.www.jinjaextensions.MailpileCommand._nice_subject,650,2,1,1,1,0,0
mailpile.www.jinjaextensions.MailpileCommand._recipient_summary,664,1,1,0,1,0,0
mailpile.www.jinjaextensions.MailpileCommand._safe,601,3,1,2,1,0,0
mailpile.www.jinjaextensions.MailpileCommand._show_crypto_policy,483,1,1,0,1,0,0
mailpile.www.jinjaextensions.MailpileCommand._show_message_encryption,442,2,1,1,1,0,0
mailpile.www.jinjaextensions.MailpileCommand._show_message_signature,353,2,1,1,1,0,0
mailpile.www.jinjaextensions.MailpileCommand._show_text_part_encryption,431,2,2,0,2,0,0
mailpile.www.jinjaextensions.MailpileCommand._show_text_part_signature,342,2,2,0,2,0,0
mailpile.www.jinjaextensions.MailpileCommand._theme_settings,820,2,2,0,2,0,0
mailpile.www.jinjaextensions.MailpileCommand._ui_elements_setup,199,2,2,0,2,0,0
mailpile.www.jinjaextensions.MailpileCommand._url_path_fix,582,2,2,0,2,0,0
mailpile.www.jinjaextensions.MailpileCommand._urlencode,590,1,1,0,1,0,0
mailpile.www.jinjaextensions.MailpileCommand._use_data_view,160,3,3,0,3,0,0
