full_name,label,degree,neighbors_count,in_degree,out_degree,self_loops,max_call_circles
nltk.app.chartparser_app.(global),0,1,1,0,1,0,0
nltk.app.chartparser_app.ChartComparer.__init__,494,6,6,0,6,0,0
nltk.app.chartparser_app.ChartComparer._apply_op,682,5,3,2,3,0,0
nltk.app.chartparser_app.ChartComparer._checkcompat,801,4,1,3,1,0,0
nltk.app.chartparser_app.ChartComparer._clear_out_chart,826,1,1,0,1,0,0
nltk.app.chartparser_app.ChartComparer._detatch_out,832,1,1,0,1,0,0
nltk.app.chartparser_app.ChartComparer._difference,765,3,2,1,2,0,0
nltk.app.chartparser_app.ChartComparer._init_bindings,659,1,0,1,0,0,0
nltk.app.chartparser_app.ChartComparer._init_buttons,643,1,0,1,0,0,0
nltk.app.chartparser_app.ChartComparer._init_chartviews,583,3,2,1,2,0,0
nltk.app.chartparser_app.ChartComparer._init_divider,579,1,0,1,0,0,0
nltk.app.chartparser_app.ChartComparer._init_menubar,546,1,0,1,0,0,0
nltk.app.chartparser_app.ChartComparer._intersection,775,3,2,1,2,0,0
nltk.app.chartparser_app.ChartComparer._select_left,668,2,2,0,2,0,0
nltk.app.chartparser_app.ChartComparer._select_right,675,2,2,0,2,0,0
nltk.app.chartparser_app.ChartComparer._union,785,3,2,1,2,0,0
nltk.app.chartparser_app.ChartComparer._update,817,3,0,3,0,0,0
nltk.app.chartparser_app.ChartComparer.destroy,532,2,1,1,1,1,1
nltk.app.chartparser_app.ChartComparer.load_chart,716,2,0,2,0,0,0
nltk.app.chartparser_app.ChartComparer.load_chart_dialog,706,1,1,0,1,0,0
nltk.app.chartparser_app.ChartComparer.mainloop,538,2,1,1,1,1,1
nltk.app.chartparser_app.ChartComparer.select_cell,756,2,1,1,1,1,1
nltk.app.chartparser_app.ChartMatrixView.__init__,101,8,5,3,5,0,0
nltk.app.chartparser_app.ChartMatrixView._click_cell,242,3,2,1,2,0,0
nltk.app.chartparser_app.ChartMatrixView._fire_callbacks,218,2,0,2,0,0,0
nltk.app.chartparser_app.ChartMatrixView._init_list,145,4,3,1,3,0,0
nltk.app.chartparser_app.ChartMatrixView._init_matrix,134,2,1,1,1,0,0
nltk.app.chartparser_app.ChartMatrixView._init_numedges,141,2,1,1,1,0,0
nltk.app.chartparser_app.ChartMatrixView._init_quit,130,1,0,1,0,0,0
nltk.app.chartparser_app.ChartMatrixView.activate,201,1,1,0,1,0,0
nltk.app.chartparser_app.ChartMatrixView.add_callback,209,1,0,1,0,0,0
nltk.app.chartparser_app.ChartMatrixView.deselect_cell,236,4,1,3,1,0,0
nltk.app.chartparser_app.ChartMatrixView.destroy,152,2,1,1,1,1,1
nltk.app.chartparser_app.ChartMatrixView.draw,266,4,2,2,2,0,0
nltk.app.chartparser_app.ChartMatrixView.inactivate,205,6,1,5,1,0,0
nltk.app.chartparser_app.ChartMatrixView.mark_edge,252,1,1,0,1,0,0
nltk.app.chartparser_app.ChartMatrixView.markonly_edge,261,1,1,0,1,0,0
nltk.app.chartparser_app.ChartMatrixView.pack,316,5,1,4,1,1,1
nltk.app.chartparser_app.ChartMatrixView.select_cell,222,6,2,4,2,0,0
nltk.app.chartparser_app.ChartMatrixView.set_chart,158,1,1,0,1,0,0
nltk.app.chartparser_app.ChartMatrixView.update,164,5,0,5,0,0,0
nltk.app.chartparser_app.ChartMatrixView.view_edge,248,1,1,0,1,0,0
nltk.app.chartparser_app.ChartParserApp.__init__,1626,10,9,1,9,0,0
nltk.app.chartparser_app.ChartParserApp._animate_strategy,2171,2,1,1,1,0,0
nltk.app.chartparser_app.ChartParserApp._apply_strategy,2183,3,1,2,1,0,0
nltk.app.chartparser_app.ChartParserApp._click_cv_edge,1924,2,2,0,2,0,0
nltk.app.chartparser_app.ChartParserApp._deselect_edge,1947,1,1,0,1,0,0
nltk.app.chartparser_app.ChartParserApp._display_rule,2190,3,1,2,1,0,0
nltk.app.chartparser_app.ChartParserApp._init_animation,1716,1,0,1,0,0,0
nltk.app.chartparser_app.ChartParserApp._init_bindings,1792,1,0,1,0,0,0
nltk.app.chartparser_app.ChartParserApp._init_buttons,1747,1,0,1,0,0,0
nltk.app.chartparser_app.ChartParserApp._init_chartview,1728,2,1,1,1,0,0
nltk.app.chartparser_app.ChartParserApp._init_fonts,1702,1,0,1,0,0,0
nltk.app.chartparser_app.ChartParserApp._init_menubar,1821,1,0,1,0,0,0
nltk.app.chartparser_app.ChartParserApp._init_parser,1682,2,1,1,1,0,0
nltk.app.chartparser_app.ChartParserApp._init_rulelabel,1733,1,0,1,0,0,0
nltk.app.chartparser_app.ChartParserApp._reset_parser,1687,3,1,2,1,0,0
nltk.app.chartparser_app.ChartParserApp._select_edge,1938,3,1,2,1,0,0
nltk.app.chartparser_app.ChartParserApp._select_matrix_edge,1934,1,1,0,1,0,0
nltk.app.chartparser_app.ChartParserApp._show_new_edge,1955,3,2,1,2,0,0
nltk.app.chartparser_app.ChartParserApp.apply_strategy,2131,11,3,8,3,0,0
nltk.app.chartparser_app.ChartParserApp.bottom_up,2219,1,1,0,1,0,0
nltk.app.chartparser_app.ChartParserApp.bottom_up_leftcorner,2221,1,1,0,1,0,0
nltk.app.chartparser_app.ChartParserApp.bottom_up_leftcorner_strategy,2227,1,1,0,1,0,0
nltk.app.chartparser_app.ChartParserApp.bottom_up_strategy,2225,1,1,0,1,0,0
nltk.app.chartparser_app.ChartParserApp.destroy,1663,5,1,4,1,1,1
nltk.app.chartparser_app.ChartParserApp.fundamental,2223,1,1,0,1,0,0
nltk.app.chartparser_app.ChartParserApp.get_font_size,2124,1,0,1,0,0,0
nltk.app.chartparser_app.ChartParserApp.load_chart,1998,1,1,0,1,0,0
nltk.app.chartparser_app.ChartParserApp.load_grammar,2030,1,1,0,1,0,0
nltk.app.chartparser_app.ChartParserApp.mainloop,1668,2,1,1,1,1,1
nltk.app.chartparser_app.ChartParserApp.reset,2066,3,2,1,2,0,0
nltk.app.chartparser_app.ChartParserApp.resize,2114,1,1,0,1,0,0
nltk.app.chartparser_app.ChartParserApp.set_font_size,2118,3,1,2,1,1,1
nltk.app.chartparser_app.ChartParserApp.set_grammar,2081,3,1,2,1,1,1
nltk.app.chartparser_app.ChartParserApp.set_sentence,2092,1,1,0,1,0,0
nltk.app.chartparser_app.ChartParserApp.top_down_init,2215,1,1,0,1,0,0
nltk.app.chartparser_app.ChartParserApp.top_down_predict,2217,1,1,0,1,0,0
nltk.app.chartparser_app.ChartParserApp.top_down_strategy,2229,1,1,0,1,0,0
nltk.app.chartparser_app.ChartParserApp.view_matrix,2100,2,2,0,2,0,0
nltk.app.chartparser_app.ChartParserApp.view_results,2105,2,2,0,2,0,0
nltk.app.chartparser_app.ChartResultsView.__init__,324,3,2,1,2,0,0
nltk.app.chartparser_app.ChartResultsView._add,369,1,0,1,0,0,0
nltk.app.chartparser_app.ChartResultsView._color,396,2,1,1,1,1,1
nltk.app.chartparser_app.ChartResultsView.clear,428,3,0,3,0,0,0
nltk.app.chartparser_app.ChartResultsView.destroy,449,2,1,1,1,1,1
nltk.app.chartparser_app.ChartResultsView.pack,455,3,1,2,1,1,1
nltk.app.chartparser_app.ChartResultsView.print_selection,408,2,2,0,2,0,0
nltk.app.chartparser_app.ChartResultsView.set_chart,439,2,2,0,2,0,0
nltk.app.chartparser_app.ChartResultsView.set_grammar,444,2,2,0,2,0,0
nltk.app.chartparser_app.ChartResultsView.update,358,5,1,4,1,0,0
nltk.app.chartparser_app.ChartView.__init__,899,7,6,1,6,0,0
nltk.app.chartparser_app.ChartView._add_edge,1139,7,5,2,5,0,0
nltk.app.chartparser_app.ChartView._analyze,1306,5,2,3,2,0,0
nltk.app.chartparser_app.ChartView._analyze_edge,1105,2,0,2,0,0,0
nltk.app.chartparser_app.ChartView._color_edge,1251,5,1,4,1,1,1
nltk.app.chartparser_app.ChartView._configure,1055,1,1,0,1,0,0
nltk.app.chartparser_app.ChartView._draw_edge,1195,4,2,2,2,0,0
nltk.app.chartparser_app.ChartView._draw_loclines,1368,1,0,1,0,0,0
nltk.app.chartparser_app.ChartView._draw_sentence,1406,1,0,1,0,0,0
nltk.app.chartparser_app.ChartView._draw_treecycle,1465,2,1,1,1,0,2
nltk.app.chartparser_app.ChartView._draw_treetok,1494,3,1,2,1,1,1
nltk.app.chartparser_app.ChartView._edge_conflict,1092,1,0,1,0,0,0
nltk.app.chartparser_app.ChartView._fire_callbacks,1584,1,0,1,0,0,0
nltk.app.chartparser_app.ChartView._grow,1024,4,0,4,0,0,0
nltk.app.chartparser_app.ChartView._init_fonts,983,1,0,1,0,0,0
nltk.app.chartparser_app.ChartView._resize,1346,4,0,4,0,0,0
nltk.app.chartparser_app.ChartView._sb_canvas,992,1,0,1,0,0,0
nltk.app.chartparser_app.ChartView.cycle_tree,1461,2,1,1,1,0,0
nltk.app.chartparser_app.ChartView.draw,1550,9,5,4,5,0,0
nltk.app.chartparser_app.ChartView.draw_tree,1432,7,2,5,2,0,2
nltk.app.chartparser_app.ChartView.erase_tree,1426,2,0,2,0,0,0
nltk.app.chartparser_app.ChartView.mark_edge,1282,2,1,1,1,0,0
nltk.app.chartparser_app.ChartView.markonly_edge,1302,2,2,0,2,0,0
nltk.app.chartparser_app.ChartView.set_font_size,1044,3,3,0,3,0,0
nltk.app.chartparser_app.ChartView.unmark_edge,1289,2,1,1,1,0,0
nltk.app.chartparser_app.ChartView.update,1066,6,6,0,6,0,0
nltk.app.chartparser_app.EdgeRule.__str__,1608,2,1,1,1,1,1
nltk.app.chartparser_app.EdgeRule.apply,1604,3,1,2,1,1,1
nltk.app.chartparser_app.app,2232,2,1,1,1,0,0
nltk.app.chunkparser_app.(global),0,1,1,0,1,0,0
nltk.app.chunkparser_app.RegexpChunkApp.__init__,259,7,6,1,6,0,0
nltk.app.chunkparser_app.RegexpChunkApp._adaptively_modify_eval_chunk,620,1,0,1,0,0,0
nltk.app.chunkparser_app.RegexpChunkApp._chunkparse,1116,3,0,3,0,0,0
nltk.app.chunkparser_app.RegexpChunkApp._chunks,991,2,0,2,0,0,0
nltk.app.chunkparser_app.RegexpChunkApp._color_chunk,1127,2,0,2,0,0,0
nltk.app.chunkparser_app.RegexpChunkApp._devset_next,922,1,1,0,1,0,0
nltk.app.chunkparser_app.RegexpChunkApp._devset_prev,926,1,1,0,1,0,0
nltk.app.chunkparser_app.RegexpChunkApp._devset_scroll,935,4,2,2,2,0,0
nltk.app.chunkparser_app.RegexpChunkApp._eval_demon,553,5,4,1,4,0,0
nltk.app.chunkparser_app.RegexpChunkApp._eval_plot,449,2,0,2,0,0,0
nltk.app.chunkparser_app.RegexpChunkApp._grammarcheck,1029,1,0,1,0,0,0
nltk.app.chunkparser_app.RegexpChunkApp._highlight_devset,1093,6,3,3,3,0,0
nltk.app.chunkparser_app.RegexpChunkApp._history_next,882,1,1,0,1,0,0
nltk.app.chunkparser_app.RegexpChunkApp._history_prev,878,1,1,0,1,0,0
nltk.app.chunkparser_app.RegexpChunkApp._init_bindings,360,3,2,1,2,0,0
nltk.app.chunkparser_app.RegexpChunkApp._init_fonts,374,1,0,1,0,0,0
nltk.app.chunkparser_app.RegexpChunkApp._init_menubar,383,1,0,1,0,0,0
nltk.app.chunkparser_app.RegexpChunkApp._init_widgets,636,2,1,1,1,0,0
nltk.app.chunkparser_app.RegexpChunkApp._syntax_highlight_grammar,1003,2,0,2,0,0,0
nltk.app.chunkparser_app.RegexpChunkApp._view_history,886,7,5,2,5,0,0
nltk.app.chunkparser_app.RegexpChunkApp.destroy,930,2,1,1,1,1,1
nltk.app.chunkparser_app.RegexpChunkApp.load_grammar,1179,2,1,1,1,0,0
nltk.app.chunkparser_app.RegexpChunkApp.mainloop,1246,2,1,1,1,1,1
nltk.app.chunkparser_app.RegexpChunkApp.normalize_grammar,248,5,0,5,0,0,0
nltk.app.chunkparser_app.RegexpChunkApp.reset,1133,2,2,0,2,0,0
nltk.app.chunkparser_app.RegexpChunkApp.save_grammar,1157,2,1,1,1,0,0
nltk.app.chunkparser_app.RegexpChunkApp.save_history,1195,1,1,0,1,0,0
nltk.app.chunkparser_app.RegexpChunkApp.set_devset_size,1233,1,1,0,1,0,0
nltk.app.chunkparser_app.RegexpChunkApp.show_devset,949,6,1,5,1,0,0
nltk.app.chunkparser_app.RegexpChunkApp.show_help,852,1,0,1,0,0,0
nltk.app.chunkparser_app.RegexpChunkApp.show_trace,792,7,3,4,3,0,0
nltk.app.chunkparser_app.RegexpChunkApp.toggle_show_trace,439,2,2,0,2,0,0
nltk.app.chunkparser_app.RegexpChunkApp.update,1044,9,6,3,6,0,0
nltk.app.chunkparser_app.app,1256,2,1,1,1,0,0
nltk.app.collocations_app.(global),0,1,1,0,1,0,0
nltk.app.collocations_app.CollocationsModel.__init__,274,2,1,1,1,0,0
nltk.app.collocations_app.CollocationsModel.is_last_page,301,1,0,1,0,0,0
nltk.app.collocations_app.CollocationsModel.load_corpus,287,1,1,0,1,0,0
nltk.app.collocations_app.CollocationsModel.reset_results,283,2,0,2,0,0,0
nltk.app.collocations_app.CollocationsView.__init__,72,6,5,1,5,0,0
nltk.app.collocations_app.CollocationsView.__next__,215,4,4,0,4,0,0
nltk.app.collocations_app.CollocationsView._init_corpus_select,97,1,0,1,0,0,0
nltk.app.collocations_app.CollocationsView._init_menubar,114,1,0,1,0,0,0
nltk.app.collocations_app.CollocationsView._init_paging,162,2,1,1,1,0,0
nltk.app.collocations_app.CollocationsView._init_results_box,140,1,0,1,0,0,0
nltk.app.collocations_app.CollocationsView._init_status,110,1,0,1,0,0,0
nltk.app.collocations_app.CollocationsView._init_top,82,1,0,1,0,0,0
nltk.app.collocations_app.CollocationsView._init_widgets,89,5,4,1,4,0,0
nltk.app.collocations_app.CollocationsView._poll,174,2,2,0,2,0,0
nltk.app.collocations_app.CollocationsView.clear_results_box,233,4,0,4,0,0,0
nltk.app.collocations_app.CollocationsView.corpus_selected,203,1,1,0,1,0,0
nltk.app.collocations_app.CollocationsView.destroy,242,2,1,1,1,1,1
nltk.app.collocations_app.CollocationsView.freeze_editable,229,4,0,4,0,0,0
nltk.app.collocations_app.CollocationsView.handle_corpus_loaded,193,5,4,1,4,0,0
nltk.app.collocations_app.CollocationsView.handle_error_loading_corpus,186,5,4,1,4,0,0
nltk.app.collocations_app.CollocationsView.load_corpus,223,5,2,3,2,1,1
nltk.app.collocations_app.CollocationsView.mainloop,248,3,1,2,1,1,1
nltk.app.collocations_app.CollocationsView.previous,207,4,4,0,4,0,0
nltk.app.collocations_app.CollocationsView.reset_current_page,171,3,0,3,0,0,0
nltk.app.collocations_app.CollocationsView.set_paging_button_states,255,2,1,1,1,0,0
nltk.app.collocations_app.CollocationsView.unfreeze_editable,252,5,1,4,1,0,0
nltk.app.collocations_app.CollocationsView.write_results,265,3,0,3,0,0,0
nltk.app.collocations_app.app,341,3,2,1,2,0,0
nltk.app.concordance_app.(global),0,1,1,0,1,0,0
nltk.app.concordance_app.ConcordanceSearchModel.__init__,447,3,2,1,2,0,0
nltk.app.concordance_app.ConcordanceSearchModel.get_results,497,1,0,1,0,0,0
nltk.app.concordance_app.ConcordanceSearchModel.has_more_pages,500,1,0,1,0,0,0
nltk.app.concordance_app.ConcordanceSearchModel.next,475,1,1,0,1,0,0
nltk.app.concordance_app.ConcordanceSearchModel.reset_query,491,2,0,2,0,0,0
nltk.app.concordance_app.ConcordanceSearchModel.reset_results,486,1,0,1,0,0,0
nltk.app.concordance_app.ConcordanceSearchModel.search,470,1,0,1,0,0,0
nltk.app.concordance_app.ConcordanceSearchView.__init__,105,6,5,1,5,0,0
nltk.app.concordance_app.ConcordanceSearchView.__next__,274,2,2,0,2,0,0
nltk.app.concordance_app.ConcordanceSearchView._init_corpus_select,204,1,0,1,0,0,0
nltk.app.concordance_app.ConcordanceSearchView._init_menubar,131,1,0,1,0,0,0
nltk.app.concordance_app.ConcordanceSearchView._init_paging,260,1,0,1,0,0,0
nltk.app.concordance_app.ConcordanceSearchView._init_query_box,222,1,0,1,0,0,0
nltk.app.concordance_app.ConcordanceSearchView._init_results_box,236,1,0,1,0,0,0
nltk.app.concordance_app.ConcordanceSearchView._init_status,218,1,0,1,0,0,0
nltk.app.concordance_app.ConcordanceSearchView._init_top,115,1,0,1,0,0,0
nltk.app.concordance_app.ConcordanceSearchView._init_widgets,122,6,5,1,5,0,0
nltk.app.concordance_app.ConcordanceSearchView._poll,294,4,4,0,4,0,0
nltk.app.concordance_app.ConcordanceSearchView.clear_all,407,4,2,2,2,0,0
nltk.app.concordance_app.ConcordanceSearchView.clear_results_box,412,4,0,4,0,0,0
nltk.app.concordance_app.ConcordanceSearchView.corpus_selected,338,1,1,0,1,0,0
nltk.app.concordance_app.ConcordanceSearchView.destroy,401,2,1,1,1,1,1
nltk.app.concordance_app.ConcordanceSearchView.freeze_editable,417,5,0,5,0,0,0
nltk.app.concordance_app.ConcordanceSearchView.handle_corpus_loaded,316,3,2,1,2,0,0
nltk.app.concordance_app.ConcordanceSearchView.handle_error_loading_corpus,310,4,3,1,3,0,0
nltk.app.concordance_app.ConcordanceSearchView.handle_search_error,334,2,1,1,1,0,0
nltk.app.concordance_app.ConcordanceSearchView.handle_search_terminated,322,4,3,1,3,0,0
nltk.app.concordance_app.ConcordanceSearchView.load_corpus,342,5,2,3,2,1,1
nltk.app.concordance_app.ConcordanceSearchView.mainloop,442,3,1,2,1,1,1
nltk.app.concordance_app.ConcordanceSearchView.pad,394,1,0,1,0,0,0
nltk.app.concordance_app.ConcordanceSearchView.previous,269,2,2,0,2,0,0
nltk.app.concordance_app.ConcordanceSearchView.search,348,5,3,2,3,1,1
nltk.app.concordance_app.ConcordanceSearchView.search_enter_keypress_handler,233,1,1,0,1,0,0
nltk.app.concordance_app.ConcordanceSearchView.set_paging_button_states,428,2,1,1,1,0,0
nltk.app.concordance_app.ConcordanceSearchView.unfreeze_editable,423,5,1,4,1,0,0
nltk.app.concordance_app.ConcordanceSearchView.words_and_labels,377,1,0,1,0,0,0
nltk.app.concordance_app.ConcordanceSearchView.write_results,359,3,2,1,2,0,0
nltk.app.concordance_app.app,563,3,2,1,2,0,0
nltk.app.nemo_app.(global),0,1,1,0,1,0,0
nltk.app.nemo_app.Zone.__init__,52,1,1,0,1,0,0
nltk.app.nemo_app.Zone.initScrollText,68,1,0,1,0,0,0
nltk.app.nemo_app.app,135,2,1,1,1,0,0
nltk.app.nemo_app.launchRefresh,130,1,0,1,0,0,0
nltk.app.rdparser_app.(global),0,1,1,0,1,0,0
nltk.app.rdparser_app.RecursiveDescentApp.__init__,88,8,7,1,7,0,0
nltk.app.rdparser_app.RecursiveDescentApp._animate_backtrack,776,3,2,1,2,0,4
nltk.app.rdparser_app.RecursiveDescentApp._animate_backtrack_frame,792,3,2,1,2,0,4
nltk.app.rdparser_app.RecursiveDescentApp._animate_expand,675,5,3,2,3,0,4
nltk.app.rdparser_app.RecursiveDescentApp._animate_expand_frame,753,3,2,1,2,0,4
nltk.app.rdparser_app.RecursiveDescentApp._animate_match,814,3,2,1,2,0,4
nltk.app.rdparser_app.RecursiveDescentApp._animate_match_backtrack,806,3,2,1,2,0,4
nltk.app.rdparser_app.RecursiveDescentApp._animate_match_backtrack_frame,833,2,1,1,1,0,4
nltk.app.rdparser_app.RecursiveDescentApp._animate_match_frame,821,3,2,1,2,0,4
nltk.app.rdparser_app.RecursiveDescentApp._backtrack,564,5,3,2,3,0,4
nltk.app.rdparser_app.RecursiveDescentApp._configure,236,1,1,0,1,0,0
nltk.app.rdparser_app.RecursiveDescentApp._expand,533,4,2,2,2,0,4
nltk.app.rdparser_app.RecursiveDescentApp._get,352,5,0,5,0,0,0
nltk.app.rdparser_app.RecursiveDescentApp._highlight_nodes,409,3,1,2,1,0,0
nltk.app.rdparser_app.RecursiveDescentApp._highlight_prodlist,418,2,0,2,0,0,0
nltk.app.rdparser_app.RecursiveDescentApp._init_bindings,179,1,0,1,0,0,0
nltk.app.rdparser_app.RecursiveDescentApp._init_buttons,212,1,0,1,0,0,0
nltk.app.rdparser_app.RecursiveDescentApp._init_canvas,259,1,0,1,0,0,0
nltk.app.rdparser_app.RecursiveDescentApp._init_feedback,243,1,0,1,0,0,0
nltk.app.rdparser_app.RecursiveDescentApp._init_fonts,130,1,0,1,0,0,0
nltk.app.rdparser_app.RecursiveDescentApp._init_grammar,148,1,0,1,0,0,0
nltk.app.rdparser_app.RecursiveDescentApp._init_menubar,272,1,0,1,0,0,0
nltk.app.rdparser_app.RecursiveDescentApp._makeroom,729,3,1,2,1,1,1
nltk.app.rdparser_app.RecursiveDescentApp._match,550,4,2,2,2,0,4
nltk.app.rdparser_app.RecursiveDescentApp._position_text,437,3,1,2,1,0,0
nltk.app.rdparser_app.RecursiveDescentApp._prodlist_select,651,2,2,0,2,0,0
nltk.app.rdparser_app.RecursiveDescentApp._redraw,362,6,3,3,3,0,0
nltk.app.rdparser_app.RecursiveDescentApp._redraw_quick,403,6,3,3,3,0,0
nltk.app.rdparser_app.RecursiveDescentApp._step,516,9,3,6,3,0,4
nltk.app.rdparser_app.RecursiveDescentApp._tree_leaves,471,3,1,2,1,1,1
nltk.app.rdparser_app.RecursiveDescentApp.autostep,497,1,1,0,1,0,0
nltk.app.rdparser_app.RecursiveDescentApp.backtrack,514,2,1,1,1,0,2
nltk.app.rdparser_app.RecursiveDescentApp.destroy,484,2,1,1,1,1,1
nltk.app.rdparser_app.RecursiveDescentApp.expand,513,3,1,2,1,0,2
nltk.app.rdparser_app.RecursiveDescentApp.mainloop,607,2,1,1,1,1,1
nltk.app.rdparser_app.RecursiveDescentApp.match,512,2,1,1,1,0,2
nltk.app.rdparser_app.RecursiveDescentApp.reset,490,2,1,1,1,0,0
nltk.app.rdparser_app.RecursiveDescentApp.resize,617,1,1,0,1,0,0
nltk.app.rdparser_app.RecursiveDescentApp.set_grammar,848,2,1,1,1,1,1
nltk.app.rdparser_app.RecursiveDescentApp.set_sentence,861,1,1,0,1,0,0
nltk.app.rdparser_app.RecursiveDescentApp.step,511,1,1,0,1,0,0
nltk.app.rdparser_app.app,865,2,1,1,1,0,0
nltk.app.srparser_app.(global),0,1,1,0,1,0,0
nltk.app.srparser_app.ShiftReduceApp.__init__,97,9,8,1,8,0,0
nltk.app.srparser_app.ShiftReduceApp._animate_reduce,661,3,1,2,1,0,0
nltk.app.srparser_app.ShiftReduceApp._animate_reduce_frame,677,3,2,1,2,0,0
nltk.app.srparser_app.ShiftReduceApp._animate_shift,629,2,1,1,1,0,0
nltk.app.srparser_app.ShiftReduceApp._animate_shift_frame,643,3,2,1,2,0,0
nltk.app.srparser_app.ShiftReduceApp._clear_hover,758,1,0,1,0,0,0
nltk.app.srparser_app.ShiftReduceApp._draw_stack_top,440,2,0,2,0,0,0
nltk.app.srparser_app.ShiftReduceApp._highlight_hover,736,1,1,0,1,0,0
nltk.app.srparser_app.ShiftReduceApp._highlight_productions,445,3,0,3,0,0,0
nltk.app.srparser_app.ShiftReduceApp._init_bindings,191,1,0,1,0,0,0
nltk.app.srparser_app.ShiftReduceApp._init_buttons,225,1,0,1,0,0,0
nltk.app.srparser_app.ShiftReduceApp._init_canvas,333,1,0,1,0,0,0
nltk.app.srparser_app.ShiftReduceApp._init_feedback,317,1,0,1,0,0,0
nltk.app.srparser_app.ShiftReduceApp._init_fonts,139,1,0,1,0,0,0
nltk.app.srparser_app.ShiftReduceApp._init_grammar,153,1,0,1,0,0,0
nltk.app.srparser_app.ShiftReduceApp._init_menubar,242,1,0,1,0,0,0
nltk.app.srparser_app.ShiftReduceApp._prodlist_select,594,3,3,0,3,0,0
nltk.app.srparser_app.ShiftReduceApp._redraw,358,10,3,7,3,1,2
nltk.app.srparser_app.ShiftReduceApp.destroy,456,2,1,1,1,1,1
nltk.app.srparser_app.ShiftReduceApp.mainloop,511,2,1,1,1,1,1
nltk.app.srparser_app.ShiftReduceApp.reduce,491,6,3,3,3,1,1
nltk.app.srparser_app.ShiftReduceApp.reset,461,3,1,2,1,0,0
nltk.app.srparser_app.ShiftReduceApp.resize,525,1,1,0,1,0,0
nltk.app.srparser_app.ShiftReduceApp.set_grammar,563,2,1,1,1,1,1
nltk.app.srparser_app.ShiftReduceApp.set_sentence,576,1,1,0,1,0,0
nltk.app.srparser_app.ShiftReduceApp.shift,478,6,3,3,3,1,2
nltk.app.srparser_app.ShiftReduceApp.step,467,2,2,0,2,0,0
nltk.app.srparser_app.ShiftReduceApp.undo,503,3,2,1,2,1,1
nltk.app.srparser_app.app,769,2,1,1,1,0,0
nltk.app.wordfreq_app.(global),0,1,1,0,1,0,0
nltk.app.wordfreq_app.app,25,2,1,1,1,0,0
nltk.app.wordfreq_app.plot_word_freq_dist,12,1,0,1,0,0,0
nltk.app.wordnet_app.(global),0,4,4,0,4,0,0
nltk.app.wordnet_app.MyServerHandler.do_GET,95,6,6,0,6,0,0
nltk.app.wordnet_app.MyServerHandler.do_HEAD,92,1,1,0,1,0,0
nltk.app.wordnet_app.MyServerHandler.send_head,160,2,0,2,0,0,0
nltk.app.wordnet_app.Reference.__init__,632,4,0,4,0,0,0
nltk.app.wordnet_app.Reference.decode,657,4,2,2,2,0,2
nltk.app.wordnet_app.Reference.encode,646,5,1,4,1,0,2
nltk.app.wordnet_app.Reference.toggle_synset,680,1,0,1,0,0,0
nltk.app.wordnet_app.Reference.toggle_synset_relation,665,1,0,1,0,0,0
nltk.app.wordnet_app._abbc,505,2,2,0,2,0,0
nltk.app.wordnet_app._bold,479,2,0,2,0,0,0
nltk.app.wordnet_app._center,481,1,0,1,0,0,0
nltk.app.wordnet_app._collect_all_synsets,564,2,1,1,1,0,0
nltk.app.wordnet_app._collect_one_synset,522,7,6,1,6,0,0
nltk.app.wordnet_app._hlev,483,1,0,1,0,0,0
nltk.app.wordnet_app._italic,485,1,0,1,0,0,0
nltk.app.wordnet_app._li,487,1,0,1,0,0,0
nltk.app.wordnet_app._pos_match,297,2,1,1,1,0,0
nltk.app.wordnet_app._pos_tuples,290,2,0,2,0,0,0
nltk.app.wordnet_app._synset_relations,574,6,5,1,5,0,0
nltk.app.wordnet_app._ul,503,1,0,1,0,0,0
nltk.app.wordnet_app.app,942,3,2,1,2,0,0
nltk.app.wordnet_app.get_relations_data,362,3,2,1,2,0,0
nltk.app.wordnet_app.get_static_index_page,864,2,0,2,0,0,0
nltk.app.wordnet_app.get_static_page_by_path,771,4,3,1,3,0,0
nltk.app.wordnet_app.get_static_upper_page,895,1,0,1,0,0,0
nltk.app.wordnet_app.get_static_web_help_page,793,1,0,1,0,0,0
nltk.app.wordnet_app.lemma_property,345,1,0,1,0,0,0
nltk.app.wordnet_app.make_lookup_link,692,3,1,2,1,0,0
nltk.app.wordnet_app.page_from_href,709,3,2,1,2,0,0
nltk.app.wordnet_app.page_from_reference,722,5,3,2,3,0,0
nltk.app.wordnet_app.page_from_word,696,3,2,1,2,0,0
nltk.app.wordnet_app.rebuild_tree,356,3,1,2,1,1,1
nltk.app.wordnet_app.startBrowser,261,1,0,1,0,0,0
nltk.app.wordnet_app.usage,936,1,0,1,0,0,0
nltk.app.wordnet_app.wnb,188,2,1,1,1,0,0
nltk.sem.boxer.(global),0,3,3,0,3,0,0
nltk.sem.boxer.AbstractBoxerDrs._clean_name,820,3,0,3,0,0,0
nltk.sem.boxer.AbstractBoxerDrs._variables,808,1,0,1,0,0,0
nltk.sem.boxer.AbstractBoxerDrs.variable_types,801,1,1,0,1,0,0
nltk.sem.boxer.AbstractBoxerDrs.variables,794,2,1,1,1,0,0
nltk.sem.boxer.Boxer.__init__,54,3,2,1,2,0,0
nltk.sem.boxer.Boxer._call,192,2,0,2,0,0,0
nltk.sem.boxer.Boxer._call_boxer,157,3,2,1,2,0,0
nltk.sem.boxer.Boxer._call_candc,144,2,1,1,1,0,0
nltk.sem.boxer.Boxer._find_binary,184,1,0,1,0,0,0
nltk.sem.boxer.Boxer._parse_drs,261,2,1,1,1,0,0
nltk.sem.boxer.Boxer._parse_to_drs_dict,225,3,2,1,2,0,3
nltk.sem.boxer.Boxer.interpret,77,2,1,1,1,0,3
nltk.sem.boxer.Boxer.interpret_multi,92,2,1,1,1,0,0
nltk.sem.boxer.Boxer.interpret_multi_sents,118,6,3,3,3,0,3
nltk.sem.boxer.Boxer.interpret_sents,107,1,1,0,1,0,0
nltk.sem.boxer.Boxer.set_bin_dir,72,2,1,1,1,0,0
nltk.sem.boxer.BoxerCard.__init__,1069,4,1,3,1,0,0
nltk.sem.boxer.BoxerCard.renumber_sentences,1078,1,1,0,1,0,0
nltk.sem.boxer.BoxerDrs.__init__,832,6,0,6,0,0,0
nltk.sem.boxer.BoxerDrs._variables,839,2,1,1,1,1,1
nltk.sem.boxer.BoxerDrs.atoms,849,2,1,1,1,1,1
nltk.sem.boxer.BoxerDrs.clean,855,3,2,1,2,1,1
nltk.sem.boxer.BoxerDrs.renumber_sentences,859,3,2,1,2,1,1
nltk.sem.boxer.BoxerDrsParser.__init__,622,1,1,0,1,0,0
nltk.sem.boxer.BoxerDrsParser.get_next_token_variable,785,2,2,0,2,0,0
nltk.sem.boxer.BoxerDrsParser.handle,632,17,17,0,17,0,0
nltk.sem.boxer.BoxerDrsParser.nullableIntToken,781,2,1,1,1,0,0
nltk.sem.boxer.BoxerEq.__init__,1048,4,1,3,1,0,0
nltk.sem.boxer.BoxerEq.renumber_sentences,1059,1,1,0,1,0,0
nltk.sem.boxer.BoxerIndexed.__init__,916,8,0,8,0,0,0
nltk.sem.boxer.BoxerNamed.__init__,972,6,1,5,1,0,0
nltk.sem.boxer.BoxerNamed.change_var,982,1,1,0,1,0,0
nltk.sem.boxer.BoxerNamed.clean,985,2,2,0,2,0,0
nltk.sem.boxer.BoxerNamed.renumber_sentences,988,1,1,0,1,0,0
nltk.sem.boxer.BoxerNot.__init__,887,4,0,4,0,0,0
nltk.sem.boxer.BoxerNot._variables,891,2,1,1,1,1,1
nltk.sem.boxer.BoxerNot.atoms,894,2,1,1,1,1,1
nltk.sem.boxer.BoxerNot.clean,897,3,2,1,2,1,1
nltk.sem.boxer.BoxerNot.renumber_sentences,900,3,2,1,2,1,1
nltk.sem.boxer.BoxerOr.__init__,1088,5,1,4,1,0,0
nltk.sem.boxer.BoxerOr._variables,1093,2,1,1,1,1,1
nltk.sem.boxer.BoxerOr.atoms,1096,2,1,1,1,1,1
nltk.sem.boxer.BoxerOr.clean,1099,3,2,1,2,1,1
nltk.sem.boxer.BoxerOr.renumber_sentences,1102,1,1,0,1,0,0
nltk.sem.boxer.BoxerOutputDrsParser.__init__,266,2,1,1,1,0,0
nltk.sem.boxer.BoxerOutputDrsParser._handle_alfa,537,4,3,1,3,0,0
nltk.sem.boxer.BoxerOutputDrsParser._handle_binary_expression,529,5,3,2,3,0,0
nltk.sem.boxer.BoxerOutputDrsParser._handle_card,471,5,4,1,4,0,0
nltk.sem.boxer.BoxerOutputDrsParser._handle_date,419,6,5,1,5,0,0
nltk.sem.boxer.BoxerOutputDrsParser._handle_eq,547,5,4,1,4,0,0
nltk.sem.boxer.BoxerOutputDrsParser._handle_named,370,5,4,1,4,0,0
nltk.sem.boxer.BoxerOutputDrsParser._handle_not,348,5,4,1,4,0,0
nltk.sem.boxer.BoxerOutputDrsParser._handle_pred,354,5,4,1,4,0,0
nltk.sem.boxer.BoxerOutputDrsParser._handle_prop,482,6,5,1,5,0,0
nltk.sem.boxer.BoxerOutputDrsParser._handle_rel,383,5,4,1,4,0,0
nltk.sem.boxer.BoxerOutputDrsParser._handle_time,449,5,4,1,4,0,0
nltk.sem.boxer.BoxerOutputDrsParser._handle_time_expression,405,6,5,1,5,0,0
nltk.sem.boxer.BoxerOutputDrsParser._handle_timex,396,5,4,1,4,0,0
nltk.sem.boxer.BoxerOutputDrsParser._handle_whq,556,6,5,1,5,0,0
nltk.sem.boxer.BoxerOutputDrsParser._make_imp_expression,591,1,1,0,1,0,0
nltk.sem.boxer.BoxerOutputDrsParser._make_merge_expression,585,1,1,0,1,0,0
nltk.sem.boxer.BoxerOutputDrsParser._make_or_expression,588,1,1,0,1,0,0
nltk.sem.boxer.BoxerOutputDrsParser._parse_index_list,491,6,3,3,3,0,0
nltk.sem.boxer.BoxerOutputDrsParser._sent_and_word_indices,602,2,0,2,0,0,0
nltk.sem.boxer.BoxerOutputDrsParser.handle,284,1,1,0,1,0,0
nltk.sem.boxer.BoxerOutputDrsParser.handle_condition,310,12,11,1,11,0,0
nltk.sem.boxer.BoxerOutputDrsParser.handle_drs,302,4,3,1,3,0,0
nltk.sem.boxer.BoxerOutputDrsParser.parse,277,1,1,0,1,0,0
nltk.sem.boxer.BoxerOutputDrsParser.parse_condition,290,4,3,1,3,0,0
nltk.sem.boxer.BoxerOutputDrsParser.parse_drs,503,8,7,1,7,0,0
nltk.sem.boxer.BoxerOutputDrsParser.parse_index,599,2,1,1,1,0,0
nltk.sem.boxer.BoxerOutputDrsParser.parse_variable,594,10,1,9,1,0,0
nltk.sem.boxer.BoxerPred.__init__,945,8,1,7,1,0,0
nltk.sem.boxer.BoxerPred.change_var,955,1,1,0,1,0,0
nltk.sem.boxer.BoxerPred.clean,958,2,2,0,2,0,0
nltk.sem.boxer.BoxerPred.renumber_sentences,961,1,1,0,1,0,0
nltk.sem.boxer.BoxerProp.__init__,1021,5,1,4,1,0,0
nltk.sem.boxer.BoxerProp._variables,1026,2,1,1,1,1,1
nltk.sem.boxer.BoxerProp.atoms,1032,2,1,1,1,1,1
nltk.sem.boxer.BoxerProp.clean,1035,3,2,1,2,1,1
nltk.sem.boxer.BoxerProp.renumber_sentences,1038,3,2,1,2,1,1
nltk.sem.boxer.BoxerRel.__init__,998,5,1,4,1,0,0
nltk.sem.boxer.BoxerRel.clean,1008,2,2,0,2,0,0
nltk.sem.boxer.BoxerRel.renumber_sentences,1011,1,1,0,1,0,0
nltk.sem.boxer.BoxerWhq.__init__,1112,5,1,4,1,0,0
nltk.sem.boxer.BoxerWhq._variables,1119,2,1,1,1,1,1
nltk.sem.boxer.BoxerWhq.atoms,1122,2,1,1,1,1,1
nltk.sem.boxer.BoxerWhq.clean,1125,3,2,1,2,1,1
nltk.sem.boxer.BoxerWhq.renumber_sentences,1128,1,1,0,1,0,0
nltk.sem.boxer.NltkDrtBoxerDrsInterpreter.__init__,1145,2,0,2,0,0,0
nltk.sem.boxer.NltkDrtBoxerDrsInterpreter._add_occur_indexing,1193,1,0,1,0,0,0
nltk.sem.boxer.NltkDrtBoxerDrsInterpreter._make_atom,1187,4,2,2,2,0,0
nltk.sem.boxer.NltkDrtBoxerDrsInterpreter.interpret,1148,8,7,1,7,1,1
nltk.sem.chat80.(global),0,2,2,0,2,0,0
nltk.sem.chat80.Concept.__init__,221,2,0,2,0,0,0
nltk.sem.chat80.Concept._make_graph,272,1,0,1,0,0,0
nltk.sem.chat80.Concept._make_pairs,297,1,0,1,0,0,0
nltk.sem.chat80.Concept._transclose,284,1,0,1,0,0,0
nltk.sem.chat80.Concept.augment,258,4,1,3,1,0,0
nltk.sem.chat80.Concept.close,308,9,4,5,4,0,0
nltk.sem.chat80._str2records,426,2,0,2,0,0,0
nltk.sem.chat80.binary_concept,462,4,3,1,3,0,0
nltk.sem.chat80.cities2table,371,2,2,0,2,0,0
nltk.sem.chat80.clause2concepts,332,4,3,1,3,0,0
nltk.sem.chat80.concepts,669,1,1,0,1,0,0
nltk.sem.chat80.label_indivs,612,2,1,1,1,0,0
nltk.sem.chat80.main,691,5,4,1,4,0,0
nltk.sem.chat80.make_lex,635,1,0,1,0,0,0
nltk.sem.chat80.make_valuation,529,4,2,2,2,0,0
nltk.sem.chat80.process_bundle,500,6,3,3,3,0,0
nltk.sem.chat80.sql_demo,767,2,1,1,1,0,0
nltk.sem.chat80.sql_query,407,1,0,1,0,0,0
nltk.sem.chat80.unary_concept,440,3,2,1,2,0,0
nltk.sem.chat80.val_dump,555,4,3,1,3,0,0
nltk.sem.chat80.val_load,575,2,1,1,1,0,0
nltk.sem.cooper_storage.(global),0,1,1,0,1,0,0
nltk.sem.cooper_storage.CooperStore._permute,32,3,1,2,1,1,1
nltk.sem.cooper_storage.CooperStore.s_retrieve,45,4,3,1,3,0,0
nltk.sem.cooper_storage.demo,88,2,1,1,1,0,0
nltk.sem.drt.(global),0,1,1,0,1,0,0
nltk.sem.drt.DRS.__eq__,451,1,1,0,1,0,0
nltk.sem.drt.DRS.__init__,278,7,0,7,0,0,0
nltk.sem.drt.DRS.__str__,473,1,1,0,1,0,0
nltk.sem.drt.DRS._order_ref_strings,431,6,3,3,3,0,0
nltk.sem.drt.DRS._pretty,414,4,3,1,3,1,1
nltk.sem.drt.DRS.eliminate_equality,361,4,3,1,3,1,1
nltk.sem.drt.DRS.fol,390,4,3,1,3,1,1
nltk.sem.drt.DRS.free,332,2,1,1,1,1,1
nltk.sem.drt.DRS.get_refs,339,2,1,1,1,1,1
nltk.sem.drt.DRS.replace,288,6,4,2,4,1,1
nltk.sem.drt.DrsDrawer.__init__,926,3,1,2,1,0,0
nltk.sem.drt.DrsDrawer._draw_command,982,2,2,0,2,0,0
nltk.sem.drt.DrsDrawer._get_centered_top,1185,4,0,4,0,0,0
nltk.sem.drt.DrsDrawer._get_text_height,958,7,0,7,0,0,0
nltk.sem.drt.DrsDrawer._handle,1016,8,0,8,0,0,0
nltk.sem.drt.DrsDrawer._handle_ApplicationExpression,1102,5,5,0,5,0,0
nltk.sem.drt.DrsDrawer._handle_BinaryExpression,1150,4,4,0,4,0,0
nltk.sem.drt.DrsDrawer._handle_DRS,1077,2,2,0,2,0,0
nltk.sem.drt.DrsDrawer._handle_DrtProposition,1176,1,1,0,1,0,0
nltk.sem.drt.DrsDrawer._handle_LambdaExpression,1137,4,4,0,4,0,0
nltk.sem.drt.DrsDrawer._handle_NegatedExpression,1065,4,4,0,4,0,0
nltk.sem.drt.DrsDrawer._visit,971,5,1,4,1,0,0
nltk.sem.drt.DrsDrawer._visit_command,1002,4,1,3,1,0,0
nltk.sem.drt.DrsDrawer.draw,962,3,3,0,3,0,0
nltk.sem.drt.DrtApplicationExpression._pretty,801,2,2,0,2,0,0
nltk.sem.drt.DrtApplicationExpression.fol,793,3,2,1,2,1,1
nltk.sem.drt.DrtApplicationExpression.get_refs,796,2,1,1,1,1,1
nltk.sem.drt.DrtBinaryExpression._assemble_pretty,627,4,1,3,1,0,0
nltk.sem.drt.DrtBinaryExpression._pretty,623,2,2,0,2,0,0
nltk.sem.drt.DrtBinaryExpression._pretty_subex,637,3,0,3,0,0,0
nltk.sem.drt.DrtBinaryExpression.get_refs,619,2,1,1,1,1,1
nltk.sem.drt.DrtConcatenation.__eq__,726,1,1,0,1,0,0
nltk.sem.drt.DrtConcatenation.__init__,659,3,0,3,0,0,0
nltk.sem.drt.DrtConcatenation.__str__,775,2,2,0,2,0,0
nltk.sem.drt.DrtConcatenation._pretty,753,5,4,1,4,1,1
nltk.sem.drt.DrtConcatenation._pretty_subex,762,2,1,1,1,0,0
nltk.sem.drt.DrtConcatenation._str_subex,785,1,0,1,0,0,0
nltk.sem.drt.DrtConcatenation.eliminate_equality,694,1,1,0,1,0,0
nltk.sem.drt.DrtConcatenation.fol,747,3,2,1,2,1,1
nltk.sem.drt.DrtConcatenation.getOp,723,2,0,2,0,0,0
nltk.sem.drt.DrtConcatenation.get_refs,716,4,1,3,1,1,1
nltk.sem.drt.DrtConcatenation.replace,663,3,3,0,3,0,0
nltk.sem.drt.DrtConcatenation.simplify,700,6,4,2,4,1,1
nltk.sem.drt.DrtEqualityExpression.fol,653,2,1,1,1,1,1
nltk.sem.drt.DrtExpression.__add__,230,1,1,0,1,0,0
nltk.sem.drt.DrtExpression.__gt__,199,2,2,0,2,0,0
nltk.sem.drt.DrtExpression.draw,271,1,1,0,1,0,0
nltk.sem.drt.DrtExpression.fromstring,183,1,0,1,0,0,0
nltk.sem.drt.DrtExpression.is_pronoun_function,241,1,0,1,0,0,0
nltk.sem.drt.DrtExpression.make_VariableExpression,251,2,1,1,1,0,0
nltk.sem.drt.DrtExpression.pretty_format,261,1,0,1,0,0,0
nltk.sem.drt.DrtExpression.pretty_print,268,1,1,0,1,0,0
nltk.sem.drt.DrtExpression.resolve_anaphora,254,1,1,0,1,0,0
nltk.sem.drt.DrtLambdaExpression.alpha_convert,593,1,1,0,1,0,0
nltk.sem.drt.DrtLambdaExpression.fol,601,2,1,1,1,1,1
nltk.sem.drt.DrtNegatedExpression._pretty,585,2,1,1,1,1,1
nltk.sem.drt.DrtNegatedExpression.fol,578,3,2,1,2,1,1
nltk.sem.drt.DrtNegatedExpression.get_refs,581,2,1,1,1,1,1
nltk.sem.drt.DrtOrExpression._pretty_subex,647,1,1,0,1,0,0
nltk.sem.drt.DrtOrExpression.fol,644,2,1,1,1,1,1
nltk.sem.drt.DrtParser.__init__,52,3,1,2,1,0,0
nltk.sem.drt.DrtParser.get_BooleanExpression_factory,143,2,2,0,2,0,0
nltk.sem.drt.DrtParser.handle,73,10,10,0,10,0,0
nltk.sem.drt.DrtParser.handle_DRS,101,7,6,1,6,0,0
nltk.sem.drt.DrtParser.handle_conds,121,6,4,2,4,0,0
nltk.sem.drt.DrtParser.handle_prop,132,5,4,1,4,0,0
nltk.sem.drt.DrtParser.handle_refs,110,6,4,2,4,0,0
nltk.sem.drt.DrtParser.isvariable,70,1,0,1,0,0,0
nltk.sem.drt.DrtParser.make_VariableExpression,167,3,2,1,2,0,0
nltk.sem.drt.DrtProposition.__init__,528,4,0,4,0,0,0
nltk.sem.drt.DrtProposition._pretty,558,2,1,1,1,1,1
nltk.sem.drt.DrtProposition.eliminate_equality,539,3,2,1,2,1,1
nltk.sem.drt.DrtProposition.fol,555,2,1,1,1,1,1
nltk.sem.drt.DrtProposition.get_refs,542,2,1,1,1,1,1
nltk.sem.drt.DrtProposition.replace,532,3,2,1,2,1,1
nltk.sem.drt.DrtVariableExpression,482,12,3,9,3,0,0
nltk.sem.drt._pad_vertically,814,2,0,2,0,0,0
nltk.sem.drt.demo,1192,3,2,1,2,0,0
nltk.sem.drt.resolve_anaphora,849,5,2,3,2,1,1
nltk.sem.drt.test_draw,1228,1,1,0,1,0,0
nltk.sem.drt_glue_demo.(global),0,1,1,0,1,0,0
nltk.sem.drt_glue_demo.DrsWidget.__init__,451,1,0,1,0,0,0
nltk.sem.drt_glue_demo.DrsWidget.clear,462,3,0,3,0,0,0
nltk.sem.drt_glue_demo.DrsWidget.draw,458,1,1,0,1,0,0
nltk.sem.drt_glue_demo.DrtGlueDemo.__init__,32,9,8,1,8,0,0
nltk.sem.drt_glue_demo.DrtGlueDemo._configure,189,1,1,0,1,0,0
nltk.sem.drt_glue_demo.DrtGlueDemo._exampleList_select,391,1,1,0,1,0,0
nltk.sem.drt_glue_demo.DrtGlueDemo._exampleList_store_selection,396,9,6,3,6,0,0
nltk.sem.drt_glue_demo.DrtGlueDemo._init_bindings,168,1,0,1,0,0,0
nltk.sem.drt_glue_demo.DrtGlueDemo._init_buttons,178,1,0,1,0,0,0
nltk.sem.drt_glue_demo.DrtGlueDemo._init_canvas,196,1,0,1,0,0,0
nltk.sem.drt_glue_demo.DrtGlueDemo._init_exampleListbox,106,2,1,1,1,0,0
nltk.sem.drt_glue_demo.DrtGlueDemo._init_fonts,88,1,0,1,0,0,0
nltk.sem.drt_glue_demo.DrtGlueDemo._init_glue,73,2,1,1,1,0,0
nltk.sem.drt_glue_demo.DrtGlueDemo._init_menubar,209,1,0,1,0,0,0
nltk.sem.drt_glue_demo.DrtGlueDemo._init_readingListbox,135,2,1,1,1,0,0
nltk.sem.drt_glue_demo.DrtGlueDemo._populate_readingListbox,158,4,1,3,1,0,0
nltk.sem.drt_glue_demo.DrtGlueDemo._readingList_select,433,1,1,0,1,0,0
nltk.sem.drt_glue_demo.DrtGlueDemo._readingList_store_selection,438,5,2,3,2,0,0
nltk.sem.drt_glue_demo.DrtGlueDemo._redraw,255,7,2,5,2,0,0
nltk.sem.drt_glue_demo.DrtGlueDemo._select_next_example,335,2,1,1,1,0,0
nltk.sem.drt_glue_demo.DrtGlueDemo._select_previous_example,304,2,1,1,1,0,0
nltk.sem.drt_glue_demo.DrtGlueDemo._toggle_remove_duplicates,377,2,2,0,2,0,0
nltk.sem.drt_glue_demo.DrtGlueDemo.destroy,274,2,1,1,1,1,1
nltk.sem.drt_glue_demo.DrtGlueDemo.mainloop,358,4,1,3,1,1,1
nltk.sem.drt_glue_demo.DrtGlueDemo.next,312,2,2,0,2,0,0
nltk.sem.drt_glue_demo.DrtGlueDemo.prev,280,2,2,0,2,0,0
nltk.sem.drt_glue_demo.DrtGlueDemo.resize,368,1,1,0,1,0,0
nltk.sem.drt_glue_demo.demo,465,3,2,1,2,0,0
nltk.sem.evaluate.(global),0,1,1,0,1,0,0
nltk.sem.evaluate.Assignment.__init__,277,5,2,3,2,0,0
nltk.sem.evaluate.Assignment._addvariant,326,3,0,3,0,0,0
nltk.sem.evaluate.Assignment.add,337,8,2,6,2,0,0
nltk.sem.evaluate.Assignment.copy,296,5,1,4,1,0,0
nltk.sem.evaluate.Assignment.purge,301,4,2,2,2,0,0
nltk.sem.evaluate.Model.__init__,371,2,0,2,0,0,0
nltk.sem.evaluate.Model.evaluate,385,5,2,3,2,0,0
nltk.sem.evaluate.Model.i,482,2,0,2,0,0,0
nltk.sem.evaluate.Model.satisfiers,508,5,4,1,4,0,0
nltk.sem.evaluate.Model.satisfy,408,8,5,3,5,1,1
nltk.sem.evaluate.Valuation.__init__,110,6,1,5,1,0,0
nltk.sem.evaluate.Valuation.fromstring,152,1,1,0,1,0,0
nltk.sem.evaluate._read_valuation_line,165,1,0,1,0,0,0
nltk.sem.evaluate.demo,758,1,0,1,0,0,0
nltk.sem.evaluate.foldemo,668,3,3,0,3,0,0
nltk.sem.evaluate.folmodel,623,7,5,2,5,0,0
nltk.sem.evaluate.is_rel,47,1,0,1,0,0,0
nltk.sem.evaluate.propdemo,576,4,4,0,4,0,0
nltk.sem.evaluate.read_valuation,199,3,2,1,2,0,0
nltk.sem.evaluate.satdemo,712,4,4,0,4,0,0
nltk.sem.evaluate.set2rel,64,2,1,1,1,0,0
nltk.sem.glue.(global),0,1,1,0,1,0,0
nltk.sem.glue.DrtGlue.__init__,628,2,1,1,1,0,0
nltk.sem.glue.Glue.__init__,433,2,0,2,0,0,0
nltk.sem.glue.Glue._add_to_reading_list,521,1,0,1,0,0,0
nltk.sem.glue.Glue.dep_parse,542,3,2,1,2,0,0
nltk.sem.glue.Glue.depgraph_to_glue,551,2,1,1,1,0,0
nltk.sem.glue.Glue.get_glue_dict,554,2,1,1,1,0,0
nltk.sem.glue.Glue.get_pos_tagger,570,1,0,1,0,0,0
nltk.sem.glue.Glue.get_readings,461,2,1,1,1,0,0
nltk.sem.glue.Glue.gfl_to_compiled,557,2,1,1,1,0,0
nltk.sem.glue.Glue.parse_to_compiled,538,4,3,1,3,0,0
nltk.sem.glue.Glue.parse_to_meaning,455,4,2,2,2,0,0
nltk.sem.glue.Glue.train_depparser,447,1,0,1,0,0,0
nltk.sem.glue.GlueDict.__init__,119,2,1,1,1,0,0
nltk.sem.glue.GlueDict._lookup_semtype_option,281,1,0,1,0,0,0
nltk.sem.glue.GlueDict.add_missing_dependencies,270,2,1,1,1,0,0
nltk.sem.glue.GlueDict.find_label_name,365,5,3,2,3,1,1
nltk.sem.glue.GlueDict.get_GlueFormula_factory,428,1,0,1,0,0,0
nltk.sem.glue.GlueDict.get_glueformulas_from_semtype_entry,327,4,3,1,3,0,0
nltk.sem.glue.GlueDict.get_label,394,1,0,1,0,0,0
nltk.sem.glue.GlueDict.get_meaning_formula,343,1,0,1,0,0,0
nltk.sem.glue.GlueDict.get_semtypes,309,1,0,1,0,0,0
nltk.sem.glue.GlueDict.initialize_labels,352,4,2,2,2,1,1
nltk.sem.glue.GlueDict.lookup,245,5,4,1,4,0,0
nltk.sem.glue.GlueDict.lookup_unique,411,2,0,2,0,0,0
nltk.sem.glue.GlueDict.read_file,124,2,1,1,1,0,0
nltk.sem.glue.GlueDict.to_glueformula_list,231,3,2,1,2,1,1
nltk.sem.glue.GlueFormula.__init__,34,1,1,0,1,0,0
nltk.sem.glue.GlueFormula.applyto,54,5,4,1,4,1,1
nltk.sem.glue.GlueFormula.compile,91,2,1,1,1,0,0
nltk.sem.glue.GlueFormula.lambda_abstract,84,1,1,0,1,0,0
nltk.sem.glue.GlueFormula.make_LambdaExpression,81,2,0,2,0,0,0
nltk.sem.glue.GlueFormula.make_VariableExpression,78,1,1,0,1,0,0
nltk.sem.glue.GlueFormula.simplify,98,4,1,3,1,1,1
nltk.sem.glue.demo,638,3,2,1,2,0,0
nltk.sem.hole.Constraint.__init__,294,1,0,1,0,0,0
nltk.sem.hole.HoleSemantics.__init__,74,4,3,1,3,0,0
nltk.sem.hole.HoleSemantics._break_down,107,6,4,2,4,1,1
nltk.sem.hole.HoleSemantics._find_top_hole,148,2,1,1,1,0,0
nltk.sem.hole.HoleSemantics._find_top_most_labels,140,2,1,1,1,0,0
nltk.sem.hole.HoleSemantics._find_top_nodes,130,3,1,2,1,0,0
nltk.sem.hole.HoleSemantics._formula_tree,277,3,1,2,1,1,1
nltk.sem.hole.HoleSemantics._plug_hole,196,5,4,1,4,0,2
nltk.sem.hole.HoleSemantics._plug_nodes,165,6,3,3,3,1,2
nltk.sem.hole.HoleSemantics._sanity_check_plugging,250,4,2,2,2,1,1
nltk.sem.hole.HoleSemantics._violates_constraints,238,1,0,1,0,0,0
nltk.sem.hole.HoleSemantics.formula_tree,270,1,1,0,1,0,0
nltk.sem.hole.HoleSemantics.is_node,100,2,0,2,0,0,0
nltk.sem.hole.HoleSemantics.pluggings,156,2,1,1,1,0,0
nltk.sem.hole.hole_readings,314,3,3,0,3,0,0
nltk.sem.lfg.(global),0,1,1,0,1,0,0
nltk.sem.lfg.FStructure.__str__,145,1,1,0,1,0,0
nltk.sem.lfg.FStructure._make_label,127,1,0,1,0,0,0
nltk.sem.lfg.FStructure._read_depgraph,96,5,3,2,3,1,1
nltk.sem.lfg.FStructure._to_depgraph,57,3,1,2,1,1,1
nltk.sem.lfg.FStructure.pretty_format,148,1,0,1,0,0,0
nltk.sem.lfg.FStructure.read_depgraph,92,2,1,1,1,0,0
nltk.sem.lfg.FStructure.safeappend,16,1,0,1,0,0,0
nltk.sem.lfg.FStructure.to_depgraph,38,2,1,1,1,0,0
nltk.sem.lfg.FStructure.to_glueformula_list,34,1,1,0,1,0,0
nltk.sem.lfg.demo_read_depgraph,173,2,1,1,1,0,0
nltk.sem.linearlogic.(global),0,1,1,0,1,0,0
nltk.sem.linearlogic.ApplicationExpression.__init__,276,3,1,2,1,0,0
nltk.sem.linearlogic.ApplicationExpression.simplify,312,2,1,1,1,1,1
nltk.sem.linearlogic.BindingDict.__add__,393,1,1,0,1,0,0
nltk.sem.linearlogic.BindingDict.__init__,341,4,0,4,0,0,0
nltk.sem.linearlogic.ConstantExpression.unify,160,2,2,0,2,0,0
nltk.sem.linearlogic.Expression.__call__,85,1,1,0,1,0,0
nltk.sem.linearlogic.Expression.applyto,82,2,1,1,1,0,0
nltk.sem.linearlogic.ImpExpression.__init__,201,4,0,4,0,0,0
nltk.sem.linearlogic.ImpExpression.compile_neg,241,4,2,2,2,1,2
nltk.sem.linearlogic.ImpExpression.compile_pos,229,5,3,2,3,1,2
nltk.sem.linearlogic.ImpExpression.initialize_labels,256,2,1,1,1,1,1
nltk.sem.linearlogic.ImpExpression.simplify,211,2,1,1,1,1,1
nltk.sem.linearlogic.ImpExpression.unify,214,3,2,1,2,1,1
nltk.sem.linearlogic.LinearLogicParser.__init__,29,1,1,0,1,0,0
nltk.sem.linearlogic.LinearLogicParser.attempt_ApplicationExpression,53,6,6,0,6,0,0
nltk.sem.linearlogic.LinearLogicParser.handle,38,2,2,0,2,0,0
nltk.sem.linearlogic.LinearLogicParser.make_VariableExpression,66,1,1,0,1,0,0
nltk.sem.linearlogic.UnificationException.__init__,428,3,0,3,0,0,0
nltk.sem.linearlogic.VariableExpression.unify,181,2,2,0,2,0,0
nltk.sem.linearlogic.demo,435,1,0,1,0,0,0
nltk.sem.logic.(global),0,2,2,0,2,0,0
nltk.sem.logic.AbstractVariableExpression._set_type,1339,1,1,0,1,0,0
nltk.sem.logic.AnyType.__init__,738,1,0,1,0,0,0
nltk.sem.logic.AnyType.str,764,1,0,1,0,0,0
nltk.sem.logic.ApplicationExpression.__init__,1152,4,0,4,0,0,0
nltk.sem.logic.ApplicationExpression.__str__,1251,2,2,0,2,0,0
nltk.sem.logic.ApplicationExpression._set_type,1177,4,3,1,3,1,1
nltk.sem.logic.ApplicationExpression.args,1302,1,1,0,1,0,0
nltk.sem.logic.ApplicationExpression.constants,1221,2,1,1,1,1,1
nltk.sem.logic.ApplicationExpression.findtype,1194,2,2,0,2,0,0
nltk.sem.logic.ApplicationExpression.is_atom,1308,2,0,2,0,0,0
nltk.sem.logic.ApplicationExpression.pred,1293,1,1,0,1,0,0
nltk.sem.logic.ApplicationExpression.predicates,1229,2,1,1,1,1,1
nltk.sem.logic.ApplicationExpression.simplify,1162,3,1,2,1,1,1
nltk.sem.logic.ApplicationExpression.uncurry,1278,9,1,8,1,0,0
nltk.sem.logic.BasicType.matches,703,1,0,1,0,0,0
nltk.sem.logic.BasicType.resolve,706,1,1,0,1,0,0
nltk.sem.logic.BinaryExpression.__str__,1715,1,1,0,1,0,0
nltk.sem.logic.BinaryExpression._str_subex,1721,1,0,1,0,0,0
nltk.sem.logic.BinaryExpression.findtype,1689,2,1,1,1,1,1
nltk.sem.logic.BooleanExpression._set_type,1726,3,2,1,2,1,1
nltk.sem.logic.ComplexType.__init__,644,4,0,4,0,0,0
nltk.sem.logic.ComplexType.matches,660,2,1,1,1,1,1
nltk.sem.logic.ComplexType.resolve,667,3,2,1,2,1,1
nltk.sem.logic.ComplexType.str,688,3,2,1,2,1,1
nltk.sem.logic.ConstantExpression._set_type,1436,1,1,0,1,0,0
nltk.sem.logic.EqualityExpression._set_type,1773,3,2,1,2,1,1
nltk.sem.logic.ExpectedMoreTokensException.__init__,1827,8,1,7,1,0,0
nltk.sem.logic.Expression.__call__,881,1,1,0,1,0,0
nltk.sem.logic.Expression.__gt__,909,1,1,0,1,0,0
nltk.sem.logic.Expression.__neg__,891,1,1,0,1,0,0
nltk.sem.logic.Expression._set_type,993,1,0,1,0,0,0
nltk.sem.logic.Expression.applyto,887,2,1,1,1,0,0
nltk.sem.logic.Expression.constants,1097,2,1,1,1,0,0
nltk.sem.logic.Expression.equiv,925,1,1,0,1,0,0
nltk.sem.logic.Expression.free,1088,2,1,1,1,0,0
nltk.sem.logic.Expression.fromstring,875,5,0,5,0,0,0
nltk.sem.logic.Expression.make_VariableExpression,1119,2,1,1,1,0,0
nltk.sem.logic.Expression.normalize,1018,2,1,1,1,0,0
nltk.sem.logic.Expression.predicates,1105,2,1,1,1,0,0
nltk.sem.logic.Expression.replace,1003,1,1,0,1,0,0
nltk.sem.logic.Expression.simplify,1113,2,1,1,1,0,0
nltk.sem.logic.Expression.substitute_bindings,945,1,1,0,1,0,0
nltk.sem.logic.Expression.typecheck,961,4,4,0,4,0,0
nltk.sem.logic.Expression.variables,1078,3,3,0,3,0,0
nltk.sem.logic.Expression.visit,1040,4,0,4,0,0,0
nltk.sem.logic.Expression.visit_structured,1057,3,1,2,1,0,0
nltk.sem.logic.IllegalTypeException.__init__,823,5,0,5,0,0,0
nltk.sem.logic.InconsistentTypeHierarchyException.__init__,807,2,0,2,0,0,0
nltk.sem.logic.IndividualVariableExpression._set_type,1390,1,1,0,1,0,0
nltk.sem.logic.LambdaExpression._set_type,1579,3,2,1,2,1,1
nltk.sem.logic.LambdaExpression.type,1575,2,2,0,2,0,0
nltk.sem.logic.LogicParser.__init__,90,3,0,3,0,0,0
nltk.sem.logic.LogicParser.__repr__,520,2,2,0,2,0,0
nltk.sem.logic.LogicParser.assertNextToken,499,13,3,10,3,0,0
nltk.sem.logic.LogicParser.assertToken,512,18,1,17,1,0,0
nltk.sem.logic.LogicParser.attempt_ApplicationExpression,458,8,7,1,7,0,3
nltk.sem.logic.LogicParser.attempt_BooleanExpression,426,7,6,1,6,0,3
nltk.sem.logic.LogicParser.attempt_EqualityExpression,408,7,6,1,6,0,3
nltk.sem.logic.LogicParser.attempt_adjuncts,296,4,3,1,3,0,3
nltk.sem.logic.LogicParser.get_BooleanExpression_factory,441,1,0,1,0,0,0
nltk.sem.logic.LogicParser.get_QuantifiedExpression_factory,389,2,1,1,1,0,0
nltk.sem.logic.LogicParser.get_all_symbols,239,1,0,1,0,0,0
nltk.sem.logic.LogicParser.get_next_token_variable,334,8,5,3,5,0,0
nltk.sem.logic.LogicParser.handle,278,7,6,1,6,0,3
nltk.sem.logic.LogicParser.handle_lambda,345,9,7,2,7,0,3
nltk.sem.logic.LogicParser.handle_negation,305,4,2,2,2,0,3
nltk.sem.logic.LogicParser.handle_open,402,5,2,3,2,0,3
nltk.sem.logic.LogicParser.handle_quant,366,9,8,1,8,0,3
nltk.sem.logic.LogicParser.handle_variable,311,10,7,3,7,0,3
nltk.sem.logic.LogicParser.has_priority,494,4,0,4,0,0,0
nltk.sem.logic.LogicParser.inRange,243,13,0,13,0,0,0
nltk.sem.logic.LogicParser.isvariable,261,3,0,3,0,0,0
nltk.sem.logic.LogicParser.make_ApplicationExpression,485,3,1,2,1,0,0
nltk.sem.logic.LogicParser.make_BooleanExpression,455,1,0,1,0,0,0
nltk.sem.logic.LogicParser.make_EqualityExpression,421,1,0,1,0,0,0
nltk.sem.logic.LogicParser.make_LambdaExpression,491,1,0,1,0,0,0
nltk.sem.logic.LogicParser.make_NegatedExpression,308,3,1,2,1,0,0
nltk.sem.logic.LogicParser.make_QuanifiedExpression,399,1,0,1,0,0,0
nltk.sem.logic.LogicParser.make_VariableExpression,488,4,2,2,2,0,0
nltk.sem.logic.LogicParser.parse,125,8,6,2,6,0,0
nltk.sem.logic.LogicParser.process,152,4,3,1,3,0,0
nltk.sem.logic.LogicParser.process_next_expression,264,23,5,18,5,0,3
nltk.sem.logic.LogicParser.process_quoted_token,206,2,1,1,1,0,0
nltk.sem.logic.LogicParser.token,247,39,1,38,1,0,0
nltk.sem.logic.LogicalExpressionException.__init__,1809,9,0,9,0,0,0
nltk.sem.logic.NegatedExpression.__init__,1636,3,0,3,0,0,0
nltk.sem.logic.NegatedExpression._set_type,1643,3,2,1,2,1,1
nltk.sem.logic.NegatedExpression.findtype,1654,2,1,1,1,1,1
nltk.sem.logic.QuantifiedExpression._set_type,1605,3,2,1,2,1,1
nltk.sem.logic.StringTrie.__init__,1794,2,1,1,1,0,0
nltk.sem.logic.StringTrie.insert,1800,7,1,6,1,1,1
nltk.sem.logic.Type.fromstring,639,1,1,0,1,0,0
nltk.sem.logic.TypeException.__init__,803,1,0,1,0,0,0
nltk.sem.logic.TypeResolutionException.__init__,817,1,0,1,0,0,0
nltk.sem.logic.UnexpectedTokenException.__init__,1814,6,1,5,1,0,0
nltk.sem.logic.Variable.__init__,560,14,0,14,0,0,0
nltk.sem.logic.VariableBinderExpression.__eq__,1552,1,1,0,1,0,0
nltk.sem.logic.VariableBinderExpression.alpha_convert,1521,3,2,1,2,0,2
nltk.sem.logic.VariableBinderExpression.findtype,1536,3,1,2,1,1,1
nltk.sem.logic.VariableBinderExpression.free,1532,2,1,1,1,1,1
nltk.sem.logic.VariableBinderExpression.replace,1498,5,3,2,3,1,2
nltk.sem.logic.VariableExpression,1469,12,3,9,3,0,0
nltk.sem.logic.demo,1867,2,1,1,1,0,0
nltk.sem.logic.demoException,1915,2,1,1,1,0,0
nltk.sem.logic.demo_errors,1899,1,1,0,1,0,0
nltk.sem.logic.is_eventvar,1855,4,0,4,0,0,0
nltk.sem.logic.is_funcvar,1844,4,0,4,0,0,0
nltk.sem.logic.is_indvar,1833,6,0,6,0,0,0
nltk.sem.logic.read_logic,528,2,2,0,2,0,0
nltk.sem.logic.read_type,774,6,3,3,3,1,1
nltk.sem.logic.skolem_function,618,3,2,1,2,0,0
nltk.sem.logic.unique_variable,591,9,4,5,4,0,0
nltk.sem.relextract.(global),0,6,6,0,6,0,0
nltk.sem.relextract._expand,44,1,0,1,0,0,0
nltk.sem.relextract._join,67,2,0,2,0,0,0
nltk.sem.relextract.class_abbrev,55,1,0,1,0,0,0
nltk.sem.relextract.clause,247,2,0,2,0,0,0
nltk.sem.relextract.conllesp,433,3,2,1,2,0,0
nltk.sem.relextract.conllned,397,3,2,1,2,0,0
nltk.sem.relextract.extract_rels,176,8,3,5,3,0,0
nltk.sem.relextract.ieer_headlines,378,1,0,1,0,0,0
nltk.sem.relextract.in_demo,266,3,2,1,2,0,0
nltk.sem.relextract.list2sym,101,2,1,1,1,0,0
nltk.sem.relextract.ne_chunked,454,3,2,1,2,0,0
nltk.sem.relextract.roles_demo,328,3,2,1,2,0,0
nltk.sem.relextract.rtuple,230,4,1,3,1,0,0
nltk.sem.relextract.semi_rel2reldict,144,3,2,1,2,0,0
nltk.sem.relextract.tree2semi_rel,115,1,0,1,0,0,0
nltk.sem.skolemize.skolemize,14,7,5,2,5,1,1
nltk.sem.skolemize.to_cnf,88,3,1,2,1,1,1
nltk.sem.util.(global),0,1,1,0,1,0,0
nltk.sem.util.demo,158,4,4,0,4,0,0
nltk.sem.util.demo_legacy_grammar,137,2,1,1,1,0,0
nltk.sem.util.demo_model0,99,1,0,1,0,0,0
nltk.sem.util.evaluate_sents,84,3,2,1,2,0,0
nltk.sem.util.interpret_sents,71,5,2,3,2,0,0
nltk.sem.util.parse_sents,25,1,0,1,0,0,0
nltk.sem.util.read_sents,128,1,0,1,0,0,0
nltk.sem.util.root_semrep,51,1,0,1,0,0,0
nltk.align.api.AlignedSent.__init__,47,5,0,5,0,0,0
nltk.align.api.AlignedSent._check_align,70,1,0,1,0,0,0
nltk.align.api.AlignedSent._set_alignment,63,2,2,0,2,0,0
nltk.align.api.AlignedSent.alignment_error_rate,159,1,1,0,1,0,0
nltk.align.api.AlignedSent.invert,105,3,2,1,2,1,1
nltk.align.api.AlignedSent.precision,114,2,2,0,2,0,0
nltk.align.api.AlignedSent.recall,136,2,2,0,2,0,0
nltk.align.api.Alignment.__getitem__,239,3,2,1,2,1,1
nltk.align.api.Alignment.__new__,231,6,1,5,1,0,0
nltk.align.api.Alignment._build_index,279,2,0,2,0,0,0
nltk.align.api.Alignment.invert,247,1,1,0,1,0,0
nltk.align.api.Alignment.range,253,1,1,0,1,0,0
nltk.align.api._giza2pair,289,1,0,1,0,0,0
nltk.align.bleu_score._brevity_penalty,199,1,0,1,0,0,0
nltk.align.bleu_score._modified_precision,79,5,4,1,4,0,0
nltk.align.bleu_score.bleu,20,2,2,0,2,0,0
nltk.align.gale_church.align_blocks,119,4,3,1,3,0,0
nltk.align.gale_church.align_log_prob,93,1,0,1,0,0,0
nltk.align.gale_church.align_texts,171,1,1,0,1,0,0
nltk.align.gale_church.parse_token_stream,212,1,1,0,1,0,0
nltk.align.gale_church.split_at,195,1,0,1,0,0,0
nltk.align.gale_church.trace,79,1,0,1,0,0,0
nltk.align.ibm1.IBMModel1.__init__,45,2,1,1,1,0,0
nltk.align.ibm1.IBMModel1.align,106,1,1,0,1,0,0
nltk.align.ibm1.IBMModel1.train,48,1,0,1,0,0,0
nltk.align.ibm2.IBMModel2.__init__,46,2,1,1,1,0,0
nltk.align.ibm2.IBMModel2.align,168,1,1,0,1,0,0
nltk.align.ibm2.IBMModel2.train,49,2,1,1,1,0,0
nltk.align.ibm3.HashableDict.__eq__,26,1,1,0,1,0,0
nltk.align.ibm3.HashableDict.__hash__,23,1,1,0,1,0,0
nltk.align.ibm3.HashableDict.__key,20,2,0,2,0,0,0
nltk.align.ibm3.IBMModel3.__init__,70,1,1,0,1,0,0
nltk.align.ibm3.IBMModel3.align,371,1,1,0,1,0,0
nltk.align.ibm3.IBMModel3.hillclimb,260,3,2,1,2,0,0
nltk.align.ibm3.IBMModel3.neighboring,331,2,0,2,0,0,0
nltk.align.ibm3.IBMModel3.probability,288,2,0,2,0,0,0
nltk.align.ibm3.IBMModel3.sample,201,4,2,2,2,0,0
nltk.align.ibm3.IBMModel3.train,79,4,3,1,3,0,0
nltk.align.phrase_based.extract,9,1,0,1,0,0,0
nltk.align.phrase_based.phrase_extraction,86,1,1,0,1,0,0
nltk.app.chartparser_app.(global),0,1,1,0,1,0,0
nltk.app.chartparser_app.ChartComparer.__init__,494,8,8,0,8,0,0
nltk.app.chartparser_app.ChartComparer._apply_op,682,5,3,2,3,0,0
nltk.app.chartparser_app.ChartComparer._checkcompat,801,4,1,3,1,0,0
nltk.app.chartparser_app.ChartComparer._clear_out_chart,826,1,1,0,1,0,0
nltk.app.chartparser_app.ChartComparer._detatch_out,832,1,1,0,1,0,0
nltk.app.chartparser_app.ChartComparer._difference,765,5,4,1,4,0,0
nltk.app.chartparser_app.ChartComparer._init_bindings,659,2,1,1,1,0,0
nltk.app.chartparser_app.ChartComparer._init_buttons,643,1,0,1,0,0,0
nltk.app.chartparser_app.ChartComparer._init_chartviews,583,5,4,1,4,0,0
nltk.app.chartparser_app.ChartComparer._init_divider,579,1,0,1,0,0,0
nltk.app.chartparser_app.ChartComparer._init_menubar,546,1,0,1,0,0,0
nltk.app.chartparser_app.ChartComparer._intersection,775,5,4,1,4,0,0
nltk.app.chartparser_app.ChartComparer._select_left,668,2,2,0,2,0,0
nltk.app.chartparser_app.ChartComparer._select_right,675,2,2,0,2,0,0
nltk.app.chartparser_app.ChartComparer._union,785,5,4,1,4,0,0
nltk.app.chartparser_app.ChartComparer._update,817,3,0,3,0,0,0
nltk.app.chartparser_app.ChartComparer.destroy,532,2,1,1,1,1,1
nltk.app.chartparser_app.ChartComparer.load_chart,716,2,0,2,0,0,0
nltk.app.chartparser_app.ChartComparer.load_chart_dialog,706,1,1,0,1,0,0
nltk.app.chartparser_app.ChartComparer.mainloop,538,2,1,1,1,1,1
nltk.app.chartparser_app.ChartComparer.select_cell,756,2,1,1,1,1,1
nltk.app.chartparser_app.ChartMatrixView.__init__,101,9,6,3,6,0,0
nltk.app.chartparser_app.ChartMatrixView._click_cell,242,3,2,1,2,0,0
nltk.app.chartparser_app.ChartMatrixView._fire_callbacks,218,3,1,2,1,0,0
nltk.app.chartparser_app.ChartMatrixView._init_list,145,4,3,1,3,0,0
nltk.app.chartparser_app.ChartMatrixView._init_matrix,134,2,1,1,1,0,0
nltk.app.chartparser_app.ChartMatrixView._init_numedges,141,2,1,1,1,0,0
nltk.app.chartparser_app.ChartMatrixView._init_quit,130,1,0,1,0,0,0
nltk.app.chartparser_app.ChartMatrixView.activate,201,1,1,0,1,0,0
nltk.app.chartparser_app.ChartMatrixView.add_callback,209,2,1,1,1,0,0
nltk.app.chartparser_app.ChartMatrixView.deselect_cell,236,4,1,3,1,0,0
nltk.app.chartparser_app.ChartMatrixView.destroy,152,2,1,1,1,1,1
nltk.app.chartparser_app.ChartMatrixView.draw,266,6,4,2,4,0,0
nltk.app.chartparser_app.ChartMatrixView.inactivate,205,6,1,5,1,0,0
nltk.app.chartparser_app.ChartMatrixView.mark_edge,252,2,2,0,2,0,0
nltk.app.chartparser_app.ChartMatrixView.markonly_edge,261,2,2,0,2,0,0
nltk.app.chartparser_app.ChartMatrixView.pack,316,5,1,4,1,1,1
nltk.app.chartparser_app.ChartMatrixView.select_cell,222,7,3,4,3,0,0
nltk.app.chartparser_app.ChartMatrixView.set_chart,158,1,1,0,1,0,0
nltk.app.chartparser_app.ChartMatrixView.unmark_edge,257,1,1,0,1,0,0
nltk.app.chartparser_app.ChartMatrixView.update,164,6,1,5,1,0,0
nltk.app.chartparser_app.ChartMatrixView.view_edge,248,2,2,0,2,0,0
nltk.app.chartparser_app.ChartParserApp.__init__,1626,11,10,1,10,0,0
nltk.app.chartparser_app.ChartParserApp._animate_strategy,2171,2,1,1,1,0,0
nltk.app.chartparser_app.ChartParserApp._apply_strategy,2183,3,1,2,1,0,0
nltk.app.chartparser_app.ChartParserApp._click_cv_edge,1924,2,2,0,2,0,0
nltk.app.chartparser_app.ChartParserApp._deselect_edge,1947,1,1,0,1,0,0
nltk.app.chartparser_app.ChartParserApp._display_rule,2190,3,1,2,1,0,0
nltk.app.chartparser_app.ChartParserApp._init_animation,1716,1,0,1,0,0,0
nltk.app.chartparser_app.ChartParserApp._init_bindings,1792,2,1,1,1,0,0
nltk.app.chartparser_app.ChartParserApp._init_buttons,1747,1,0,1,0,0,0
nltk.app.chartparser_app.ChartParserApp._init_chartview,1728,2,1,1,1,0,0
nltk.app.chartparser_app.ChartParserApp._init_fonts,1702,1,0,1,0,0,0
nltk.app.chartparser_app.ChartParserApp._init_menubar,1821,1,0,1,0,0,0
nltk.app.chartparser_app.ChartParserApp._init_parser,1682,2,1,1,1,0,0
nltk.app.chartparser_app.ChartParserApp._init_rulelabel,1733,1,0,1,0,0,0
nltk.app.chartparser_app.ChartParserApp._reset_parser,1687,4,2,2,2,0,0
nltk.app.chartparser_app.ChartParserApp._select_edge,1938,3,1,2,1,0,0
nltk.app.chartparser_app.ChartParserApp._select_matrix_edge,1934,1,1,0,1,0,0
nltk.app.chartparser_app.ChartParserApp._show_new_edge,1955,4,3,1,3,0,0
nltk.app.chartparser_app.ChartParserApp.apply_strategy,2131,12,4,8,4,0,0
nltk.app.chartparser_app.ChartParserApp.bottom_up,2219,1,1,0,1,0,0
nltk.app.chartparser_app.ChartParserApp.bottom_up_leftcorner,2221,1,1,0,1,0,0
nltk.app.chartparser_app.ChartParserApp.bottom_up_leftcorner_strategy,2227,1,1,0,1,0,0
nltk.app.chartparser_app.ChartParserApp.bottom_up_strategy,2225,1,1,0,1,0,0
nltk.app.chartparser_app.ChartParserApp.destroy,1663,5,1,4,1,1,1
nltk.app.chartparser_app.ChartParserApp.edit_grammar,2078,1,1,0,1,0,0
nltk.app.chartparser_app.ChartParserApp.edit_sentence,2086,1,1,0,1,0,0
nltk.app.chartparser_app.ChartParserApp.fundamental,2223,1,1,0,1,0,0
nltk.app.chartparser_app.ChartParserApp.get_font_size,2124,1,0,1,0,0,0
nltk.app.chartparser_app.ChartParserApp.help,1973,1,1,0,1,0,0
nltk.app.chartparser_app.ChartParserApp.load_chart,1998,1,1,0,1,0,0
nltk.app.chartparser_app.ChartParserApp.load_grammar,2030,2,2,0,2,0,0
nltk.app.chartparser_app.ChartParserApp.mainloop,1668,3,2,1,2,1,1
nltk.app.chartparser_app.ChartParserApp.reset,2066,3,2,1,2,0,0
nltk.app.chartparser_app.ChartParserApp.resize,2114,1,1,0,1,0,0
nltk.app.chartparser_app.ChartParserApp.set_font_size,2118,3,1,2,1,1,1
nltk.app.chartparser_app.ChartParserApp.set_grammar,2081,3,1,2,1,1,1
nltk.app.chartparser_app.ChartParserApp.set_sentence,2092,1,1,0,1,0,0
nltk.app.chartparser_app.ChartParserApp.top_down_init,2215,1,1,0,1,0,0
nltk.app.chartparser_app.ChartParserApp.top_down_predict,2217,1,1,0,1,0,0
nltk.app.chartparser_app.ChartParserApp.top_down_strategy,2229,1,1,0,1,0,0
nltk.app.chartparser_app.ChartParserApp.view_matrix,2100,2,2,0,2,0,0
nltk.app.chartparser_app.ChartParserApp.view_results,2105,2,2,0,2,0,0
nltk.app.chartparser_app.ChartResultsView.__init__,324,5,4,1,4,0,0
nltk.app.chartparser_app.ChartResultsView._add,369,4,3,1,3,0,0
nltk.app.chartparser_app.ChartResultsView._click,387,1,1,0,1,0,0
nltk.app.chartparser_app.ChartResultsView._color,396,2,1,1,1,1,1
nltk.app.chartparser_app.ChartResultsView.clear,428,5,2,3,2,0,0
nltk.app.chartparser_app.ChartResultsView.destroy,449,2,1,1,1,1,1
nltk.app.chartparser_app.ChartResultsView.pack,455,3,1,2,1,1,1
nltk.app.chartparser_app.ChartResultsView.print_all,404,1,1,0,1,0,0
nltk.app.chartparser_app.ChartResultsView.print_selection,408,6,6,0,6,0,0
nltk.app.chartparser_app.ChartResultsView.set_chart,439,2,2,0,2,0,0
nltk.app.chartparser_app.ChartResultsView.set_grammar,444,2,2,0,2,0,0
nltk.app.chartparser_app.ChartResultsView.update,358,6,2,4,2,0,0
nltk.app.chartparser_app.ChartView.__init__,899,8,7,1,7,0,0
nltk.app.chartparser_app.ChartView._add_edge,1139,7,5,2,5,0,0
nltk.app.chartparser_app.ChartView._analyze,1306,6,3,3,3,0,0
nltk.app.chartparser_app.ChartView._analyze_edge,1105,3,1,2,1,0,0
nltk.app.chartparser_app.ChartView._color_edge,1251,6,2,4,2,1,1
nltk.app.chartparser_app.ChartView._configure,1055,2,2,0,2,0,0
nltk.app.chartparser_app.ChartView._draw_edge,1195,4,2,2,2,0,0
nltk.app.chartparser_app.ChartView._draw_loclines,1368,2,1,1,1,0,0
nltk.app.chartparser_app.ChartView._draw_sentence,1406,2,1,1,1,0,0
nltk.app.chartparser_app.ChartView._draw_treecycle,1465,3,2,1,2,0,2
nltk.app.chartparser_app.ChartView._draw_treetok,1494,3,1,2,1,1,1
nltk.app.chartparser_app.ChartView._edge_conflict,1092,1,0,1,0,0,0
nltk.app.chartparser_app.ChartView._fire_callbacks,1584,2,1,1,1,0,0
nltk.app.chartparser_app.ChartView._grow,1024,5,1,4,1,0,0
nltk.app.chartparser_app.ChartView._init_fonts,983,1,0,1,0,0,0
nltk.app.chartparser_app.ChartView._resize,1346,5,1,4,1,0,0
nltk.app.chartparser_app.ChartView._sb_canvas,992,1,0,1,0,0,0
nltk.app.chartparser_app.ChartView.add_callback,1575,1,1,0,1,0,0
nltk.app.chartparser_app.ChartView.cycle_tree,1461,2,1,1,1,0,0
nltk.app.chartparser_app.ChartView.draw,1550,10,6,4,6,0,0
nltk.app.chartparser_app.ChartView.draw_tree,1432,10,5,5,5,0,2
nltk.app.chartparser_app.ChartView.erase_tree,1426,3,1,2,1,0,0
nltk.app.chartparser_app.ChartView.mark_edge,1282,2,1,1,1,0,0
nltk.app.chartparser_app.ChartView.markonly_edge,1302,2,2,0,2,0,0
nltk.app.chartparser_app.ChartView.page_down,1021,1,1,0,1,0,0
nltk.app.chartparser_app.ChartView.page_up,1018,1,1,0,1,0,0
nltk.app.chartparser_app.ChartView.scroll_down,1015,1,1,0,1,0,0
nltk.app.chartparser_app.ChartView.scroll_up,1012,1,1,0,1,0,0
nltk.app.chartparser_app.ChartView.set_font_size,1044,3,3,0,3,0,0
nltk.app.chartparser_app.ChartView.unmark_edge,1289,3,2,1,2,0,0
nltk.app.chartparser_app.ChartView.update,1066,6,6,0,6,0,0
nltk.app.chartparser_app.ChartView.view_edge,1180,1,1,0,1,0,0
nltk.app.chartparser_app.app,2232,3,2,1,2,0,0
nltk.app.chunkparser_app.(global),0,1,1,0,1,0,0
nltk.app.chunkparser_app.RegexpChunkApp.__init__,259,9,8,1,8,0,0
nltk.app.chunkparser_app.RegexpChunkApp._adaptively_modify_eval_chunk,620,1,0,1,0,0,0
nltk.app.chunkparser_app.RegexpChunkApp._chunkparse,1116,3,0,3,0,0,0
nltk.app.chunkparser_app.RegexpChunkApp._chunks,991,2,0,2,0,0,0
nltk.app.chunkparser_app.RegexpChunkApp._color_chunk,1127,2,0,2,0,0,0
nltk.app.chunkparser_app.RegexpChunkApp._devset_next,922,1,1,0,1,0,0
nltk.app.chunkparser_app.RegexpChunkApp._devset_prev,926,1,1,0,1,0,0
nltk.app.chunkparser_app.RegexpChunkApp._devset_scroll,935,4,2,2,2,0,0
nltk.app.chunkparser_app.RegexpChunkApp._eval_demon,553,6,5,1,5,0,0
nltk.app.chunkparser_app.RegexpChunkApp._eval_plot,449,3,1,2,1,0,0
nltk.app.chunkparser_app.RegexpChunkApp._grammarcheck,1029,2,1,1,1,0,0
nltk.app.chunkparser_app.RegexpChunkApp._highlight_devset,1093,6,3,3,3,0,0
nltk.app.chunkparser_app.RegexpChunkApp._history_next,882,1,1,0,1,0,0
nltk.app.chunkparser_app.RegexpChunkApp._history_prev,878,1,1,0,1,0,0
nltk.app.chunkparser_app.RegexpChunkApp._init_bindings,360,4,3,1,3,0,0
nltk.app.chunkparser_app.RegexpChunkApp._init_fonts,374,1,0,1,0,0,0
nltk.app.chunkparser_app.RegexpChunkApp._init_menubar,383,1,0,1,0,0,0
nltk.app.chunkparser_app.RegexpChunkApp._init_widgets,636,4,3,1,3,0,0
nltk.app.chunkparser_app.RegexpChunkApp._syntax_highlight_grammar,1003,2,0,2,0,0,0
nltk.app.chunkparser_app.RegexpChunkApp._view_history,886,10,8,2,8,0,0
nltk.app.chunkparser_app.RegexpChunkApp.about,1223,1,1,0,1,0,0
nltk.app.chunkparser_app.RegexpChunkApp.destroy,930,2,1,1,1,1,1
nltk.app.chunkparser_app.RegexpChunkApp.load_grammar,1179,3,2,1,2,0,0
nltk.app.chunkparser_app.RegexpChunkApp.mainloop,1246,3,2,1,2,1,1
nltk.app.chunkparser_app.RegexpChunkApp.normalize_grammar,248,5,0,5,0,0,0
nltk.app.chunkparser_app.RegexpChunkApp.reset,1133,3,3,0,3,0,0
nltk.app.chunkparser_app.RegexpChunkApp.save_grammar,1157,2,1,1,1,0,0
nltk.app.chunkparser_app.RegexpChunkApp.save_history,1195,1,1,0,1,0,0
nltk.app.chunkparser_app.RegexpChunkApp.set_devset_size,1233,1,1,0,1,0,0
nltk.app.chunkparser_app.RegexpChunkApp.show_devset,949,7,2,5,2,0,0
nltk.app.chunkparser_app.RegexpChunkApp.show_help,852,3,2,1,2,0,0
nltk.app.chunkparser_app.RegexpChunkApp.show_trace,792,9,5,4,5,0,0
nltk.app.chunkparser_app.RegexpChunkApp.toggle_show_trace,439,2,2,0,2,0,0
nltk.app.chunkparser_app.RegexpChunkApp.update,1044,11,8,3,8,0,0
nltk.app.chunkparser_app.app,1256,2,1,1,1,0,0
nltk.app.collocations_app.(global),0,1,1,0,1,0,0
nltk.app.collocations_app.CollocationsModel.__init__,274,2,1,1,1,0,0
nltk.app.collocations_app.CollocationsModel.is_last_page,301,1,0,1,0,0,0
nltk.app.collocations_app.CollocationsModel.load_corpus,287,1,1,0,1,0,0
nltk.app.collocations_app.CollocationsModel.non_default_corpora,294,2,2,0,2,0,0
nltk.app.collocations_app.CollocationsModel.reset_results,283,2,0,2,0,0,0
nltk.app.collocations_app.CollocationsView.__init__,72,6,5,1,5,0,0
nltk.app.collocations_app.CollocationsView.__next__,215,4,4,0,4,0,0
nltk.app.collocations_app.CollocationsView._init_corpus_select,97,2,1,1,1,0,0
nltk.app.collocations_app.CollocationsView._init_menubar,114,1,0,1,0,0,0
nltk.app.collocations_app.CollocationsView._init_paging,162,2,1,1,1,0,0
nltk.app.collocations_app.CollocationsView._init_results_box,140,2,1,1,1,0,0
nltk.app.collocations_app.CollocationsView._init_status,110,1,0,1,0,0,0
nltk.app.collocations_app.CollocationsView._init_top,82,2,1,1,1,0,0
nltk.app.collocations_app.CollocationsView._init_widgets,89,5,4,1,4,0,0
nltk.app.collocations_app.CollocationsView._poll,174,2,2,0,2,0,0
nltk.app.collocations_app.CollocationsView.clear_results_box,233,5,1,4,1,0,0
nltk.app.collocations_app.CollocationsView.corpus_selected,203,1,1,0,1,0,0
nltk.app.collocations_app.CollocationsView.destroy,242,2,1,1,1,1,1
nltk.app.collocations_app.CollocationsView.freeze_editable,229,4,0,4,0,0,0
nltk.app.collocations_app.CollocationsView.handle_corpus_loaded,193,5,4,1,4,0,0
nltk.app.collocations_app.CollocationsView.handle_error_loading_corpus,186,5,4,1,4,0,0
nltk.app.collocations_app.CollocationsView.load_corpus,223,5,2,3,2,1,1
nltk.app.collocations_app.CollocationsView.mainloop,248,4,2,2,2,1,1
nltk.app.collocations_app.CollocationsView.previous,207,4,4,0,4,0,0
nltk.app.collocations_app.CollocationsView.reset_current_page,171,3,0,3,0,0,0
nltk.app.collocations_app.CollocationsView.set_paging_button_states,255,2,1,1,1,0,0
nltk.app.collocations_app.CollocationsView.unfreeze_editable,252,5,1,4,1,0,0
nltk.app.collocations_app.CollocationsView.write_results,265,3,0,3,0,0,0
nltk.app.collocations_app.app,341,3,2,1,2,0,0
nltk.app.concordance_app.(global),0,1,1,0,1,0,0
nltk.app.concordance_app.ConcordanceSearchModel.__init__,447,3,2,1,2,0,0
nltk.app.concordance_app.ConcordanceSearchModel.get_results,497,1,0,1,0,0,0
nltk.app.concordance_app.ConcordanceSearchModel.has_more_pages,500,1,0,1,0,0,0
nltk.app.concordance_app.ConcordanceSearchModel.next,475,2,2,0,2,0,0
nltk.app.concordance_app.ConcordanceSearchModel.non_default_corpora,457,2,2,0,2,0,0
nltk.app.concordance_app.ConcordanceSearchModel.prev,482,1,1,0,1,0,0
nltk.app.concordance_app.ConcordanceSearchModel.reset_query,491,2,0,2,0,0,0
nltk.app.concordance_app.ConcordanceSearchModel.reset_results,486,1,0,1,0,0,0
nltk.app.concordance_app.ConcordanceSearchModel.search,470,1,0,1,0,0,0
nltk.app.concordance_app.ConcordanceSearchView.__init__,105,6,5,1,5,0,0
nltk.app.concordance_app.ConcordanceSearchView.__next__,274,2,2,0,2,0,0
nltk.app.concordance_app.ConcordanceSearchView._bind_event_handlers,288,1,1,0,1,0,0
nltk.app.concordance_app.ConcordanceSearchView._init_corpus_select,204,2,1,1,1,0,0
nltk.app.concordance_app.ConcordanceSearchView._init_menubar,131,1,0,1,0,0,0
nltk.app.concordance_app.ConcordanceSearchView._init_paging,260,1,0,1,0,0,0
nltk.app.concordance_app.ConcordanceSearchView._init_query_box,222,2,1,1,1,0,0
nltk.app.concordance_app.ConcordanceSearchView._init_results_box,236,2,1,1,1,0,0
nltk.app.concordance_app.ConcordanceSearchView._init_status,218,1,0,1,0,0,0
nltk.app.concordance_app.ConcordanceSearchView._init_top,115,2,1,1,1,0,0
nltk.app.concordance_app.ConcordanceSearchView._init_widgets,122,6,5,1,5,0,0
nltk.app.concordance_app.ConcordanceSearchView._poll,294,4,4,0,4,0,0
nltk.app.concordance_app.ConcordanceSearchView.about,279,1,1,0,1,0,0
nltk.app.concordance_app.ConcordanceSearchView.clear_all,407,5,3,2,3,0,0
nltk.app.concordance_app.ConcordanceSearchView.clear_results_box,412,5,1,4,1,0,0
nltk.app.concordance_app.ConcordanceSearchView.corpus_selected,338,1,1,0,1,0,0
nltk.app.concordance_app.ConcordanceSearchView.destroy,401,2,1,1,1,1,1
nltk.app.concordance_app.ConcordanceSearchView.freeze_editable,417,5,0,5,0,0,0
nltk.app.concordance_app.ConcordanceSearchView.handle_corpus_loaded,316,3,2,1,2,0,0
nltk.app.concordance_app.ConcordanceSearchView.handle_error_loading_corpus,310,4,3,1,3,0,0
nltk.app.concordance_app.ConcordanceSearchView.handle_search_error,334,2,1,1,1,0,0
nltk.app.concordance_app.ConcordanceSearchView.handle_search_terminated,322,4,3,1,3,0,0
nltk.app.concordance_app.ConcordanceSearchView.load_corpus,342,5,2,3,2,1,1
nltk.app.concordance_app.ConcordanceSearchView.mainloop,442,4,2,2,2,1,1
nltk.app.concordance_app.ConcordanceSearchView.pad,394,1,0,1,0,0,0
nltk.app.concordance_app.ConcordanceSearchView.previous,269,2,2,0,2,0,0
nltk.app.concordance_app.ConcordanceSearchView.search,348,5,3,2,3,1,1
nltk.app.concordance_app.ConcordanceSearchView.search_enter_keypress_handler,233,1,1,0,1,0,0
nltk.app.concordance_app.ConcordanceSearchView.set_paging_button_states,428,2,1,1,1,0,0
nltk.app.concordance_app.ConcordanceSearchView.unfreeze_editable,423,5,1,4,1,0,0
nltk.app.concordance_app.ConcordanceSearchView.words_and_labels,377,1,0,1,0,0,0
nltk.app.concordance_app.ConcordanceSearchView.write_results,359,3,2,1,2,0,0
nltk.app.concordance_app.app,563,3,2,1,2,0,0
nltk.app.nemo_app.(global),0,1,1,0,1,0,0
nltk.app.nemo_app.ReplaceZone.addTags,115,1,1,0,1,0,0
nltk.app.nemo_app.ReplaceZone.substitute,122,1,1,0,1,0,0
nltk.app.nemo_app.Zone.__init__,52,1,1,0,1,0,0
nltk.app.nemo_app.Zone.initScrollText,68,1,0,1,0,0,0
nltk.app.nemo_app.app,135,3,2,1,2,0,0
nltk.app.nemo_app.launchRefresh,130,1,0,1,0,0,0
nltk.app.rdparser_app.(global),0,1,1,0,1,0,0
nltk.app.rdparser_app.RecursiveDescentApp.__init__,88,10,9,1,9,0,0
nltk.app.rdparser_app.RecursiveDescentApp._animate_backtrack,776,3,2,1,2,0,4
nltk.app.rdparser_app.RecursiveDescentApp._animate_backtrack_frame,792,3,2,1,2,0,4
nltk.app.rdparser_app.RecursiveDescentApp._animate_expand,675,10,8,2,8,0,4
nltk.app.rdparser_app.RecursiveDescentApp._animate_expand_frame,753,3,2,1,2,0,4
nltk.app.rdparser_app.RecursiveDescentApp._animate_match,814,3,2,1,2,0,4
nltk.app.rdparser_app.RecursiveDescentApp._animate_match_backtrack,806,3,2,1,2,0,4
nltk.app.rdparser_app.RecursiveDescentApp._animate_match_backtrack_frame,833,3,2,1,2,0,4
nltk.app.rdparser_app.RecursiveDescentApp._animate_match_frame,821,4,3,1,3,0,4
nltk.app.rdparser_app.RecursiveDescentApp._backtrack,564,6,4,2,4,0,4
nltk.app.rdparser_app.RecursiveDescentApp._configure,236,2,2,0,2,0,0
nltk.app.rdparser_app.RecursiveDescentApp._expand,533,7,5,2,5,0,4
nltk.app.rdparser_app.RecursiveDescentApp._get,352,5,0,5,0,0,0
nltk.app.rdparser_app.RecursiveDescentApp._highlight_nodes,409,4,2,2,2,0,0
nltk.app.rdparser_app.RecursiveDescentApp._highlight_prodlist,418,6,4,2,4,0,0
nltk.app.rdparser_app.RecursiveDescentApp._init_bindings,179,2,1,1,1,0,0
nltk.app.rdparser_app.RecursiveDescentApp._init_buttons,212,1,0,1,0,0,0
nltk.app.rdparser_app.RecursiveDescentApp._init_canvas,259,2,1,1,1,0,0
nltk.app.rdparser_app.RecursiveDescentApp._init_feedback,243,1,0,1,0,0,0
nltk.app.rdparser_app.RecursiveDescentApp._init_fonts,130,1,0,1,0,0,0
nltk.app.rdparser_app.RecursiveDescentApp._init_grammar,148,2,1,1,1,0,0
nltk.app.rdparser_app.RecursiveDescentApp._init_menubar,272,1,0,1,0,0,0
nltk.app.rdparser_app.RecursiveDescentApp._makeroom,729,4,2,2,2,1,1
nltk.app.rdparser_app.RecursiveDescentApp._match,550,5,3,2,3,0,4
nltk.app.rdparser_app.RecursiveDescentApp._position_text,437,5,3,2,3,0,0
nltk.app.rdparser_app.RecursiveDescentApp._prodlist_select,651,7,7,0,7,0,0
nltk.app.rdparser_app.RecursiveDescentApp._redraw,362,13,10,3,10,0,0
nltk.app.rdparser_app.RecursiveDescentApp._redraw_quick,403,6,3,3,3,0,0
nltk.app.rdparser_app.RecursiveDescentApp._step,516,11,5,6,5,0,4
nltk.app.rdparser_app.RecursiveDescentApp._tree_leaves,471,3,1,2,1,1,1
nltk.app.rdparser_app.RecursiveDescentApp.about,583,1,1,0,1,0,0
nltk.app.rdparser_app.RecursiveDescentApp.autostep,497,1,1,0,1,0,0
nltk.app.rdparser_app.RecursiveDescentApp.backtrack,514,2,1,1,1,0,2
nltk.app.rdparser_app.RecursiveDescentApp.destroy,484,2,1,1,1,1,1
nltk.app.rdparser_app.RecursiveDescentApp.edit_grammar,845,1,1,0,1,0,0
nltk.app.rdparser_app.RecursiveDescentApp.edit_sentence,855,1,1,0,1,0,0
nltk.app.rdparser_app.RecursiveDescentApp.expand,513,3,1,2,1,0,2
nltk.app.rdparser_app.RecursiveDescentApp.help,593,1,1,0,1,0,0
nltk.app.rdparser_app.RecursiveDescentApp.mainloop,607,3,2,1,2,1,1
nltk.app.rdparser_app.RecursiveDescentApp.match,512,2,1,1,1,0,2
nltk.app.rdparser_app.RecursiveDescentApp.postscript,603,1,1,0,1,0,0
nltk.app.rdparser_app.RecursiveDescentApp.reset,490,2,1,1,1,0,0
nltk.app.rdparser_app.RecursiveDescentApp.resize,617,1,1,0,1,0,0
nltk.app.rdparser_app.RecursiveDescentApp.set_grammar,848,3,2,1,2,1,1
nltk.app.rdparser_app.RecursiveDescentApp.set_sentence,861,1,1,0,1,0,0
nltk.app.rdparser_app.RecursiveDescentApp.step,511,1,1,0,1,0,0
nltk.app.rdparser_app.app,865,3,2,1,2,0,0
nltk.app.srparser_app.(global),0,1,1,0,1,0,0
nltk.app.srparser_app.ShiftReduceApp.__init__,97,10,9,1,9,0,0
nltk.app.srparser_app.ShiftReduceApp._animate_reduce,661,4,2,2,2,0,0
nltk.app.srparser_app.ShiftReduceApp._animate_reduce_frame,677,9,8,1,8,0,0
nltk.app.srparser_app.ShiftReduceApp._animate_shift,629,2,1,1,1,0,0
nltk.app.srparser_app.ShiftReduceApp._animate_shift_frame,643,4,3,1,3,0,0
nltk.app.srparser_app.ShiftReduceApp._clear_hover,758,1,0,1,0,0,0
nltk.app.srparser_app.ShiftReduceApp._draw_stack_top,440,2,0,2,0,0,0
nltk.app.srparser_app.ShiftReduceApp._highlight_hover,736,3,3,0,3,0,0
nltk.app.srparser_app.ShiftReduceApp._highlight_productions,445,6,3,3,3,0,0
nltk.app.srparser_app.ShiftReduceApp._init_bindings,191,2,1,1,1,0,0
nltk.app.srparser_app.ShiftReduceApp._init_buttons,225,1,0,1,0,0,0
nltk.app.srparser_app.ShiftReduceApp._init_canvas,333,4,3,1,3,0,0
nltk.app.srparser_app.ShiftReduceApp._init_feedback,317,1,0,1,0,0,0
nltk.app.srparser_app.ShiftReduceApp._init_fonts,139,1,0,1,0,0,0
nltk.app.srparser_app.ShiftReduceApp._init_grammar,153,2,1,1,1,0,0
nltk.app.srparser_app.ShiftReduceApp._init_menubar,242,1,0,1,0,0,0
nltk.app.srparser_app.ShiftReduceApp._popup_reduce,613,2,2,0,2,0,0
nltk.app.srparser_app.ShiftReduceApp._prodlist_select,594,7,7,0,7,0,0
nltk.app.srparser_app.ShiftReduceApp._redraw,358,20,13,7,13,1,2
nltk.app.srparser_app.ShiftReduceApp.about,550,1,1,0,1,0,0
nltk.app.srparser_app.ShiftReduceApp.destroy,456,2,1,1,1,1,1
nltk.app.srparser_app.ShiftReduceApp.edit_grammar,560,1,1,0,1,0,0
nltk.app.srparser_app.ShiftReduceApp.edit_sentence,570,1,1,0,1,0,0
nltk.app.srparser_app.ShiftReduceApp.help,541,1,1,0,1,0,0
nltk.app.srparser_app.ShiftReduceApp.mainloop,511,3,2,1,2,1,1
nltk.app.srparser_app.ShiftReduceApp.postscript,508,1,1,0,1,0,0
nltk.app.srparser_app.ShiftReduceApp.reduce,491,6,3,3,3,1,1
nltk.app.srparser_app.ShiftReduceApp.reset,461,3,1,2,1,0,0
nltk.app.srparser_app.ShiftReduceApp.resize,525,1,1,0,1,0,0
nltk.app.srparser_app.ShiftReduceApp.set_grammar,563,3,2,1,2,1,1
nltk.app.srparser_app.ShiftReduceApp.set_sentence,576,1,1,0,1,0,0
nltk.app.srparser_app.ShiftReduceApp.shift,478,7,4,3,4,1,2
nltk.app.srparser_app.ShiftReduceApp.step,467,2,2,0,2,0,0
nltk.app.srparser_app.ShiftReduceApp.undo,503,3,2,1,2,1,1
nltk.app.srparser_app.app,769,5,4,1,4,0,0
nltk.app.wordfreq_app.(global),0,1,1,0,1,0,0
nltk.app.wordfreq_app.app,25,2,1,1,1,0,0
nltk.app.wordfreq_app.plot_word_freq_dist,12,2,1,1,1,0,0
nltk.app.wordnet_app.(global),0,4,4,0,4,0,0
nltk.app.wordnet_app.MyServerHandler.do_GET,95,5,5,0,5,0,0
nltk.app.wordnet_app.MyServerHandler.do_HEAD,92,1,1,0,1,0,0
nltk.app.wordnet_app.MyServerHandler.send_head,160,2,0,2,0,0,0
nltk.app.wordnet_app.Reference.__init__,632,4,0,4,0,0,0
nltk.app.wordnet_app.Reference.decode,657,2,1,1,1,0,0
nltk.app.wordnet_app.Reference.toggle_synset,680,1,0,1,0,0,0
nltk.app.wordnet_app.Reference.toggle_synset_relation,665,1,0,1,0,0,0
nltk.app.wordnet_app._abbc,505,2,2,0,2,0,0
nltk.app.wordnet_app._bold,479,2,0,2,0,0,0
nltk.app.wordnet_app._center,481,1,0,1,0,0,0
nltk.app.wordnet_app._collect_all_synsets,564,2,1,1,1,0,0
nltk.app.wordnet_app._collect_one_synset,522,9,8,1,8,0,0
nltk.app.wordnet_app._hlev,483,1,0,1,0,0,0
nltk.app.wordnet_app._italic,485,1,0,1,0,0,0
nltk.app.wordnet_app._li,487,1,0,1,0,0,0
nltk.app.wordnet_app._pos_match,297,2,1,1,1,0,0
nltk.app.wordnet_app._pos_tuples,290,2,0,2,0,0,0
nltk.app.wordnet_app._synset_relations,574,6,5,1,5,0,0
nltk.app.wordnet_app._ul,503,1,0,1,0,0,0
nltk.app.wordnet_app.app,942,3,2,1,2,0,0
nltk.app.wordnet_app.get_relations_data,362,22,21,1,21,0,0
nltk.app.wordnet_app.get_static_index_page,864,2,0,2,0,0,0
nltk.app.wordnet_app.get_static_page_by_path,771,4,3,1,3,0,0
nltk.app.wordnet_app.get_static_upper_page,895,1,0,1,0,0,0
nltk.app.wordnet_app.get_static_web_help_page,793,1,0,1,0,0,0
nltk.app.wordnet_app.lemma_property,345,1,0,1,0,0,0
nltk.app.wordnet_app.make_lookup_link,692,2,0,2,0,0,0
nltk.app.wordnet_app.page_from_href,709,3,2,1,2,0,0
nltk.app.wordnet_app.page_from_reference,722,5,3,2,3,0,0
nltk.app.wordnet_app.page_from_word,696,3,2,1,2,0,0
nltk.app.wordnet_app.rebuild_tree,356,3,1,2,1,1,1
nltk.app.wordnet_app.startBrowser,261,1,0,1,0,0,0
nltk.app.wordnet_app.usage,936,1,0,1,0,0,0
nltk.app.wordnet_app.wnb,188,2,1,1,1,0,0
nltk.book.(global),0,1,1,0,1,0,0
nltk.ccg.api.AbstractCCGCategory.__lt__,53,1,1,0,1,0,0
nltk.ccg.api.CCGVar.__init__,78,2,1,1,1,0,0
nltk.ccg.api.CCGVar.new_id,89,1,0,1,0,0,0
nltk.ccg.api.Direction.__init__,134,3,0,3,0,0,0
nltk.ccg.api.Direction.__lt__,196,1,1,0,1,0,0
nltk.ccg.api.Direction.__neg__,218,1,1,0,1,0,0
nltk.ccg.api.Direction.can_compose,183,3,0,3,0,0,0
nltk.ccg.api.Direction.can_cross,186,2,0,2,0,0,0
nltk.ccg.api.Direction.can_unify,163,2,2,0,2,0,0
nltk.ccg.api.Direction.is_backward,142,5,0,5,0,0,0
nltk.ccg.api.Direction.is_forward,140,5,0,5,0,0,0
nltk.ccg.api.Direction.is_variable,157,2,0,2,0,0,0
nltk.ccg.api.Direction.restrs,148,1,0,1,0,0,0
nltk.ccg.api.Direction.substitute,173,2,2,0,2,0,0
nltk.ccg.api.FunctionalCategory.__init__,285,5,0,5,0,0,0
nltk.ccg.api.FunctionalCategory.arg,323,12,0,12,0,0,0
nltk.ccg.api.FunctionalCategory.can_unify,310,5,4,1,4,1,1
nltk.ccg.api.FunctionalCategory.res,326,13,0,13,0,0,0
nltk.ccg.api.FunctionalCategory.substitute,302,4,2,2,2,1,1
nltk.ccg.api.PrimitiveCategory.__init__,232,2,0,2,0,0,0
nltk.ccg.api.PrimitiveCategory.__str__,271,1,1,0,1,0,0
nltk.ccg.api.PrimitiveCategory.can_unify,259,1,1,0,1,0,0
nltk.ccg.api.PrimitiveCategory.categ,249,1,0,1,0,0,0
nltk.ccg.chart.(global),0,5,5,0,5,0,0
nltk.ccg.chart.BackwardTypeRaiseRule.__init__,155,1,0,1,0,0,0
nltk.ccg.chart.BackwardTypeRaiseRule.apply,157,1,1,0,1,0,0
nltk.ccg.chart.BinaryCombinatorRule.__init__,104,1,0,1,0,0,0
nltk.ccg.chart.BinaryCombinatorRule.apply,108,1,1,0,1,0,0
nltk.ccg.chart.CCGChart.__init__,232,2,1,1,1,0,0
nltk.ccg.chart.CCGChart._trees,238,4,3,1,3,1,1
nltk.ccg.chart.CCGChartParser.__init__,189,1,0,1,0,0,0
nltk.ccg.chart.CCGChartParser.parse,198,8,7,1,7,0,0
nltk.ccg.chart.CCGEdge.__init__,51,3,0,3,0,0,0
nltk.ccg.chart.CCGEdge.rule,70,1,0,1,0,0,0
nltk.ccg.chart.CCGLeafEdge.__init__,76,1,0,1,0,0,0
nltk.ccg.chart.ForwardTypeRaiseRule.__init__,134,1,0,1,0,0,0
nltk.ccg.chart.ForwardTypeRaiseRule.apply,136,1,1,0,1,0,0
nltk.ccg.chart.demo,355,4,3,1,3,0,0
nltk.ccg.chart.printCCGDerivation,266,2,1,1,1,0,0
nltk.ccg.chart.printCCGTree,292,3,1,2,1,1,1
nltk.ccg.combinator.(global),0,2,2,0,2,0,0
nltk.ccg.combinator.BackwardCombinator.__init__,71,1,0,1,0,0,0
nltk.ccg.combinator.BackwardCombinator.can_combine,76,2,1,1,1,1,1
nltk.ccg.combinator.BackwardCombinator.combine,79,2,1,1,1,1,1
nltk.ccg.combinator.ForwardCombinator.__init__,50,1,0,1,0,0,0
nltk.ccg.combinator.ForwardCombinator.can_combine,55,2,1,1,1,1,1
nltk.ccg.combinator.ForwardCombinator.combine,59,2,1,1,1,1,1
nltk.ccg.combinator.UndirectedComposition.can_combine,140,3,3,0,3,0,0
nltk.ccg.combinator.UndirectedComposition.combine,149,4,4,0,4,0,0
nltk.ccg.combinator.UndirectedFunctionApplication.can_combine,95,1,1,0,1,0,0
nltk.ccg.combinator.UndirectedFunctionApplication.combine,101,2,2,0,2,0,0
nltk.ccg.combinator.UndirectedSubstitution.can_combine,201,4,3,1,3,0,0
nltk.ccg.combinator.UndirectedSubstitution.combine,216,4,4,0,4,0,0
nltk.ccg.combinator.UndirectedTypeRaise.can_combine,256,3,3,0,3,0,0
nltk.ccg.combinator.UndirectedTypeRaise.combine,275,4,4,0,4,0,0
nltk.ccg.combinator.backwardBxConstraint,173,3,3,0,3,0,0
nltk.ccg.combinator.backwardOnly,122,1,1,0,1,0,0
nltk.ccg.combinator.backwardSxConstraint,230,5,5,0,5,0,0
nltk.ccg.combinator.backwardTConstraint,302,3,3,0,3,0,0
nltk.ccg.combinator.bothBackward,165,1,1,0,1,0,0
nltk.ccg.combinator.bothForward,162,3,1,2,1,0,0
nltk.ccg.combinator.crossedDirs,170,3,2,1,2,0,0
nltk.ccg.combinator.forwardOnly,118,1,1,0,1,0,0
nltk.ccg.combinator.forwardSConstraint,224,4,4,0,4,0,0
nltk.ccg.combinator.forwardTConstraint,298,3,3,0,3,0,0
nltk.ccg.combinator.innermostFunction,246,5,1,4,1,0,0
nltk.ccg.lexicon.(global),0,1,1,0,1,0,0
nltk.ccg.lexicon.CCGLexicon.__init__,46,2,1,1,1,0,0
nltk.ccg.lexicon.augParseCategory,148,8,5,3,5,1,1
nltk.ccg.lexicon.matchBrackets,86,3,1,2,1,1,1
nltk.ccg.lexicon.nextCategory,103,2,1,1,1,0,0
nltk.ccg.lexicon.parseApplication,109,2,1,1,1,0,0
nltk.ccg.lexicon.parseCategory,143,1,1,0,1,0,0
nltk.ccg.lexicon.parseLexicon,174,4,2,2,2,0,0
nltk.ccg.lexicon.parsePrimitiveCategory,119,4,3,1,3,0,0
nltk.ccg.lexicon.parseSubscripts,113,1,0,1,0,0,0
nltk.chat.eliza.(global),0,2,2,0,2,0,0
nltk.chat.eliza.demo,239,2,1,1,1,0,0
nltk.chat.eliza.eliza_chat,230,2,1,1,1,0,0
nltk.chat.iesha.(global),0,2,2,0,2,0,0
nltk.chat.iesha.demo,136,2,1,1,1,0,0
nltk.chat.iesha.iesha_chat,127,2,1,1,1,0,0
nltk.chat.rude.(global),0,2,2,0,2,0,0
nltk.chat.rude.demo,88,2,1,1,1,0,0
nltk.chat.rude.rude_chat,80,2,1,1,1,0,0
nltk.chat.suntsu.(global),0,2,2,0,2,0,0
nltk.chat.suntsu.demo,112,2,1,1,1,0,0
nltk.chat.suntsu.suntsu_chat,104,2,1,1,1,0,0
nltk.chat.util.Chat.__init__,36,6,1,5,1,0,0
nltk.chat.util.Chat._compile_reflections,57,2,1,1,1,0,0
nltk.chat.util.Chat._substitute,63,1,0,1,0,0,0
nltk.chat.util.Chat._wildcards,77,2,1,1,1,0,0
nltk.chat.util.Chat.converse,111,6,1,5,1,0,0
nltk.chat.util.Chat.respond,87,2,1,1,1,0,0
nltk.chat.zen.(global),0,2,2,0,2,0,0
nltk.chat.zen.demo,278,2,1,1,1,0,0
nltk.chat.zen.zen_chat,266,2,1,1,1,0,0
nltk.chunk.__init__.ne_chunk,167,1,1,0,1,0,0
nltk.chunk.__init__.ne_chunk_sents,179,1,1,0,1,0,0
nltk.chunk.api.ChunkParserI.evaluate,36,3,3,0,3,0,0
nltk.chunk.api.ChunkParserI.parse,25,1,0,1,0,0,0
nltk.chunk.named_entity.(global),0,1,1,0,1,0,0
nltk.chunk.named_entity.NEChunkParser.__init__,115,2,1,1,1,0,0
nltk.chunk.named_entity.NEChunkParser._parse_to_tagged,152,2,0,2,0,0,0
nltk.chunk.named_entity.NEChunkParser._tagged_to_parse,132,3,2,1,2,0,0
nltk.chunk.named_entity.NEChunkParser._train,126,3,2,1,2,0,0
nltk.chunk.named_entity.NEChunkParser.parse,118,2,1,1,1,0,0
nltk.chunk.named_entity.NEChunkParserTagger.__init__,34,1,0,1,0,0,0
nltk.chunk.named_entity.NEChunkParserTagger._english_wordlist,44,1,0,1,0,0,0
nltk.chunk.named_entity.NEChunkParserTagger._feature_detector,53,4,3,1,3,0,0
nltk.chunk.named_entity.build_model,291,9,8,1,8,0,0
nltk.chunk.named_entity.cmp_chunks,277,2,1,1,1,0,0
nltk.chunk.named_entity.load_ace_data,202,2,1,1,1,0,0
nltk.chunk.named_entity.load_ace_file,212,3,2,1,2,0,0
nltk.chunk.named_entity.postag_tree,188,3,2,1,2,0,0
nltk.chunk.named_entity.shape,169,1,0,1,0,0,0
nltk.chunk.named_entity.simplify_pos,184,1,0,1,0,0,0
nltk.chunk.regexp.(global),0,1,1,0,1,0,0
nltk.chunk.regexp.ChinkRule.__init__,436,3,2,1,2,0,0
nltk.chunk.regexp.ChinkRule.__repr__,456,1,1,0,1,0,0
nltk.chunk.regexp.ChunkRule.__init__,393,3,2,1,2,0,0
nltk.chunk.regexp.ChunkRule.__repr__,413,1,1,0,1,0,0
nltk.chunk.regexp.ChunkRuleWithContext.__init__,771,3,2,1,2,0,0
nltk.chunk.regexp.ChunkString.__init__,72,2,1,1,1,0,0
nltk.chunk.regexp.ChunkString.__repr__,218,1,1,0,1,0,0
nltk.chunk.regexp.ChunkString._tag,99,2,0,2,0,0,0
nltk.chunk.regexp.ChunkString._verify,108,3,1,2,1,0,0
nltk.chunk.regexp.ChunkString.to_chunkstruct,147,3,2,1,2,0,0
nltk.chunk.regexp.ChunkString.xform,179,2,1,1,1,0,0
nltk.chunk.regexp.ExpandLeftRule.__init__,643,2,2,0,2,0,0
nltk.chunk.regexp.ExpandLeftRule.__repr__,678,1,1,0,1,0,0
nltk.chunk.regexp.ExpandRightRule.__init__,704,2,2,0,2,0,0
nltk.chunk.regexp.ExpandRightRule.__repr__,739,1,1,0,1,0,0
nltk.chunk.regexp.MergeRule.__init__,522,3,2,1,2,0,0
nltk.chunk.regexp.MergeRule.__repr__,557,1,1,0,1,0,0
nltk.chunk.regexp.RegexpChunkParser.__init__,924,4,0,4,0,0,0
nltk.chunk.regexp.RegexpChunkParser.__str__,1044,2,2,0,2,0,0
nltk.chunk.regexp.RegexpChunkParser._notrace_apply,973,1,0,1,0,0,0
nltk.chunk.regexp.RegexpChunkParser._trace_apply,950,3,2,1,2,0,0
nltk.chunk.regexp.RegexpChunkParser.parse,987,5,5,0,5,0,0
nltk.chunk.regexp.RegexpChunkRule.__init__,274,8,0,8,0,0,0
nltk.chunk.regexp.RegexpChunkRule.__repr__,322,1,1,0,1,0,0
nltk.chunk.regexp.RegexpChunkRule.apply,298,1,1,0,1,0,0
nltk.chunk.regexp.RegexpChunkRule.descr,313,2,0,2,0,0,0
nltk.chunk.regexp.RegexpChunkRule.fromstring,338,9,5,4,5,0,0
nltk.chunk.regexp.RegexpParser.__init__,1107,1,1,0,1,0,0
nltk.chunk.regexp.RegexpParser._add_stage,1171,2,1,1,1,0,0
nltk.chunk.regexp.RegexpParser._read_grammar,1142,3,2,1,2,0,0
nltk.chunk.regexp.SplitRule.__init__,583,3,2,1,2,0,0
nltk.chunk.regexp.SplitRule.__repr__,617,1,1,0,1,0,0
nltk.chunk.regexp.UnChunkRule.__init__,479,2,2,0,2,0,0
nltk.chunk.regexp.UnChunkRule.__repr__,497,1,1,0,1,0,0
nltk.chunk.regexp.demo,1290,2,1,1,1,0,0
nltk.chunk.regexp.demo_eval,1228,4,3,1,3,0,0
nltk.chunk.regexp.tag_pattern2re_pattern,835,9,1,8,1,0,0
nltk.chunk.util.(global),0,1,1,0,1,0,0
nltk.chunk.util.ChunkScore.__init__,113,4,0,4,0,0,0
nltk.chunk.util.ChunkScore.__len__,268,1,1,0,1,0,0
nltk.chunk.util.ChunkScore.__str__,280,4,4,0,4,0,0
nltk.chunk.util.ChunkScore._updateMeasures,132,6,0,6,0,0,0
nltk.chunk.util.ChunkScore.accuracy,171,1,0,1,0,0,0
nltk.chunk.util.ChunkScore.f_measure,206,4,3,1,3,0,0
nltk.chunk.util.ChunkScore.incorrect,237,2,1,1,1,0,0
nltk.chunk.util.ChunkScore.missed,225,2,1,1,1,0,0
nltk.chunk.util.ChunkScore.precision,182,3,1,2,1,0,0
nltk.chunk.util.ChunkScore.recall,194,3,1,2,1,0,0
nltk.chunk.util.ChunkScore.score,142,4,2,2,2,0,0
nltk.chunk.util._chunksets,297,1,0,1,0,0,0
nltk.chunk.util._ieer_read_text,487,2,1,1,1,0,0
nltk.chunk.util.accuracy,21,1,1,0,1,0,0
nltk.chunk.util.conllstr2tree,356,2,1,1,1,0,0
nltk.chunk.util.conlltags2tree,431,2,2,0,2,0,0
nltk.chunk.util.demo,546,2,1,1,1,0,0
nltk.chunk.util.ieerstr2tree,516,1,1,0,1,0,0
nltk.chunk.util.tagstr2tree,310,3,2,1,2,0,0
nltk.chunk.util.tree2conllstr,462,1,1,0,1,0,0
nltk.chunk.util.tree2conlltags,407,3,0,3,0,0,0
nltk.classify.api.ClassifierI.classify,48,3,2,1,2,0,2
nltk.classify.api.ClassifierI.classify_many,69,2,1,1,1,0,2
nltk.classify.api.ClassifierI.labels,41,1,0,1,0,0,0
nltk.classify.api.ClassifierI.prob_classify,58,3,2,1,2,0,2
nltk.classify.api.ClassifierI.prob_classify_many,79,2,1,1,1,0,2
nltk.classify.api.MultiClassifierI.classify,111,3,2,1,2,0,2
nltk.classify.api.MultiClassifierI.classify_many,132,2,1,1,1,0,2
nltk.classify.api.MultiClassifierI.prob_classify,121,3,2,1,2,0,2
nltk.classify.api.MultiClassifierI.prob_classify_many,142,2,1,1,1,0,2
nltk.classify.decisiontree.(global),0,1,1,0,1,0,0
nltk.classify.decisiontree.DecisionTreeClassifier.__init__,23,3,0,3,0,0,0
nltk.classify.decisiontree.DecisionTreeClassifier.__str__,126,1,1,0,1,0,0
nltk.classify.decisiontree.DecisionTreeClassifier.best_binary_stump,257,5,4,1,4,0,0
nltk.classify.decisiontree.DecisionTreeClassifier.best_stump,217,4,3,1,3,0,0
nltk.classify.decisiontree.DecisionTreeClassifier.binary_stump,232,5,4,1,4,0,0
nltk.classify.decisiontree.DecisionTreeClassifier.classify,53,3,1,2,1,1,1
nltk.classify.decisiontree.DecisionTreeClassifier.error,67,5,1,4,1,0,0
nltk.classify.decisiontree.DecisionTreeClassifier.labels,44,3,2,1,2,1,1
nltk.classify.decisiontree.DecisionTreeClassifier.leaf,167,4,2,2,2,0,0
nltk.classify.decisiontree.DecisionTreeClassifier.pretty_format,74,4,2,2,2,1,1
nltk.classify.decisiontree.DecisionTreeClassifier.pseudocode,99,5,3,2,3,1,1
nltk.classify.decisiontree.DecisionTreeClassifier.refine,187,5,4,1,4,0,2
nltk.classify.decisiontree.DecisionTreeClassifier.stump,173,3,2,1,2,0,0
nltk.classify.decisiontree.DecisionTreeClassifier.train,130,6,4,2,4,0,2
nltk.classify.decisiontree.demo,286,3,2,1,2,0,0
nltk.classify.decisiontree.f,283,11,1,10,1,0,0
nltk.classify.maxent.(global),0,1,1,0,1,0,0
nltk.classify.maxent.BinaryMaxentFeatureEncoding.__init__,473,3,1,2,1,0,0
nltk.classify.maxent.BinaryMaxentFeatureEncoding.describe,548,3,2,1,2,0,0
nltk.classify.maxent.BinaryMaxentFeatureEncoding.encode,521,2,1,1,1,0,0
nltk.classify.maxent.BinaryMaxentFeatureEncoding.length,577,3,0,3,0,0,0
nltk.classify.maxent.BinaryMaxentFeatureEncoding.train,582,4,1,3,1,0,0
nltk.classify.maxent.GISEncoding.__init__,647,1,1,0,1,0,0
nltk.classify.maxent.GISEncoding.describe,684,2,2,0,2,0,0
nltk.classify.maxent.GISEncoding.encode,667,2,2,0,2,0,0
nltk.classify.maxent.GISEncoding.length,681,1,1,0,1,0,0
nltk.classify.maxent.MaxentClassifier.__init__,100,1,0,1,0,0,0
nltk.classify.maxent.MaxentClassifier.__repr__,218,1,1,0,1,0,0
nltk.classify.maxent.MaxentClassifier.classify,142,1,1,0,1,0,0
nltk.classify.maxent.MaxentClassifier.explain,166,2,2,0,2,0,0
nltk.classify.maxent.MaxentClassifier.labels,123,4,1,3,1,1,1
nltk.classify.maxent.MaxentClassifier.prob_classify,145,4,2,2,2,0,0
nltk.classify.maxent.MaxentClassifier.set_weights,126,2,0,2,0,0,0
nltk.classify.maxent.MaxentClassifier.train,227,4,4,0,4,0,0
nltk.classify.maxent.MaxentClassifier.weights,135,2,0,2,0,0,0
nltk.classify.maxent.TadmEventMaxentFeatureEncoding.__init__,692,2,2,0,2,0,0
nltk.classify.maxent.TadmEventMaxentFeatureEncoding.encode,700,1,1,0,1,0,0
nltk.classify.maxent.TadmEventMaxentFeatureEncoding.train,726,3,1,2,1,0,0
nltk.classify.maxent.TadmMaxentClassifier.train,1439,6,5,1,5,0,0
nltk.classify.maxent.TypedMaxentFeatureEncoding.__init__,803,1,1,0,1,0,0
nltk.classify.maxent.TypedMaxentFeatureEncoding.describe,885,2,2,0,2,0,0
nltk.classify.maxent.TypedMaxentFeatureEncoding.encode,851,1,1,0,1,0,0
nltk.classify.maxent.TypedMaxentFeatureEncoding.train,919,1,1,0,1,0,0
nltk.classify.maxent.calculate_deltas,1222,1,0,1,0,0,0
nltk.classify.maxent.calculate_empirical_fcount,1079,2,0,2,0,0,0
nltk.classify.maxent.calculate_estimated_fcount,1088,1,0,1,0,0,0
nltk.classify.maxent.calculate_nfmap,1195,1,0,1,0,0,0
nltk.classify.maxent.demo,1497,2,1,1,1,0,0
nltk.classify.maxent.train_maxent_classifier_with_gis,981,11,10,1,10,0,0
nltk.classify.maxent.train_maxent_classifier_with_iis,1105,12,11,1,11,0,0
nltk.classify.maxent.train_maxent_classifier_with_megam,1348,6,5,1,5,0,0
nltk.classify.megam._write_megam_features,140,1,0,1,0,0,0
nltk.classify.megam.call_megam,154,2,1,1,1,0,0
nltk.classify.megam.config_megam,41,2,1,1,1,0,0
nltk.classify.megam.parse_megam_weights,123,1,0,1,0,0,0
nltk.classify.megam.write_megam_file,62,2,1,1,1,0,0
nltk.classify.naivebayes.(global),0,1,1,0,1,0,0
nltk.classify.naivebayes.NaiveBayesClassifier.__init__,63,1,0,1,0,0,0
nltk.classify.naivebayes.NaiveBayesClassifier.classify,87,1,1,0,1,0,0
nltk.classify.naivebayes.NaiveBayesClassifier.most_informative_features,147,2,1,1,1,0,0
nltk.classify.naivebayes.NaiveBayesClassifier.prob_classify,90,5,4,1,4,0,0
nltk.classify.naivebayes.NaiveBayesClassifier.show_most_informative_features,123,1,1,0,1,0,0
nltk.classify.naivebayes.NaiveBayesClassifier.train,182,4,3,1,3,0,0
nltk.classify.naivebayes.demo,234,2,1,1,1,0,0
nltk.classify.positivenaivebayes.PositiveNaiveBayesClassifier.train,90,2,2,0,2,0,0
nltk.classify.positivenaivebayes.demo,166,1,1,0,1,0,0
nltk.classify.rte_classify.(global),0,3,3,0,3,0,0
nltk.classify.rte_classify.RTEFeatureExtractor.__init__,49,5,3,2,3,0,0
nltk.classify.rte_classify.RTEFeatureExtractor.hyp_extra,104,3,1,2,1,0,0
nltk.classify.rte_classify.RTEFeatureExtractor.overlap,85,3,1,2,1,0,0
nltk.classify.rte_classify.demo,175,1,0,1,0,0,0
nltk.classify.rte_classify.demo_feature_extractor,166,4,3,1,3,0,0
nltk.classify.rte_classify.demo_features,158,2,1,1,1,0,0
nltk.classify.rte_classify.lemmatize,35,1,0,1,0,0,0
nltk.classify.rte_classify.ne,24,2,0,2,0,0,0
nltk.classify.rte_classify.rte_classifier,133,1,1,0,1,0,0
nltk.classify.rte_classify.rte_features,120,4,3,1,3,0,0
nltk.classify.scikitlearn.(global),0,2,2,0,2,0,0
nltk.classify.scikitlearn.SklearnClassifier.__init__,52,1,0,1,0,0,0
nltk.classify.scikitlearn.SklearnClassifier._make_probdist,121,2,1,1,1,0,0
nltk.classify.scikitlearn.SklearnClassifier.prob_classify_many,87,1,1,0,1,0,0
nltk.classify.senna.Senna.__init__,56,3,1,2,1,0,0
nltk.classify.senna.Senna._map,93,1,0,1,0,0,0
nltk.classify.senna.Senna.executable,75,2,0,2,0,0,0
nltk.classify.senna.Senna.tag,106,1,1,0,1,0,0
nltk.classify.senna.Senna.tag_sents,112,3,2,1,2,0,0
nltk.classify.senna.setup_module,174,1,1,0,1,0,0
nltk.classify.tadm.(global),0,2,2,0,2,0,0
nltk.classify.tadm.call_tadm,72,2,1,1,1,0,0
nltk.classify.tadm.config_tadm,20,2,1,1,1,0,0
nltk.classify.tadm.encoding_demo,97,3,2,1,2,0,0
nltk.classify.tadm.names_demo,92,2,1,1,1,0,0
nltk.classify.tadm.parse_tadm_weights,61,1,0,1,0,0,0
nltk.classify.tadm.write_tadm_file,28,2,0,2,0,0,0
nltk.classify.util.CutoffChecker.__init__,102,2,0,2,0,0,0
nltk.classify.util.CutoffChecker.check,112,2,0,2,0,0,0
nltk.classify.util.accuracy,86,6,0,6,0,0,0
nltk.classify.util.apply_features,28,1,1,0,1,0,0
nltk.classify.util.log_likelihood,81,2,0,2,0,0,0
nltk.classify.util.names_demo,168,7,1,6,1,0,0
nltk.classify.util.partial_names_demo,213,2,1,1,1,0,0
nltk.classify.util.wsd_demo,268,1,1,0,1,0,0
nltk.classify.weka.(global),0,1,1,0,1,0,0
nltk.classify.weka.ARFF_Formatter.__init__,226,1,0,1,0,0,0
nltk.classify.weka.ARFF_Formatter._fmt_arff_val,329,1,0,1,0,0,0
nltk.classify.weka.ARFF_Formatter.data_section,303,2,1,1,1,0,0
nltk.classify.weka.ARFF_Formatter.format,237,3,2,1,2,0,0
nltk.classify.weka.ARFF_Formatter.from_train,253,3,2,1,2,0,0
nltk.classify.weka.ARFF_Formatter.header_section,284,1,0,1,0,0,0
nltk.classify.weka.ARFF_Formatter.write,245,1,1,0,1,0,0
nltk.classify.weka.WekaClassifier.__init__,79,1,0,1,0,0,0
nltk.classify.weka.WekaClassifier._classify_many,89,5,3,2,3,0,0
nltk.classify.weka.WekaClassifier.classify_many,86,1,1,0,1,0,0
nltk.classify.weka.WekaClassifier.parse_weka_distribution,124,3,2,1,2,0,0
nltk.classify.weka.WekaClassifier.parse_weka_output,129,2,1,1,1,0,0
nltk.classify.weka.WekaClassifier.prob_classify_many,83,1,1,0,1,0,0
nltk.classify.weka.WekaClassifier.train,179,6,5,1,5,0,0
nltk.classify.weka._check_weka_version,63,1,0,1,0,0,0
nltk.classify.weka.config_weka,32,4,2,2,2,0,0
nltk.classify.weka.make_classifier,342,1,1,0,1,0,0
nltk.cluster.api.ClusterI.classification_probdist,40,4,3,1,3,0,0
nltk.cluster.api.ClusterI.classify,23,1,0,1,0,0,0
nltk.cluster.api.ClusterI.cluster_name,66,1,0,1,0,0,0
nltk.cluster.api.ClusterI.cluster_names,60,3,1,2,1,0,0
nltk.cluster.api.ClusterI.likelihood,30,2,1,1,1,0,0
nltk.cluster.api.ClusterI.num_clusters,54,1,0,1,0,0,0
nltk.cluster.em.(global),0,1,1,0,1,0,0
nltk.cluster.em.EMClusterer.__init__,32,1,1,0,1,0,0
nltk.cluster.em.EMClusterer._gaussian,142,4,0,4,0,0,0
nltk.cluster.em.EMClusterer._loglikelihood,159,2,1,1,1,0,0
nltk.cluster.em.EMClusterer.classify_vectorspace,128,1,1,0,1,0,0
nltk.cluster.em.EMClusterer.cluster_vectorspace,68,2,2,0,2,0,0
nltk.cluster.em.EMClusterer.likelihood_vectorspace,137,2,2,0,2,0,0
nltk.cluster.em.demo,172,2,1,1,1,0,0
nltk.cluster.gaac.(global),0,1,1,0,1,0,0
nltk.cluster.gaac.GAAClusterer.__init__,31,2,1,1,1,0,0
nltk.cluster.gaac.GAAClusterer._merge_similarities,81,1,0,1,0,0,0
nltk.cluster.gaac.GAAClusterer.classify_vectorspace,116,1,1,0,1,0,0
nltk.cluster.gaac.GAAClusterer.cluster,37,3,2,1,2,0,0
nltk.cluster.gaac.GAAClusterer.cluster_vectorspace,43,3,3,0,3,0,0
nltk.cluster.gaac.GAAClusterer.dendrogram,125,1,0,1,0,0,0
nltk.cluster.gaac.GAAClusterer.update_clusters,98,2,1,1,1,0,0
nltk.cluster.gaac.demo,138,5,4,1,4,0,0
nltk.cluster.kmeans.(global),0,1,1,0,1,0,0
nltk.cluster.kmeans.KMeansClusterer.__init__,35,2,1,1,1,0,0
nltk.cluster.kmeans.KMeansClusterer._cluster_vectorspace,107,3,2,1,2,0,0
nltk.cluster.kmeans.KMeansClusterer._sum_distances,157,2,0,2,0,0,0
nltk.cluster.kmeans.KMeansClusterer.classify_vectorspace,134,1,0,1,0,0,0
nltk.cluster.kmeans.KMeansClusterer.cluster_vectorspace,76,4,4,0,4,0,0
nltk.cluster.kmeans.KMeansClusterer.means,151,1,0,1,0,0,0
nltk.cluster.kmeans.demo,185,5,4,1,4,0,0
nltk.cluster.util.Dendrogram.__init__,178,2,1,1,1,0,0
nltk.cluster.util.Dendrogram.__repr__,282,2,2,0,2,0,0
nltk.cluster.util.Dendrogram.groups,203,2,2,0,2,0,0
nltk.cluster.util.Dendrogram.merge,187,1,1,0,1,0,0
nltk.cluster.util.Dendrogram.show,215,2,2,0,2,0,0
nltk.cluster.util.VectorSpaceClusterer.__init__,27,3,0,3,0,0,0
nltk.cluster.util.VectorSpaceClusterer._normalise,108,4,0,4,0,0,0
nltk.cluster.util.VectorSpaceClusterer.classify,70,6,3,3,3,0,0
nltk.cluster.util.VectorSpaceClusterer.classify_vectorspace,78,2,0,2,0,0,0
nltk.cluster.util.VectorSpaceClusterer.cluster,39,4,2,2,2,0,0
nltk.cluster.util.VectorSpaceClusterer.cluster_vectorspace,64,1,0,1,0,0,0
nltk.cluster.util.VectorSpaceClusterer.likelihood,84,2,2,0,2,0,0
nltk.cluster.util.VectorSpaceClusterer.likelihood_vectorspace,91,2,1,1,1,0,0
nltk.cluster.util.VectorSpaceClusterer.vector,98,1,1,0,1,0,0
nltk.cluster.util._DendrogramNode.__init__,132,5,0,5,0,0,0
nltk.cluster.util._DendrogramNode.groups,147,2,1,1,1,0,0
nltk.cluster.util._DendrogramNode.leaves,136,1,0,1,0,0,0
nltk.cluster.util.cosine_distance,122,2,0,2,0,0,0
nltk.collocations.(global),0,1,1,0,1,0,0
nltk.collocations.AbstractCollocationFinder.__init__,54,3,0,3,0,0,0
nltk.collocations.AbstractCollocationFinder._apply_filter,69,5,2,3,2,0,0
nltk.collocations.AbstractCollocationFinder._ngram_freqdist,66,1,1,0,1,0,0
nltk.collocations.AbstractCollocationFinder._score_ngrams,95,1,0,1,0,0,0
nltk.collocations.AbstractCollocationFinder.above_score,114,1,1,0,1,0,0
nltk.collocations.AbstractCollocationFinder.apply_freq_filter,79,3,1,2,1,0,0
nltk.collocations.AbstractCollocationFinder.apply_ngram_filter,83,1,1,0,1,0,0
nltk.collocations.AbstractCollocationFinder.apply_word_filter,89,3,1,2,1,0,0
nltk.collocations.AbstractCollocationFinder.nbest,110,3,1,2,1,0,0
nltk.collocations.AbstractCollocationFinder.score_ngrams,104,7,1,6,1,0,0
nltk.collocations.BigramCollocationFinder.__init__,131,2,1,1,1,0,0
nltk.collocations.BigramCollocationFinder.from_words,139,7,2,5,2,0,0
nltk.collocations.QuadgramCollocationFinder.__init__,244,1,1,0,1,0,0
nltk.collocations.QuadgramCollocationFinder.from_words,258,2,2,0,2,0,0
nltk.collocations.TrigramCollocationFinder.__init__,178,1,1,0,1,0,0
nltk.collocations.TrigramCollocationFinder.bigram_finder,212,1,1,0,1,0,0
nltk.collocations.TrigramCollocationFinder.from_words,188,2,2,0,2,0,0
nltk.collocations.demo,318,8,7,1,7,0,0
nltk.compat._7bit,496,1,0,1,0,0,0
nltk.compat._transliterated,484,1,0,1,0,0,0
nltk.compat._was_fixed,509,1,0,1,0,0,0
nltk.compat.add_py3_data,375,2,0,2,0,0,0
nltk.compat.iteritems,322,5,0,5,0,0,0
nltk.compat.py3_data,388,1,1,0,1,0,0
nltk.compat.python_2_unicode_compatible,425,3,3,0,3,0,0
nltk.compat.u,22,1,0,1,0,0,0
nltk.compat.unicode_repr,463,32,0,32,0,0,0
nltk.corpus.__init__.(global),0,2,2,0,2,0,0
nltk.corpus.__init__.teardown_module,283,1,1,0,1,0,0
nltk.corpus.europarl_raw.(global),0,1,1,0,1,0,0
nltk.corpus.reader.aligned.AlignedCorpusReader.__init__,21,1,1,0,1,0,0
nltk.corpus.reader.aligned.AlignedCorpusReader.aligned_sents,76,3,3,0,3,0,0
nltk.corpus.reader.aligned.AlignedCorpusReader.raw,42,2,2,0,2,0,0
nltk.corpus.reader.aligned.AlignedCorpusReader.sents,63,3,3,0,3,0,0
nltk.corpus.reader.aligned.AlignedCorpusReader.words,51,3,3,0,3,0,0
nltk.corpus.reader.aligned.AlignedSentCorpusView.__init__,93,4,1,3,1,0,0
nltk.corpus.reader.aligned.AlignedSentCorpusView.read_block,102,1,1,0,1,0,0
nltk.corpus.reader.api.CategorizedCorpusReader._add,316,1,0,1,0,0,0
nltk.corpus.reader.api.CategorizedCorpusReader._init,292,6,4,2,4,0,2
nltk.corpus.reader.api.CategorizedCorpusReader.categories,320,1,1,0,1,0,0
nltk.corpus.reader.api.CategorizedCorpusReader.fileids,333,7,1,6,1,0,2
nltk.corpus.reader.api.CorpusReader.__init__,43,7,3,4,3,0,0
nltk.corpus.reader.api.CorpusReader.abspath,143,29,0,29,0,0,0
nltk.corpus.reader.api.CorpusReader.abspaths,154,69,1,68,1,0,0
nltk.corpus.reader.api.CorpusReader.encoding,201,9,0,9,0,0,0
nltk.corpus.reader.api.CorpusReader.fileids,136,2,0,2,0,0,0
nltk.corpus.reader.api.CorpusReader.open,189,40,1,39,1,0,0
nltk.corpus.reader.api.CorpusReader.readme,130,1,1,0,1,0,0
nltk.corpus.reader.api.SyntaxCorpusReader._parse,371,1,0,1,0,0,0
nltk.corpus.reader.api.SyntaxCorpusReader._read_block,377,3,0,3,0,0,0
nltk.corpus.reader.api.SyntaxCorpusReader._read_parsed_sent_block,429,2,2,0,2,0,0
nltk.corpus.reader.api.SyntaxCorpusReader._read_sent_block,422,3,2,1,2,0,0
nltk.corpus.reader.api.SyntaxCorpusReader._read_tagged_sent_block,425,4,2,2,2,0,0
nltk.corpus.reader.api.SyntaxCorpusReader._read_tagged_word_block,419,2,1,1,1,0,0
nltk.corpus.reader.api.SyntaxCorpusReader._read_word_block,416,1,1,0,1,0,0
nltk.corpus.reader.api.SyntaxCorpusReader._tag,375,1,0,1,0,0,0
nltk.corpus.reader.api.SyntaxCorpusReader._word,373,1,0,1,0,0,0
nltk.corpus.reader.api.SyntaxCorpusReader.parsed_sents,385,4,3,1,3,0,0
nltk.corpus.reader.api.SyntaxCorpusReader.raw,380,3,2,1,2,0,0
nltk.corpus.reader.api.SyntaxCorpusReader.sents,396,4,3,1,3,0,0
nltk.corpus.reader.api.SyntaxCorpusReader.tagged_sents,390,5,4,1,4,0,0
nltk.corpus.reader.api.SyntaxCorpusReader.tagged_words,401,5,4,1,4,0,0
nltk.corpus.reader.api.SyntaxCorpusReader.words,407,4,3,1,3,0,0
nltk.corpus.reader.bnc.BNCCorpusReader.__init__,31,1,1,0,1,0,0
nltk.corpus.reader.bnc.BNCCorpusReader._views,91,7,3,4,3,0,0
nltk.corpus.reader.bnc.BNCCorpusReader._words,96,2,2,0,2,0,0
nltk.corpus.reader.bnc.BNCCorpusReader.sents,63,1,1,0,1,0,0
nltk.corpus.reader.bnc.BNCCorpusReader.tagged_sents,76,1,1,0,1,0,0
nltk.corpus.reader.bnc.BNCCorpusReader.tagged_words,47,1,1,0,1,0,0
nltk.corpus.reader.bnc.BNCCorpusReader.words,35,1,1,0,1,0,0
nltk.corpus.reader.bnc.BNCSentence.__init__,150,2,0,2,0,0,0
nltk.corpus.reader.bnc.BNCWordView.__init__,169,2,2,0,2,0,0
nltk.corpus.reader.bnc.BNCWordView.handle_elt,223,2,2,0,2,0,0
nltk.corpus.reader.bnc.BNCWordView.handle_sent,243,3,2,1,2,0,0
nltk.corpus.reader.bnc.BNCWordView.handle_word,229,2,0,2,0,0,0
nltk.corpus.reader.bnc._all_xmlwords_in,134,3,1,2,1,1,1
nltk.corpus.reader.bracket_parse.(global),0,1,1,0,1,0,0
nltk.corpus.reader.bracket_parse.AlpinoCorpusReader.__init__,169,1,1,0,1,0,0
nltk.corpus.reader.bracket_parse.BracketParseCorpusReader.__init__,30,2,0,2,0,0,0
nltk.corpus.reader.bracket_parse.BracketParseCorpusReader._normalize,68,3,0,3,0,0,0
nltk.corpus.reader.bracket_parse.BracketParseCorpusReader._parse,79,5,4,1,4,0,0
nltk.corpus.reader.bracket_parse.BracketParseCorpusReader._read_block,51,3,3,0,3,0,0
nltk.corpus.reader.bracket_parse.BracketParseCorpusReader._tag,99,3,2,1,2,0,0
nltk.corpus.reader.bracket_parse.BracketParseCorpusReader._word,105,1,1,0,1,0,0
nltk.corpus.reader.bracket_parse.CategorizedBracketParseCorpusReader.__init__,115,1,1,0,1,0,0
nltk.corpus.reader.bracket_parse.CategorizedBracketParseCorpusReader._resolve,127,11,1,10,1,0,0
nltk.corpus.reader.bracket_parse.CategorizedBracketParseCorpusReader.paras,143,1,1,0,1,0,0
nltk.corpus.reader.bracket_parse.CategorizedBracketParseCorpusReader.parsed_paras,161,3,2,1,2,1,1
nltk.corpus.reader.bracket_parse.CategorizedBracketParseCorpusReader.parsed_sents,158,2,2,0,2,0,0
nltk.corpus.reader.bracket_parse.CategorizedBracketParseCorpusReader.parsed_words,155,3,2,1,2,1,1
nltk.corpus.reader.bracket_parse.CategorizedBracketParseCorpusReader.raw,134,2,2,0,2,0,0
nltk.corpus.reader.bracket_parse.CategorizedBracketParseCorpusReader.sents,140,2,2,0,2,0,0
nltk.corpus.reader.bracket_parse.CategorizedBracketParseCorpusReader.tagged_paras,152,1,1,0,1,0,0
nltk.corpus.reader.bracket_parse.CategorizedBracketParseCorpusReader.tagged_sents,149,2,2,0,2,0,0
nltk.corpus.reader.bracket_parse.CategorizedBracketParseCorpusReader.tagged_words,146,2,2,0,2,0,0
nltk.corpus.reader.bracket_parse.CategorizedBracketParseCorpusReader.words,137,2,2,0,2,0,0
nltk.corpus.reader.chasen.(global),0,2,2,0,2,0,0
nltk.corpus.reader.chasen.ChasenCorpusReader.paras,49,3,3,0,3,0,0
nltk.corpus.reader.chasen.ChasenCorpusReader.raw,24,2,2,0,2,0,0
nltk.corpus.reader.chasen.ChasenCorpusReader.sents,39,3,3,0,3,0,0
nltk.corpus.reader.chasen.ChasenCorpusReader.tagged_paras,54,3,3,0,3,0,0
nltk.corpus.reader.chasen.ChasenCorpusReader.tagged_sents,44,3,3,0,3,0,0
nltk.corpus.reader.chasen.ChasenCorpusReader.tagged_words,34,3,3,0,3,0,0
nltk.corpus.reader.chasen.ChasenCorpusReader.words,29,3,3,0,3,0,0
nltk.corpus.reader.chasen.ChasenCorpusView.__init__,66,6,0,6,0,0,0
nltk.corpus.reader.chasen.ChasenCorpusView.read_block,75,1,1,0,1,0,0
nltk.corpus.reader.chasen.demo,115,2,1,1,1,0,0
nltk.corpus.reader.chasen.test,128,2,1,1,1,0,0
nltk.corpus.reader.childes.(global),0,1,1,0,1,0,0
nltk.corpus.reader.childes.CHILDESCorpusReader.MLU,214,3,2,1,2,0,0
nltk.corpus.reader.childes.CHILDESCorpusReader.__init__,39,2,1,1,1,0,0
nltk.corpus.reader.childes.CHILDESCorpusReader._getMLU,222,3,2,1,2,0,0
nltk.corpus.reader.childes.CHILDESCorpusReader._get_age,188,2,1,1,1,0,0
nltk.corpus.reader.childes.CHILDESCorpusReader._get_corpus,148,2,1,1,1,0,0
nltk.corpus.reader.childes.CHILDESCorpusReader._get_participants,164,2,1,1,1,0,0
nltk.corpus.reader.childes.CHILDESCorpusReader._get_words,261,5,0,5,0,0,0
nltk.corpus.reader.childes.CHILDESCorpusReader.age,178,3,2,1,2,0,0
nltk.corpus.reader.childes.CHILDESCorpusReader.convert_age,202,1,0,1,0,0,0
nltk.corpus.reader.childes.CHILDESCorpusReader.corpus,141,3,2,1,2,0,0
nltk.corpus.reader.childes.CHILDESCorpusReader.participants,155,3,2,1,2,0,0
nltk.corpus.reader.childes.CHILDESCorpusReader.sents,91,4,3,1,3,0,0
nltk.corpus.reader.childes.CHILDESCorpusReader.tagged_sents,116,3,3,0,3,0,0
nltk.corpus.reader.childes.CHILDESCorpusReader.tagged_words,66,4,3,1,3,0,0
nltk.corpus.reader.childes.CHILDESCorpusReader.words,43,4,3,1,3,0,0
nltk.corpus.reader.childes.demo,431,11,10,1,10,0,0
nltk.corpus.reader.chunked.ChunkedCorpusReader._read_block,155,2,2,0,2,0,0
nltk.corpus.reader.chunked.ChunkedCorpusReader.chunked_paras,143,3,3,0,3,0,0
nltk.corpus.reader.chunked.ChunkedCorpusReader.chunked_sents,131,3,3,0,3,0,0
nltk.corpus.reader.chunked.ChunkedCorpusReader.chunked_words,119,3,3,0,3,0,0
nltk.corpus.reader.chunked.ChunkedCorpusReader.paras,79,3,3,0,3,0,0
nltk.corpus.reader.chunked.ChunkedCorpusReader.raw,51,2,2,0,2,0,0
nltk.corpus.reader.chunked.ChunkedCorpusReader.sents,69,3,3,0,3,0,0
nltk.corpus.reader.chunked.ChunkedCorpusReader.tagged_paras,109,3,3,0,3,0,0
nltk.corpus.reader.chunked.ChunkedCorpusReader.tagged_sents,99,3,3,0,3,0,0
nltk.corpus.reader.chunked.ChunkedCorpusReader.tagged_words,89,3,3,0,3,0,0
nltk.corpus.reader.chunked.ChunkedCorpusReader.words,60,3,3,0,3,0,0
nltk.corpus.reader.chunked.ChunkedCorpusView.__init__,159,9,0,9,0,0,0
nltk.corpus.reader.chunked.ChunkedCorpusView._untag,201,3,1,2,1,1,1
nltk.corpus.reader.chunked.ChunkedCorpusView.read_block,171,1,1,0,1,0,0
nltk.corpus.reader.cmudict.CMUDictCorpusReader.dict,81,2,2,0,2,0,0
nltk.corpus.reader.cmudict.CMUDictCorpusReader.entries,57,5,3,2,3,0,0
nltk.corpus.reader.cmudict.CMUDictCorpusReader.raw,66,2,2,0,2,0,0
nltk.corpus.reader.cmudict.CMUDictCorpusReader.words,75,1,1,0,1,0,0
nltk.corpus.reader.cmudict.read_cmudict_block,88,1,1,0,1,0,0
nltk.corpus.reader.conll.ConllChunkCorpusReader.__init__,516,1,1,0,1,0,0
nltk.corpus.reader.conll.ConllCorpusReader.__init__,68,1,0,1,0,0,0
nltk.corpus.reader.conll.ConllCorpusReader._get_chunked_words,232,5,3,2,3,0,0
nltk.corpus.reader.conll.ConllCorpusReader._get_column,369,7,0,7,0,0,0
nltk.corpus.reader.conll.ConllCorpusReader._get_iob_words,225,4,2,2,2,0,0
nltk.corpus.reader.conll.ConllCorpusReader._get_parsed_sent,266,4,2,2,2,0,0
nltk.corpus.reader.conll.ConllCorpusReader._get_srl_instances,329,6,5,1,5,0,0
nltk.corpus.reader.conll.ConllCorpusReader._get_srl_spans,297,2,1,1,1,0,0
nltk.corpus.reader.conll.ConllCorpusReader._get_tagged_words,219,4,2,2,2,0,0
nltk.corpus.reader.conll.ConllCorpusReader._get_words,216,1,1,0,1,0,0
nltk.corpus.reader.conll.ConllCorpusReader._grids,181,14,3,11,3,0,0
nltk.corpus.reader.conll.ConllCorpusReader._read_grid_block,189,1,1,0,1,0,0
nltk.corpus.reader.conll.ConllCorpusReader._require,362,11,0,11,0,0,0
nltk.corpus.reader.conll.ConllCorpusReader.chunked_sents,125,4,4,0,4,0,0
nltk.corpus.reader.conll.ConllCorpusReader.chunked_words,116,5,5,0,5,0,0
nltk.corpus.reader.conll.ConllCorpusReader.iob_sents,165,4,4,0,4,0,0
nltk.corpus.reader.conll.ConllCorpusReader.iob_words,153,5,5,0,5,0,0
nltk.corpus.reader.conll.ConllCorpusReader.parsed_sents,133,4,4,0,4,0,0
nltk.corpus.reader.conll.ConllCorpusReader.raw,90,2,2,0,2,0,0
nltk.corpus.reader.conll.ConllCorpusReader.sents,99,3,3,0,3,0,0
nltk.corpus.reader.conll.ConllCorpusReader.srl_instances,144,5,5,0,5,0,0
nltk.corpus.reader.conll.ConllCorpusReader.srl_spans,140,3,3,0,3,0,0
nltk.corpus.reader.conll.ConllCorpusReader.tagged_sents,110,4,4,0,4,0,0
nltk.corpus.reader.conll.ConllCorpusReader.tagged_words,103,5,5,0,5,0,0
nltk.corpus.reader.conll.ConllCorpusReader.words,95,4,4,0,4,0,0
nltk.corpus.reader.conll.ConllSRLInstance.__init__,381,1,0,1,0,0,0
nltk.corpus.reader.conll.ConllSRLInstanceList.__init__,448,1,0,1,0,0,0
nltk.corpus.reader.conll.ConllSRLInstanceList.__str__,452,1,1,0,1,0,0
nltk.corpus.reader.conll.ConllSRLInstanceList._tree2conll,493,3,1,2,1,1,1
nltk.corpus.reader.conll.ConllSRLInstanceList.pprint,455,2,1,1,1,0,0
nltk.corpus.reader.dependency.DependencyCorpusReader.parsed_sents,59,4,4,0,4,0,0
nltk.corpus.reader.dependency.DependencyCorpusReader.raw,29,2,2,0,2,0,0
nltk.corpus.reader.dependency.DependencyCorpusReader.sents,51,3,3,0,3,0,0
nltk.corpus.reader.dependency.DependencyCorpusReader.tagged_sents,55,3,3,0,3,0,0
nltk.corpus.reader.dependency.DependencyCorpusReader.tagged_words,47,3,3,0,3,0,0
nltk.corpus.reader.dependency.DependencyCorpusReader.words,43,3,3,0,3,0,0
nltk.corpus.reader.dependency.DependencyCorpusView.__init__,68,5,0,5,0,0,0
nltk.corpus.reader.dependency.DependencyCorpusView.read_block,76,1,1,0,1,0,0
nltk.corpus.reader.framenet.(global),0,1,1,0,1,0,0
nltk.corpus.reader.framenet.AttrDict.__getitem__,292,1,1,0,1,0,0
nltk.corpus.reader.framenet.AttrDict.__init__,282,20,0,20,0,0,0
nltk.corpus.reader.framenet.AttrDict.__repr__,340,2,1,1,1,0,0
nltk.corpus.reader.framenet.AttrDict.__str__,338,2,1,1,1,0,0
nltk.corpus.reader.framenet.AttrDict._short_repr,298,4,1,3,1,0,0
nltk.corpus.reader.framenet.AttrDict._str,309,9,8,1,8,0,0
nltk.corpus.reader.framenet.FramenetCorpusReader._buildcorpusindex,504,5,2,3,2,0,0
nltk.corpus.reader.framenet.FramenetCorpusReader._buildframeindex,493,8,3,5,3,0,4
nltk.corpus.reader.framenet.FramenetCorpusReader._buildluindex,514,8,2,6,2,0,0
nltk.corpus.reader.framenet.FramenetCorpusReader._buildrelationindex,523,11,5,6,5,0,6
nltk.corpus.reader.framenet.FramenetCorpusReader._handle_elt,1632,3,2,1,2,0,0
nltk.corpus.reader.framenet.FramenetCorpusReader._handle_fe_elt,1942,5,4,1,4,0,0
nltk.corpus.reader.framenet.FramenetCorpusReader._handle_fecoreset_elt,1721,3,2,1,2,0,0
nltk.corpus.reader.framenet.FramenetCorpusReader._handle_frame_elt,1666,15,14,1,14,0,6
nltk.corpus.reader.framenet.FramenetCorpusReader._handle_framelexunit_elt,1826,7,6,1,6,0,0
nltk.corpus.reader.framenet.FramenetCorpusReader._handle_framerelation_elt,1746,5,4,1,4,0,0
nltk.corpus.reader.framenet.FramenetCorpusReader._handle_framerelationtype_elt,1730,4,4,0,4,0,0
nltk.corpus.reader.framenet.FramenetCorpusReader._handle_fulltext_sentence_elt,1780,5,4,1,4,0,0
nltk.corpus.reader.framenet.FramenetCorpusReader._handle_fulltextannotation_elt,1762,3,2,1,2,0,0
nltk.corpus.reader.framenet.FramenetCorpusReader._handle_fulltextannotationset_elt,1798,4,3,1,3,0,0
nltk.corpus.reader.framenet.FramenetCorpusReader._handle_fulltextindex_elt,1636,2,2,0,2,0,0
nltk.corpus.reader.framenet.FramenetCorpusReader._handle_fulltextlayer_elt,1812,3,2,1,2,0,0
nltk.corpus.reader.framenet.FramenetCorpusReader._handle_lexunit_elt,1850,8,7,1,7,0,0
nltk.corpus.reader.framenet.FramenetCorpusReader._handle_luannotationset_elt,1917,4,3,1,3,0,0
nltk.corpus.reader.framenet.FramenetCorpusReader._handle_lulayer_elt,1929,3,2,1,2,0,0
nltk.corpus.reader.framenet.FramenetCorpusReader._handle_lusentence_elt,1903,5,4,1,4,0,0
nltk.corpus.reader.framenet.FramenetCorpusReader._handle_lusubcorpus_elt,1885,3,2,1,2,0,0
nltk.corpus.reader.framenet.FramenetCorpusReader._handle_semtype_elt,1962,4,4,0,4,0,0
nltk.corpus.reader.framenet.FramenetCorpusReader._load_xml_attributes,1556,16,0,16,0,0,0
nltk.corpus.reader.framenet.FramenetCorpusReader._loadsemtypes,995,8,5,3,5,0,2
nltk.corpus.reader.framenet.FramenetCorpusReader._lu_file,972,4,3,1,3,0,0
nltk.corpus.reader.framenet.FramenetCorpusReader._strip_tags,1596,7,0,7,0,0,0
nltk.corpus.reader.framenet.FramenetCorpusReader.annotated_document,571,3,3,0,3,0,0
nltk.corpus.reader.framenet.FramenetCorpusReader.buildindexes,558,4,4,0,4,0,0
nltk.corpus.reader.framenet.FramenetCorpusReader.documents,1352,3,3,0,3,0,0
nltk.corpus.reader.framenet.FramenetCorpusReader.fe_relations,1505,4,3,1,3,0,0
nltk.corpus.reader.framenet.FramenetCorpusReader.fes,1201,3,3,0,3,0,0
nltk.corpus.reader.framenet.FramenetCorpusReader.frame,740,3,2,1,2,0,0
nltk.corpus.reader.framenet.FramenetCorpusReader.frame_by_id,635,5,2,3,2,0,6
nltk.corpus.reader.framenet.FramenetCorpusReader.frame_by_name,677,7,4,3,4,0,6
nltk.corpus.reader.framenet.FramenetCorpusReader.frame_ids_and_names,1192,3,2,1,2,0,0
nltk.corpus.reader.framenet.FramenetCorpusReader.frame_relation_types,1397,3,2,1,2,0,6
nltk.corpus.reader.framenet.FramenetCorpusReader.frame_relations,1422,6,5,1,5,0,6
nltk.corpus.reader.framenet.FramenetCorpusReader.frames,1122,8,6,2,6,0,0
nltk.corpus.reader.framenet.FramenetCorpusReader.frames_by_lemma,816,2,2,0,2,0,0
nltk.corpus.reader.framenet.FramenetCorpusReader.lu,865,6,4,2,4,0,0
nltk.corpus.reader.framenet.FramenetCorpusReader.lu_basic,838,1,1,0,1,0,0
nltk.corpus.reader.framenet.FramenetCorpusReader.lu_ids_and_names,1343,3,2,1,2,0,0
nltk.corpus.reader.framenet.FramenetCorpusReader.lus,1232,6,6,0,6,0,0
nltk.corpus.reader.framenet.FramenetCorpusReader.propagate_semtypes,1028,4,4,0,4,0,0
nltk.corpus.reader.framenet.FramenetCorpusReader.semtype,1078,7,1,6,1,0,2
nltk.corpus.reader.framenet.FramenetCorpusReader.semtype_inherits,1110,2,1,1,1,0,0
nltk.corpus.reader.framenet.FramenetCorpusReader.semtypes,1538,3,2,1,2,0,2
nltk.corpus.reader.framenet.Future.__getattr__,371,1,1,0,1,0,0
nltk.corpus.reader.framenet.Future.__getitem__,369,1,1,0,1,0,0
nltk.corpus.reader.framenet.Future.__init__,348,2,0,2,0,0,0
nltk.corpus.reader.framenet.Future.__len__,364,1,1,0,1,0,0
nltk.corpus.reader.framenet.Future.__nonzero__,362,1,1,0,1,0,0
nltk.corpus.reader.framenet.Future.__repr__,376,1,1,0,1,0,0
nltk.corpus.reader.framenet.Future.__setitem__,367,1,1,0,1,0,0
nltk.corpus.reader.framenet.Future.__str__,374,1,1,0,1,0,0
nltk.corpus.reader.framenet.Future._data,356,8,0,8,0,0,0
nltk.corpus.reader.framenet.PrettyDict.__init__,387,3,0,3,0,0,0
nltk.corpus.reader.framenet.PrettyDict.__repr__,391,2,2,0,2,0,0
nltk.corpus.reader.framenet.PrettyLazyMap.__repr__,435,1,1,0,1,0,0
nltk.corpus.reader.framenet.PrettyList.__init__,408,15,0,15,0,0,0
nltk.corpus.reader.framenet.PrettyList.__repr__,412,1,1,0,1,0,0
nltk.corpus.reader.framenet._pretty_any,43,2,1,1,1,0,0
nltk.corpus.reader.framenet._pretty_fe,174,3,2,1,2,0,0
nltk.corpus.reader.framenet._pretty_fe_relation,121,1,0,1,0,0,0
nltk.corpus.reader.framenet._pretty_frame,215,4,3,1,3,0,0
nltk.corpus.reader.framenet._pretty_frame_relation,108,1,0,1,0,0,0
nltk.corpus.reader.framenet._pretty_frame_relation_type,95,1,0,1,0,0,0
nltk.corpus.reader.framenet._pretty_longstring,27,5,0,5,0,0,0
nltk.corpus.reader.framenet._pretty_lu,134,3,2,1,2,0,0
nltk.corpus.reader.framenet._pretty_semtype,65,3,2,1,2,0,0
nltk.corpus.reader.framenet.demo,1981,2,1,1,1,0,0
nltk.corpus.reader.ieer.IEERCorpusReader._parse,88,2,1,1,1,0,0
nltk.corpus.reader.ieer.IEERCorpusReader._read_block,95,2,1,1,1,0,0
nltk.corpus.reader.ieer.IEERCorpusReader._read_parsed_block,83,2,2,0,2,0,0
nltk.corpus.reader.ieer.IEERCorpusReader.docs,72,3,3,0,3,0,0
nltk.corpus.reader.ieer.IEERCorpusReader.parsed_docs,77,3,3,0,3,0,0
nltk.corpus.reader.ieer.IEERCorpusReader.raw,67,2,2,0,2,0,0
nltk.corpus.reader.ieer.IEERDocument.__init__,45,1,0,1,0,0,0
nltk.corpus.reader.indian.IndianCorpusReader.raw,59,2,2,0,2,0,0
nltk.corpus.reader.indian.IndianCorpusReader.sents,45,3,3,0,3,0,0
nltk.corpus.reader.indian.IndianCorpusReader.tagged_sents,50,4,4,0,4,0,0
nltk.corpus.reader.indian.IndianCorpusReader.tagged_words,36,4,4,0,4,0,0
nltk.corpus.reader.indian.IndianCorpusReader.words,31,3,3,0,3,0,0
nltk.corpus.reader.indian.IndianCorpusView.__init__,66,4,0,4,0,0,0
nltk.corpus.reader.indian.IndianCorpusView.read_block,73,2,2,0,2,0,0
nltk.corpus.reader.ipipan.IPIPANCorpusReader.__init__,59,1,1,0,1,0,0
nltk.corpus.reader.ipipan.IPIPANCorpusReader._get_tag,172,2,0,2,0,0,0
nltk.corpus.reader.ipipan.IPIPANCorpusReader._list_header_files,147,2,1,1,1,0,0
nltk.corpus.reader.ipipan.IPIPANCorpusReader._list_morph_files,144,9,1,8,1,0,0
nltk.corpus.reader.ipipan.IPIPANCorpusReader._list_morph_files_by,159,4,3,1,3,0,2
nltk.corpus.reader.ipipan.IPIPANCorpusReader._map_category,183,1,0,1,0,0,0
nltk.corpus.reader.ipipan.IPIPANCorpusReader._parse_header,151,5,2,3,2,0,0
nltk.corpus.reader.ipipan.IPIPANCorpusReader._view,190,8,2,6,2,0,0
nltk.corpus.reader.ipipan.IPIPANCorpusReader.categories,82,3,3,0,3,0,0
nltk.corpus.reader.ipipan.IPIPANCorpusReader.channels,72,3,2,1,2,0,0
nltk.corpus.reader.ipipan.IPIPANCorpusReader.domains,77,2,2,0,2,0,0
nltk.corpus.reader.ipipan.IPIPANCorpusReader.fileids,88,7,2,5,2,0,2
nltk.corpus.reader.ipipan.IPIPANCorpusReader.paras,117,3,3,0,3,0,0
nltk.corpus.reader.ipipan.IPIPANCorpusReader.raw,62,2,2,0,2,0,0
nltk.corpus.reader.ipipan.IPIPANCorpusReader.sents,111,3,3,0,3,0,0
nltk.corpus.reader.ipipan.IPIPANCorpusReader.tagged_paras,134,3,3,0,3,0,0
nltk.corpus.reader.ipipan.IPIPANCorpusReader.tagged_sents,128,3,3,0,3,0,0
nltk.corpus.reader.ipipan.IPIPANCorpusReader.tagged_words,140,3,3,0,3,0,0
nltk.corpus.reader.ipipan.IPIPANCorpusReader.words,123,3,3,0,3,0,0
nltk.corpus.reader.ipipan.IPIPANCorpusView.__init__,224,2,1,1,1,0,0
nltk.corpus.reader.ipipan.IPIPANCorpusView._append_space,327,1,0,1,0,0,0
nltk.corpus.reader.ipipan.IPIPANCorpusView._read_data,317,3,2,1,2,0,0
nltk.corpus.reader.ipipan.IPIPANCorpusView._seek,324,2,1,1,1,0,0
nltk.corpus.reader.ipipan.IPIPANCorpusView.read_block,238,3,3,0,3,0,0
nltk.corpus.reader.knbc.(global),0,1,1,0,1,0,0
nltk.corpus.reader.knbc.KNBCorpusReader.__init__,59,1,1,0,1,0,0
nltk.corpus.reader.knbc.KNBCorpusReader._parse,94,3,3,0,3,0,0
nltk.corpus.reader.knbc.KNBCorpusReader._read_block,68,1,1,0,1,0,0
nltk.corpus.reader.knbc.demo,141,4,3,1,3,0,0
nltk.corpus.reader.knbc.test,176,1,1,0,1,0,0
nltk.corpus.reader.lin.(global),0,1,1,0,1,0,0
nltk.corpus.reader.lin.LinThesaurusCorpusReader.__init__,28,1,1,0,1,0,0
nltk.corpus.reader.lin.LinThesaurusCorpusReader.scored_synonyms,86,1,1,0,1,0,0
nltk.corpus.reader.lin.LinThesaurusCorpusReader.synonyms,103,1,1,0,1,0,0
nltk.corpus.reader.lin.demo,134,1,0,1,0,0,0
nltk.corpus.reader.nkjp.NKJPCorpusReader.__init__,38,2,2,0,2,0,0
nltk.corpus.reader.nkjp.NKJPCorpusReader._view,72,9,4,5,4,0,0
nltk.corpus.reader.nkjp.NKJPCorpusReader.add_root,89,5,0,5,0,0,0
nltk.corpus.reader.nkjp.NKJPCorpusReader.get_paths,62,1,0,1,0,0,0
nltk.corpus.reader.nkjp.NKJPCorpusReader.header,98,3,3,0,3,0,0
nltk.corpus.reader.nkjp.NKJPCorpusReader.raw,137,3,3,0,3,0,0
nltk.corpus.reader.nkjp.NKJPCorpusReader.sents,107,3,3,0,3,0,0
nltk.corpus.reader.nkjp.NKJPCorpusReader.tagged_words,126,3,3,0,3,0,0
nltk.corpus.reader.nkjp.NKJPCorpusReader.words,116,3,3,0,3,0,0
nltk.corpus.reader.nkjp.NKJPCorpus_Header_View.__init__,148,2,1,1,1,0,0
nltk.corpus.reader.nkjp.NKJPCorpus_Header_View.handle_query,157,1,1,0,1,0,0
nltk.corpus.reader.nkjp.NKJPCorpus_Morph_View.__init__,378,4,3,1,3,0,0
nltk.corpus.reader.nkjp.NKJPCorpus_Morph_View.handle_elt,402,1,1,0,1,0,0
nltk.corpus.reader.nkjp.NKJPCorpus_Morph_View.handle_query,384,2,2,0,2,0,0
nltk.corpus.reader.nkjp.NKJPCorpus_Segmentation_View.__init__,249,6,5,1,5,0,0
nltk.corpus.reader.nkjp.NKJPCorpus_Segmentation_View.get_segm_id,259,2,0,2,0,0,0
nltk.corpus.reader.nkjp.NKJPCorpus_Segmentation_View.get_sent_beg,262,2,0,2,0,0,0
nltk.corpus.reader.nkjp.NKJPCorpus_Segmentation_View.get_sent_end,266,2,0,2,0,0,0
nltk.corpus.reader.nkjp.NKJPCorpus_Segmentation_View.get_sentences,271,4,3,1,3,0,0
nltk.corpus.reader.nkjp.NKJPCorpus_Segmentation_View.handle_query,293,5,4,1,4,0,0
nltk.corpus.reader.nkjp.NKJPCorpus_Segmentation_View.remove_choice,279,4,3,1,3,0,0
nltk.corpus.reader.nkjp.NKJPCorpus_Text_View.__init__,326,5,3,2,3,0,0
nltk.corpus.reader.nkjp.NKJPCorpus_Text_View.get_segm_id,360,1,0,1,0,0,0
nltk.corpus.reader.nkjp.NKJPCorpus_Text_View.handle_elt,365,1,1,0,1,0,0
nltk.corpus.reader.nkjp.NKJPCorpus_Text_View.handle_query,335,2,2,0,2,0,0
nltk.corpus.reader.nkjp.NKJPCorpus_Text_View.read_block,346,2,1,1,1,0,0
nltk.corpus.reader.nkjp.XML_Tool.__init__,209,3,0,3,0,0,0
nltk.corpus.reader.nkjp.XML_Tool.build_preprocessed_file,213,5,2,3,2,0,0
nltk.corpus.reader.nkjp.XML_Tool.remove_preprocessed_file,238,4,0,4,0,0,0
nltk.corpus.reader.nombank.NombankChainTreePointer.__init__,294,1,0,1,0,0,0
nltk.corpus.reader.nombank.NombankChainTreePointer.select,304,1,1,0,1,0,0
nltk.corpus.reader.nombank.NombankCorpusReader.__init__,32,1,1,0,1,0,0
nltk.corpus.reader.nombank.NombankCorpusReader._read_instance_block,145,3,2,1,2,0,0
nltk.corpus.reader.nombank.NombankCorpusReader.instances,72,4,4,0,4,0,0
nltk.corpus.reader.nombank.NombankCorpusReader.lines,84,3,3,0,3,0,0
nltk.corpus.reader.nombank.NombankCorpusReader.nouns,136,3,3,0,3,0,0
nltk.corpus.reader.nombank.NombankCorpusReader.raw,64,2,2,0,2,0,0
nltk.corpus.reader.nombank.NombankCorpusReader.roleset,93,1,1,0,1,0,0
nltk.corpus.reader.nombank.NombankCorpusReader.rolesets,115,2,2,0,2,0,0
nltk.corpus.reader.nombank.NombankInstance.__init__,167,1,0,1,0,0,0
nltk.corpus.reader.nombank.NombankInstance.parse,237,3,2,1,2,0,0
nltk.corpus.reader.nombank.NombankSplitTreePointer.__init__,310,1,0,1,0,0,0
nltk.corpus.reader.nombank.NombankSplitTreePointer.select,319,1,1,0,1,0,0
nltk.corpus.reader.nombank.NombankTreePointer.__init__,331,1,0,1,0,0,0
nltk.corpus.reader.nombank.NombankTreePointer.parse,336,6,4,2,4,1,1
nltk.corpus.reader.nombank.NombankTreePointer.select,383,1,1,0,1,0,0
nltk.corpus.reader.nombank.NombankTreePointer.treepos,387,1,0,1,0,0,0
nltk.corpus.reader.nps_chat.NPSChatCorpusReader._elt_to_tagged_words,60,3,2,1,2,0,0
nltk.corpus.reader.nps_chat.NPSChatCorpusReader._elt_to_words,56,1,1,0,1,0,0
nltk.corpus.reader.nps_chat.NPSChatCorpusReader._simplify_username,68,2,0,2,0,0,0
nltk.corpus.reader.nps_chat.NPSChatCorpusReader._wrap_elt,53,1,1,0,1,0,0
nltk.corpus.reader.nps_chat.NPSChatCorpusReader.posts,35,4,3,1,3,0,0
nltk.corpus.reader.nps_chat.NPSChatCorpusReader.tagged_posts,40,5,4,1,4,0,0
nltk.corpus.reader.nps_chat.NPSChatCorpusReader.tagged_words,50,2,2,0,2,0,0
nltk.corpus.reader.nps_chat.NPSChatCorpusReader.words,47,2,2,0,2,0,0
nltk.corpus.reader.nps_chat.NPSChatCorpusReader.xml_posts,26,3,3,0,3,0,0
nltk.corpus.reader.pl196x.Pl196xCorpusReader.__init__,97,2,2,0,2,0,0
nltk.corpus.reader.pl196x.Pl196xCorpusReader._add_textids,119,1,0,1,0,0,0
nltk.corpus.reader.pl196x.Pl196xCorpusReader._init_textids,106,4,3,1,3,0,0
nltk.corpus.reader.pl196x.Pl196xCorpusReader._resolve,123,10,1,9,1,0,0
nltk.corpus.reader.pl196x.Pl196xCorpusReader.paras,200,4,4,0,4,0,0
nltk.corpus.reader.pl196x.Pl196xCorpusReader.raw,273,2,2,0,2,0,0
nltk.corpus.reader.pl196x.Pl196xCorpusReader.sents,183,4,4,0,4,0,0
nltk.corpus.reader.pl196x.Pl196xCorpusReader.tagged_paras,251,4,4,0,4,0,0
nltk.corpus.reader.pl196x.Pl196xCorpusReader.tagged_sents,234,4,4,0,4,0,0
nltk.corpus.reader.pl196x.Pl196xCorpusReader.tagged_words,217,4,4,0,4,0,0
nltk.corpus.reader.pl196x.Pl196xCorpusReader.textids,151,1,1,0,1,0,0
nltk.corpus.reader.pl196x.Pl196xCorpusReader.words,166,4,4,0,4,0,0
nltk.corpus.reader.pl196x.Pl196xCorpusReader.xml,268,2,2,0,2,0,0
nltk.corpus.reader.pl196x.TEICorpusView.__init__,33,6,0,6,0,0,0
nltk.corpus.reader.pl196x.TEICorpusView.read_block,46,3,3,0,3,0,0
nltk.corpus.reader.plaintext.CategorizedPlaintextCorpusReader.__init__,141,1,1,0,1,0,0
nltk.corpus.reader.plaintext.CategorizedPlaintextCorpusReader._resolve,151,5,1,4,1,0,0
nltk.corpus.reader.plaintext.CategorizedPlaintextCorpusReader.paras,167,2,2,0,2,0,0
nltk.corpus.reader.plaintext.CategorizedPlaintextCorpusReader.raw,158,2,2,0,2,0,0
nltk.corpus.reader.plaintext.CategorizedPlaintextCorpusReader.sents,164,2,2,0,2,0,0
nltk.corpus.reader.plaintext.CategorizedPlaintextCorpusReader.words,161,2,2,0,2,0,0
nltk.corpus.reader.plaintext.EuroparlCorpusReader._read_word_block,197,1,1,0,1,0,0
nltk.corpus.reader.plaintext.EuroparlCorpusReader.chapters,215,2,2,0,2,0,0
nltk.corpus.reader.plaintext.PlaintextCorpusReader.__init__,40,2,0,2,0,0,0
nltk.corpus.reader.plaintext.PlaintextCorpusReader._read_word_block,114,1,1,0,1,0,0
nltk.corpus.reader.plaintext.PlaintextCorpusReader.paras,100,3,2,1,2,0,0
nltk.corpus.reader.plaintext.PlaintextCorpusReader.raw,67,3,2,1,2,0,0
nltk.corpus.reader.plaintext.PlaintextCorpusReader.sents,86,3,2,1,2,0,0
nltk.corpus.reader.plaintext.PlaintextCorpusReader.words,76,3,2,1,2,0,0
nltk.corpus.reader.plaintext.PortugueseCategorizedPlaintextCorpusReader.__init__,173,1,1,0,1,0,0
nltk.corpus.reader.ppattach.PPAttachment.__init__,49,1,0,1,0,0,0
nltk.corpus.reader.ppattach.PPAttachmentCorpusReader._read_obj_block,89,2,2,0,2,0,0
nltk.corpus.reader.ppattach.PPAttachmentCorpusReader._read_tuple_block,82,1,1,0,1,0,0
nltk.corpus.reader.ppattach.PPAttachmentCorpusReader.attachments,67,3,3,0,3,0,0
nltk.corpus.reader.ppattach.PPAttachmentCorpusReader.raw,77,2,2,0,2,0,0
nltk.corpus.reader.ppattach.PPAttachmentCorpusReader.tuples,72,3,3,0,3,0,0
nltk.corpus.reader.propbank.PropbankChainTreePointer.__init__,304,1,0,1,0,0,0
nltk.corpus.reader.propbank.PropbankChainTreePointer.select,314,1,1,0,1,0,0
nltk.corpus.reader.propbank.PropbankCorpusReader.__init__,33,1,1,0,1,0,0
nltk.corpus.reader.propbank.PropbankCorpusReader._read_instance_block,144,3,2,1,2,0,0
nltk.corpus.reader.propbank.PropbankCorpusReader.instances,73,4,4,0,4,0,0
nltk.corpus.reader.propbank.PropbankCorpusReader.lines,85,3,3,0,3,0,0
nltk.corpus.reader.propbank.PropbankCorpusReader.raw,65,2,2,0,2,0,0
nltk.corpus.reader.propbank.PropbankCorpusReader.roleset,94,1,1,0,1,0,0
nltk.corpus.reader.propbank.PropbankCorpusReader.rolesets,114,2,2,0,2,0,0
nltk.corpus.reader.propbank.PropbankCorpusReader.verbs,135,3,3,0,3,0,0
nltk.corpus.reader.propbank.PropbankInflection.__init__,458,1,0,1,0,0,0
nltk.corpus.reader.propbank.PropbankInflection.parse,474,2,1,1,1,0,0
nltk.corpus.reader.propbank.PropbankInstance.__init__,166,1,0,1,0,0,0
nltk.corpus.reader.propbank.PropbankInstance.parse,246,4,3,1,3,0,0
nltk.corpus.reader.propbank.PropbankSplitTreePointer.__init__,321,1,0,1,0,0,0
nltk.corpus.reader.propbank.PropbankSplitTreePointer.select,330,1,1,0,1,0,0
nltk.corpus.reader.propbank.PropbankTreePointer.__init__,343,1,0,1,0,0,0
nltk.corpus.reader.propbank.PropbankTreePointer.parse,348,6,4,2,4,1,1
nltk.corpus.reader.propbank.PropbankTreePointer.select,395,1,1,0,1,0,0
nltk.corpus.reader.propbank.PropbankTreePointer.treepos,399,1,0,1,0,0,0
nltk.corpus.reader.rte.RTECorpusReader._read_etree,114,3,2,1,2,0,0
nltk.corpus.reader.rte.RTECorpusReader.pairs,132,3,3,0,3,0,0
nltk.corpus.reader.rte.RTEPair.__init__,67,2,1,1,1,0,0
nltk.corpus.reader.rte.norm,42,1,0,1,0,0,0
nltk.corpus.reader.semcor.SemcorCorpusReader.__init__,25,1,1,0,1,0,0
nltk.corpus.reader.semcor.SemcorCorpusReader._items,92,9,3,6,3,0,0
nltk.corpus.reader.semcor.SemcorCorpusReader._word,138,5,3,2,3,0,0
nltk.corpus.reader.semcor.SemcorCorpusReader._words,102,3,3,0,3,0,0
nltk.corpus.reader.semcor.SemcorCorpusReader.chunk_sents,69,1,1,0,1,0,0
nltk.corpus.reader.semcor.SemcorCorpusReader.chunks,37,1,1,0,1,0,0
nltk.corpus.reader.semcor.SemcorCorpusReader.sents,61,1,1,0,1,0,0
nltk.corpus.reader.semcor.SemcorCorpusReader.tagged_chunks,46,1,1,0,1,0,0
nltk.corpus.reader.semcor.SemcorCorpusReader.tagged_sents,77,1,1,0,1,0,0
nltk.corpus.reader.semcor.SemcorCorpusReader.words,30,1,1,0,1,0,0
nltk.corpus.reader.semcor.SemcorSentence.__init__,210,2,0,2,0,0,0
nltk.corpus.reader.semcor.SemcorWordView.__init__,218,1,1,0,1,0,0
nltk.corpus.reader.semcor.SemcorWordView.handle_elt,238,2,2,0,2,0,0
nltk.corpus.reader.semcor.SemcorWordView.handle_sent,245,3,2,1,2,0,0
nltk.corpus.reader.semcor.SemcorWordView.handle_word,242,3,1,2,1,0,0
nltk.corpus.reader.semcor._all_xmlwords_in,198,3,1,2,1,1,1
nltk.corpus.reader.senseval.SensevalCorpusReader.instances,50,3,3,0,3,0,0
nltk.corpus.reader.senseval.SensevalCorpusReader.raw,54,2,2,0,2,0,0
nltk.corpus.reader.senseval.SensevalCorpusView.__init__,74,2,1,1,1,0,0
nltk.corpus.reader.senseval.SensevalCorpusView._parse_instance,122,2,1,1,1,0,0
nltk.corpus.reader.senseval.SensevalCorpusView.read_block,81,4,4,0,4,0,0
nltk.corpus.reader.senseval.SensevalInstance.__init__,37,1,0,1,0,0,0
nltk.corpus.reader.senseval._fixXML,167,1,0,1,0,0,0
nltk.corpus.reader.sentiwordnet.SentiSynset.__init__,105,2,0,2,0,0,0
nltk.corpus.reader.sentiwordnet.SentiWordNetCorpusReader.__init__,43,1,1,0,1,0,0
nltk.corpus.reader.sentiwordnet.SentiWordNetCorpusReader._parse_src_file,55,2,1,1,1,0,0
nltk.corpus.reader.sentiwordnet.SentiWordNetCorpusReader.all_senti_synsets,94,2,2,0,2,0,0
nltk.corpus.reader.sentiwordnet.SentiWordNetCorpusReader.senti_synset,68,3,2,1,2,0,0
nltk.corpus.reader.sentiwordnet.SentiWordNetCorpusReader.senti_synsets,85,1,1,0,1,0,0
nltk.corpus.reader.sinica_treebank.SinicaTreebankCorpusReader._parse,65,1,1,0,1,0,0
nltk.corpus.reader.sinica_treebank.SinicaTreebankCorpusReader._read_block,59,1,1,0,1,0,0
nltk.corpus.reader.sinica_treebank.SinicaTreebankCorpusReader._tag,68,1,1,0,1,0,0
nltk.corpus.reader.string_category.StringCategoryCorpusReader._read_tuple_block,54,1,1,0,1,0,0
nltk.corpus.reader.string_category.StringCategoryCorpusReader.raw,46,2,2,0,2,0,0
nltk.corpus.reader.string_category.StringCategoryCorpusReader.tuples,39,3,3,0,3,0,0
nltk.corpus.reader.switchboard.SwitchboardCorpusReader._discourses_block_reader,80,4,2,2,2,0,0
nltk.corpus.reader.switchboard.SwitchboardCorpusReader._parse_utterance,108,5,3,2,3,0,0
nltk.corpus.reader.switchboard.SwitchboardCorpusReader._tagged_discourses_block_reader,86,5,2,3,2,0,0
nltk.corpus.reader.switchboard.SwitchboardCorpusReader._tagged_turns_block_reader,96,2,1,1,1,0,0
nltk.corpus.reader.switchboard.SwitchboardCorpusReader._tagged_words_block_reader,102,2,1,1,1,0,0
nltk.corpus.reader.switchboard.SwitchboardCorpusReader._turns_block_reader,93,1,1,0,1,0,0
nltk.corpus.reader.switchboard.SwitchboardCorpusReader._words_block_reader,99,1,1,0,1,0,0
nltk.corpus.reader.switchboard.SwitchboardCorpusReader.discourses,70,2,2,0,2,0,0
nltk.corpus.reader.switchboard.SwitchboardCorpusReader.tagged_discourses,74,3,3,0,3,0,0
nltk.corpus.reader.switchboard.SwitchboardCorpusReader.tagged_turns,64,3,3,0,3,0,0
nltk.corpus.reader.switchboard.SwitchboardCorpusReader.tagged_words,54,3,3,0,3,0,0
nltk.corpus.reader.switchboard.SwitchboardCorpusReader.turns,60,2,2,0,2,0,0
nltk.corpus.reader.switchboard.SwitchboardCorpusReader.words,50,2,2,0,2,0,0
nltk.corpus.reader.switchboard.SwitchboardTurn.__init__,26,1,0,1,0,0,0
nltk.corpus.reader.tagged.CategorizedTaggedCorpusReader.__init__,178,1,1,0,1,0,0
nltk.corpus.reader.tagged.CategorizedTaggedCorpusReader._resolve,188,8,1,7,1,0,0
nltk.corpus.reader.tagged.CategorizedTaggedCorpusReader.paras,204,2,2,0,2,0,0
nltk.corpus.reader.tagged.CategorizedTaggedCorpusReader.raw,195,2,2,0,2,0,0
nltk.corpus.reader.tagged.CategorizedTaggedCorpusReader.sents,201,2,2,0,2,0,0
nltk.corpus.reader.tagged.CategorizedTaggedCorpusReader.tagged_paras,213,2,2,0,2,0,0
nltk.corpus.reader.tagged.CategorizedTaggedCorpusReader.tagged_sents,210,2,2,0,2,0,0
nltk.corpus.reader.tagged.CategorizedTaggedCorpusReader.tagged_words,207,2,2,0,2,0,0
nltk.corpus.reader.tagged.CategorizedTaggedCorpusReader.words,198,2,2,0,2,0,0
nltk.corpus.reader.tagged.MacMorphoCorpusReader.__init__,270,3,3,0,3,0,0
nltk.corpus.reader.tagged.MacMorphoCorpusReader._read_block,279,1,1,0,1,0,0
nltk.corpus.reader.tagged.TaggedCorpusReader.__init__,39,4,0,4,0,0,0
nltk.corpus.reader.tagged.TaggedCorpusReader.paras,100,4,3,1,3,0,0
nltk.corpus.reader.tagged.TaggedCorpusReader.raw,62,3,2,1,2,0,0
nltk.corpus.reader.tagged.TaggedCorpusReader.sents,85,4,3,1,3,0,0
nltk.corpus.reader.tagged.TaggedCorpusReader.tagged_paras,153,5,4,1,4,0,0
nltk.corpus.reader.tagged.TaggedCorpusReader.tagged_sents,134,5,4,1,4,0,0
nltk.corpus.reader.tagged.TaggedCorpusReader.tagged_words,115,5,4,1,4,0,0
nltk.corpus.reader.tagged.TaggedCorpusReader.words,71,4,3,1,3,0,0
nltk.corpus.reader.tagged.TaggedCorpusView.__init__,225,6,0,6,0,0,0
nltk.corpus.reader.tagged.TaggedCorpusView.read_block,238,1,1,0,1,0,0
nltk.corpus.reader.tagged.TimitTaggedCorpusReader.__init__,286,1,1,0,1,0,0
nltk.corpus.reader.timit.SpeakerInfo.__init__,422,1,0,1,0,0,0
nltk.corpus.reader.timit.TimitCorpusReader.__init__,159,1,1,0,1,0,0
nltk.corpus.reader.timit.TimitCorpusReader._utterance_fileids,373,6,0,6,0,0,0
nltk.corpus.reader.timit.TimitCorpusReader.audiodata,364,2,1,1,1,0,0
nltk.corpus.reader.timit.TimitCorpusReader.phone_times,279,3,2,1,2,0,0
nltk.corpus.reader.timit.TimitCorpusReader.phone_trees,308,4,4,0,4,0,0
nltk.corpus.reader.timit.TimitCorpusReader.phones,274,2,2,0,2,0,0
nltk.corpus.reader.timit.TimitCorpusReader.play,378,5,4,1,4,1,1
nltk.corpus.reader.timit.TimitCorpusReader.sent_times,302,3,2,1,2,0,0
nltk.corpus.reader.timit.TimitCorpusReader.sents,297,2,2,0,2,0,0
nltk.corpus.reader.timit.TimitCorpusReader.spkrid,240,1,0,1,0,0,0
nltk.corpus.reader.timit.TimitCorpusReader.spkrinfo,257,3,3,0,3,0,0
nltk.corpus.reader.timit.TimitCorpusReader.transcription_dict,227,1,1,0,1,0,0
nltk.corpus.reader.timit.TimitCorpusReader.wav,336,4,3,1,3,0,0
nltk.corpus.reader.timit.TimitCorpusReader.word_times,292,3,2,1,2,0,0
nltk.corpus.reader.timit.TimitCorpusReader.words,287,2,2,0,2,0,0
nltk.corpus.reader.timit.read_timit_block,442,1,1,0,1,0,0
nltk.corpus.reader.toolbox.(global),0,1,1,0,1,0,0
nltk.corpus.reader.toolbox.ToolboxCorpusReader.entries,38,1,1,0,1,0,0
nltk.corpus.reader.toolbox.ToolboxCorpusReader.fields,30,4,2,2,2,0,0
nltk.corpus.reader.toolbox.ToolboxCorpusReader.raw,58,2,2,0,2,0,0
nltk.corpus.reader.toolbox.ToolboxCorpusReader.words,55,1,1,0,1,0,0
nltk.corpus.reader.toolbox.ToolboxCorpusReader.xml,26,2,2,0,2,0,0
nltk.corpus.reader.toolbox.demo,64,1,0,1,0,0,0
nltk.corpus.reader.udhr.UdhrCorpusReader.__init__,74,1,1,0,1,0,0
nltk.corpus.reader.util.ConcatenatedCorpusView.__init__,355,1,0,1,0,0,0
nltk.corpus.reader.util.ConcatenatedCorpusView.__len__,369,1,1,0,1,0,0
nltk.corpus.reader.util.ConcatenatedCorpusView.close,376,1,0,1,0,0,0
nltk.corpus.reader.util.ConcatenatedCorpusView.iterate_from,380,2,1,1,1,0,0
nltk.corpus.reader.util.PickleCorpusView.__init__,478,2,1,1,1,0,0
nltk.corpus.reader.util.PickleCorpusView.cache_to_tempfile,517,1,1,0,1,0,0
nltk.corpus.reader.util.StreamBackedCorpusView.__add__,340,1,1,0,1,0,0
nltk.corpus.reader.util.StreamBackedCorpusView.__getitem__,236,3,3,0,3,0,0
nltk.corpus.reader.util.StreamBackedCorpusView.__init__,126,29,0,29,0,0,0
nltk.corpus.reader.util.StreamBackedCorpusView.__len__,229,1,1,0,1,0,0
nltk.corpus.reader.util.StreamBackedCorpusView.__mul__,344,1,1,0,1,0,0
nltk.corpus.reader.util.StreamBackedCorpusView.__radd__,342,1,1,0,1,0,0
nltk.corpus.reader.util.StreamBackedCorpusView.__rmul__,346,1,1,0,1,0,0
nltk.corpus.reader.util.StreamBackedCorpusView._open,202,2,1,1,1,0,0
nltk.corpus.reader.util.StreamBackedCorpusView.close,216,2,1,1,1,1,1
nltk.corpus.reader.util.StreamBackedCorpusView.iterate_from,261,6,4,2,4,0,0
nltk.corpus.reader.util.StreamBackedCorpusView.read_block,191,1,0,1,0,0,0
nltk.corpus.reader.util._parse_sexpr_block,694,1,0,1,0,0,0
nltk.corpus.reader.util._path_from,768,2,0,2,0,0,0
nltk.corpus.reader.util.concat,404,106,2,104,2,0,0
nltk.corpus.reader.util.find_corpus_fileids,736,8,2,6,2,0,0
nltk.corpus.reader.util.read_alignedsent_block,576,1,1,0,1,0,0
nltk.corpus.reader.util.read_blankline_block,561,8,1,7,1,0,0
nltk.corpus.reader.util.read_line_block,553,1,1,0,1,0,0
nltk.corpus.reader.util.read_regexp_block,592,6,3,3,3,0,0
nltk.corpus.reader.util.read_sexpr_block,624,5,4,1,4,0,0
nltk.corpus.reader.util.read_whitespace_block,541,1,1,0,1,0,0
nltk.corpus.reader.util.read_wordpunct_block,547,1,1,0,1,0,0
nltk.corpus.reader.util.tagged_treebank_para_block_reader,782,1,1,0,1,0,0
nltk.corpus.reader.verbnet.VerbnetCorpusReader.__init__,26,2,2,0,2,0,0
nltk.corpus.reader.verbnet.VerbnetCorpusReader._index,167,2,2,0,2,0,0
nltk.corpus.reader.verbnet.VerbnetCorpusReader._index_helper,178,4,2,2,2,1,1
nltk.corpus.reader.verbnet.VerbnetCorpusReader._quick_index,190,2,1,1,1,0,0
nltk.corpus.reader.verbnet.VerbnetCorpusReader.classids,86,3,3,0,3,0,0
nltk.corpus.reader.verbnet.VerbnetCorpusReader.fileids,148,1,1,0,1,0,0
nltk.corpus.reader.verbnet.VerbnetCorpusReader.lemmas,60,2,2,0,2,0,0
nltk.corpus.reader.verbnet.VerbnetCorpusReader.longid,223,2,0,2,0,0,0
nltk.corpus.reader.verbnet.VerbnetCorpusReader.pprint,252,5,5,0,5,0,0
nltk.corpus.reader.verbnet.VerbnetCorpusReader.pprint_description,345,1,0,1,0,0,0
nltk.corpus.reader.verbnet.VerbnetCorpusReader.pprint_frame,331,4,3,1,3,0,0
nltk.corpus.reader.verbnet.VerbnetCorpusReader.pprint_members,291,2,1,1,1,0,0
nltk.corpus.reader.verbnet.VerbnetCorpusReader.pprint_semantics,382,1,0,1,0,0,0
nltk.corpus.reader.verbnet.VerbnetCorpusReader.pprint_subclasses,273,2,1,1,1,0,0
nltk.corpus.reader.verbnet.VerbnetCorpusReader.pprint_syntax,359,1,0,1,0,0,0
nltk.corpus.reader.verbnet.VerbnetCorpusReader.pprint_themroles,309,2,1,1,1,0,0
nltk.corpus.reader.verbnet.VerbnetCorpusReader.shortid,236,2,0,2,0,0,0
nltk.corpus.reader.verbnet.VerbnetCorpusReader.vnclass,116,9,2,7,2,0,0
nltk.corpus.reader.verbnet.VerbnetCorpusReader.wordnetids,73,2,2,0,2,0,0
nltk.corpus.reader.wordlist.SwadeshCorpusReader.entries,29,1,1,0,1,0,0
nltk.corpus.reader.wordlist.WordListCorpusReader.raw,22,3,2,1,2,0,0
nltk.corpus.reader.wordlist.WordListCorpusReader.words,19,3,2,1,2,0,0
nltk.corpus.reader.wordnet.(global),0,1,1,0,1,0,0
nltk.corpus.reader.wordnet.Lemma.__init__,245,3,0,3,0,0,0
nltk.corpus.reader.wordnet.Lemma._related,284,3,0,3,0,0,0
nltk.corpus.reader.wordnet.Lemma.antonyms,294,3,1,2,1,0,0
nltk.corpus.reader.wordnet.Lemma.count,290,1,1,0,1,0,0
nltk.corpus.reader.wordnet.Lemma.derivationally_related_forms,297,3,1,2,1,0,0
nltk.corpus.reader.wordnet.Lemma.pertainyms,300,3,1,2,1,0,0
nltk.corpus.reader.wordnet.Synset.__init__,364,4,0,4,0,0,0
nltk.corpus.reader.wordnet.Synset._iter_hypernym_lists,946,4,2,2,2,0,0
nltk.corpus.reader.wordnet.Synset._needs_root,404,4,1,3,1,0,0
nltk.corpus.reader.wordnet.Synset._related,966,1,1,0,1,0,0
nltk.corpus.reader.wordnet.Synset._shortest_hypernym_paths,634,5,4,1,4,0,0
nltk.corpus.reader.wordnet.Synset.closure,493,1,1,0,1,0,0
nltk.corpus.reader.wordnet.Synset.common_hypernyms,538,3,1,2,1,0,0
nltk.corpus.reader.wordnet.Synset.definition,395,3,0,3,0,0,0
nltk.corpus.reader.wordnet.Synset.examples,398,2,0,2,0,0,0
nltk.corpus.reader.wordnet.Synset.hypernym_distances,612,5,4,1,4,1,1
nltk.corpus.reader.wordnet.Synset.hypernym_paths,518,4,3,1,3,1,1
nltk.corpus.reader.wordnet.Synset.jcn_similarity,895,1,1,0,1,0,0
nltk.corpus.reader.wordnet.Synset.lch_similarity,760,3,3,0,3,0,0
nltk.corpus.reader.wordnet.Synset.lemma_names,413,6,3,3,3,0,0
nltk.corpus.reader.wordnet.Synset.lemmas,425,4,4,0,4,0,0
nltk.corpus.reader.wordnet.Synset.lexname,401,3,0,3,0,0,0
nltk.corpus.reader.wordnet.Synset.lin_similarity,927,1,1,0,1,0,0
nltk.corpus.reader.wordnet.Synset.lowest_common_hypernyms,557,6,4,2,4,0,0
nltk.corpus.reader.wordnet.Synset.max_depth,465,7,3,4,3,1,1
nltk.corpus.reader.wordnet.Synset.min_depth,479,5,3,2,3,1,1
nltk.corpus.reader.wordnet.Synset.offset,386,2,0,2,0,0,0
nltk.corpus.reader.wordnet.Synset.path_similarity,728,2,2,0,2,0,0
nltk.corpus.reader.wordnet.Synset.res_similarity,876,1,1,0,1,0,0
nltk.corpus.reader.wordnet.Synset.root_hypernyms,439,3,2,1,2,0,0
nltk.corpus.reader.wordnet.Synset.shortest_path_distance,658,5,2,3,2,0,0
nltk.corpus.reader.wordnet.Synset.wup_similarity,805,4,4,0,4,0,0
nltk.corpus.reader.wordnet.WordNetCorpusReader.__init__,1006,4,3,1,3,0,0
nltk.corpus.reader.wordnet.WordNetCorpusReader._compute_max_depth,1150,3,2,1,2,0,0
nltk.corpus.reader.wordnet.WordNetCorpusReader._data_file,1250,3,1,2,1,0,0
nltk.corpus.reader.wordnet.WordNetCorpusReader._load_exception_map,1141,3,2,1,2,0,0
nltk.corpus.reader.wordnet.WordNetCorpusReader._load_lang_data,1061,9,4,5,4,0,0
nltk.corpus.reader.wordnet.WordNetCorpusReader._load_lemma_pos_offset_map,1097,3,2,1,2,0,0
nltk.corpus.reader.wordnet.WordNetCorpusReader._morphy,1622,2,0,2,0,0,0
nltk.corpus.reader.wordnet.WordNetCorpusReader._synset_from_pos_and_line,1275,4,3,1,3,0,0
nltk.corpus.reader.wordnet.WordNetCorpusReader._synset_from_pos_and_offset,1262,7,4,3,4,0,0
nltk.corpus.reader.wordnet.WordNetCorpusReader.all_lemma_names,1451,1,1,0,1,0,0
nltk.corpus.reader.wordnet.WordNetCorpusReader.all_synsets,1474,6,4,2,4,0,0
nltk.corpus.reader.wordnet.WordNetCorpusReader.get_version,1165,3,2,1,2,0,0
nltk.corpus.reader.wordnet.WordNetCorpusReader.ic,1675,4,4,0,4,0,0
nltk.corpus.reader.wordnet.WordNetCorpusReader.langs,1084,2,1,1,1,0,0
nltk.corpus.reader.wordnet.WordNetCorpusReader.lemma,1178,1,1,0,1,0,0
nltk.corpus.reader.wordnet.WordNetCorpusReader.lemma_count,1536,3,2,1,2,0,0
nltk.corpus.reader.wordnet.WordNetCorpusReader.lemma_from_key,1189,4,3,1,3,0,0
nltk.corpus.reader.wordnet.WordNetCorpusReader.lemmas,1427,4,4,0,4,0,0
nltk.corpus.reader.wordnet.WordNetCorpusReader.morphy,1576,1,1,0,1,0,0
nltk.corpus.reader.wordnet.WordNetCorpusReader.of2ss,1053,2,1,1,1,0,0
nltk.corpus.reader.wordnet.WordNetCorpusReader.ss2of,1057,2,1,1,1,0,0
nltk.corpus.reader.wordnet.WordNetCorpusReader.synset,1217,2,1,1,1,0,0
nltk.corpus.reader.wordnet.WordNetCorpusReader.synsets,1399,5,3,2,3,0,0
nltk.corpus.reader.wordnet.WordNetICCorpusReader.__init__,1739,1,0,1,0,0,0
nltk.corpus.reader.wordnet.WordNetICCorpusReader.ic,1746,3,2,1,2,0,0
nltk.corpus.reader.wordnet._WordNetObject._hypernyms,119,2,0,2,0,0,0
nltk.corpus.reader.wordnet._WordNetObject._instance_hypernyms,125,2,0,2,0,0,0
nltk.corpus.reader.wordnet._WordNetObject.also_sees,170,1,0,1,0,0,0
nltk.corpus.reader.wordnet._WordNetObject.attributes,161,2,0,2,0,0,0
nltk.corpus.reader.wordnet._WordNetObject.causes,167,1,0,1,0,0,0
nltk.corpus.reader.wordnet._WordNetObject.entailments,164,2,0,2,0,0,0
nltk.corpus.reader.wordnet._WordNetObject.hypernyms,116,8,0,8,0,0,0
nltk.corpus.reader.wordnet._WordNetObject.hyponyms,128,3,0,3,0,0,0
nltk.corpus.reader.wordnet._WordNetObject.instance_hypernyms,122,7,0,7,0,0,0
nltk.corpus.reader.wordnet._WordNetObject.instance_hyponyms,131,2,0,2,0,0,0
nltk.corpus.reader.wordnet._WordNetObject.member_holonyms,134,2,0,2,0,0,0
nltk.corpus.reader.wordnet._WordNetObject.member_meronyms,143,2,0,2,0,0,0
nltk.corpus.reader.wordnet._WordNetObject.part_holonyms,140,2,0,2,0,0,0
nltk.corpus.reader.wordnet._WordNetObject.part_meronyms,149,2,0,2,0,0,0
nltk.corpus.reader.wordnet._WordNetObject.region_domains,155,1,0,1,0,0,0
nltk.corpus.reader.wordnet._WordNetObject.similar_tos,176,3,0,3,0,0,0
nltk.corpus.reader.wordnet._WordNetObject.substance_holonyms,137,2,0,2,0,0,0
nltk.corpus.reader.wordnet._WordNetObject.substance_meronyms,146,2,0,2,0,0,0
nltk.corpus.reader.wordnet._WordNetObject.topic_domains,152,1,0,1,0,0,0
nltk.corpus.reader.wordnet._WordNetObject.usage_domains,158,1,0,1,0,0,0
nltk.corpus.reader.wordnet._WordNetObject.verb_groups,173,1,0,1,0,0,0
nltk.corpus.reader.wordnet._get_pos,1870,1,0,1,0,0,0
nltk.corpus.reader.wordnet._lcs_ic,1815,5,2,3,2,0,0
nltk.corpus.reader.wordnet.demo,1890,29,28,1,28,0,0
nltk.corpus.reader.wordnet.information_content,1853,1,0,1,0,0,0
nltk.corpus.reader.xmldocs.XMLCorpusReader.__init__,37,7,1,6,1,0,0
nltk.corpus.reader.xmldocs.XMLCorpusReader.raw,80,2,2,0,2,0,0
nltk.corpus.reader.xmldocs.XMLCorpusReader.words,55,5,5,0,5,0,0
nltk.corpus.reader.xmldocs.XMLCorpusReader.xml,41,7,2,5,2,0,0
nltk.corpus.reader.xmldocs.XMLCorpusView.__init__,122,19,2,17,2,0,0
nltk.corpus.reader.xmldocs.XMLCorpusView._detect_encoding,157,2,1,1,1,0,0
nltk.corpus.reader.xmldocs.XMLCorpusView._read_xml_fragment,237,4,3,1,3,0,0
nltk.corpus.reader.xmldocs.XMLCorpusView.read_block,285,9,4,5,4,0,0
nltk.corpus.reader.ycoe.YCOECorpusReader.__init__,39,2,2,0,2,0,0
nltk.corpus.reader.ycoe.YCOECorpusReader._getfileids,86,7,0,7,0,0,0
nltk.corpus.reader.ycoe.YCOECorpusReader.fileids,74,1,0,1,0,0,0
nltk.corpus.reader.ycoe.YCOECorpusReader.paras,113,3,2,1,2,1,1
nltk.corpus.reader.ycoe.YCOECorpusReader.parsed_sents,121,3,2,1,2,1,1
nltk.corpus.reader.ycoe.YCOECorpusReader.sents,111,3,2,1,2,1,1
nltk.corpus.reader.ycoe.YCOECorpusReader.tagged_paras,119,3,2,1,2,1,1
nltk.corpus.reader.ycoe.YCOECorpusReader.tagged_sents,117,3,2,1,2,1,1
nltk.corpus.reader.ycoe.YCOECorpusReader.tagged_words,115,3,2,1,2,1,1
nltk.corpus.reader.ycoe.YCOECorpusReader.words,109,3,2,1,2,1,1
nltk.corpus.reader.ycoe.YCOEParseCorpusReader._parse,128,1,1,0,1,0,0
nltk.corpus.reader.ycoe.YCOETaggedCorpusReader.__init__,134,3,2,1,2,0,0
nltk.corpus.util.LazyCorpusLoader.__getattr__,90,1,1,0,1,0,0
nltk.corpus.util.LazyCorpusLoader.__init__,42,7,0,7,0,0,0
nltk.corpus.util.LazyCorpusLoader.__load,50,3,2,1,2,0,0
nltk.corpus.util.LazyCorpusLoader._unload,108,1,0,1,0,0,0
nltk.corpus.util._make_bound_method,115,1,0,1,0,0,0
nltk.data.BufferedGzipFile.__init__,341,2,0,2,0,0,0
nltk.data.BufferedGzipFile._reset_buffer,368,2,0,2,0,0,0
nltk.data.BufferedGzipFile._write_buffer,374,3,1,2,1,0,3
nltk.data.BufferedGzipFile._write_gzip,380,4,2,2,2,0,3
nltk.data.BufferedGzipFile.close,387,2,2,0,2,0,0
nltk.data.BufferedGzipFile.flush,394,6,1,5,1,1,1
nltk.data.BufferedGzipFile.read,398,1,1,0,1,0,0
nltk.data.BufferedGzipFile.write,412,3,2,1,2,0,3
nltk.data.FileSystemPathPointer.__init__,284,4,0,4,0,0,0
nltk.data.FileSystemPathPointer.join,313,1,1,0,1,0,0
nltk.data.FileSystemPathPointer.open,304,2,2,0,2,0,0
nltk.data.GzipFileSystemPathPointer.open,433,2,2,0,2,0,0
nltk.data.LazyLoader.__getattr__,922,1,1,0,1,0,0
nltk.data.LazyLoader.__load,914,3,1,2,1,0,0
nltk.data.LazyLoader.__repr__,928,1,1,0,1,0,0
nltk.data.OpenOnDemandZipFile.__init__,950,1,0,1,0,0,0
nltk.data.PathPointer.open,247,1,0,1,0,0,0
nltk.data.SeekableUnicodeStreamReader.__init__,998,7,2,5,2,0,0
nltk.data.SeekableUnicodeStreamReader.__next__,1151,1,1,0,1,0,0
nltk.data.SeekableUnicodeStreamReader._char_seek_forward,1224,5,3,2,3,0,4
nltk.data.SeekableUnicodeStreamReader._check_bom,1387,3,2,1,2,0,0
nltk.data.SeekableUnicodeStreamReader._incr_decode,1345,3,0,3,0,0,0
nltk.data.SeekableUnicodeStreamReader._read,1309,5,3,2,3,0,4
nltk.data.SeekableUnicodeStreamReader.char_seek_forward,1213,5,3,2,3,0,0
nltk.data.SeekableUnicodeStreamReader.close,1181,2,1,1,1,1,1
nltk.data.SeekableUnicodeStreamReader.next,1145,2,1,1,1,0,0
nltk.data.SeekableUnicodeStreamReader.read,1054,7,1,6,1,0,4
nltk.data.SeekableUnicodeStreamReader.readline,1074,32,2,30,2,0,0
nltk.data.SeekableUnicodeStreamReader.readlines,1134,5,1,4,1,0,0
nltk.data.SeekableUnicodeStreamReader.seek,1191,19,2,17,2,1,3
nltk.data.SeekableUnicodeStreamReader.tell,1263,20,5,15,5,1,4
nltk.data.ZipFilePathPointer.__init__,446,5,2,3,2,0,0
nltk.data.ZipFilePathPointer.file_size,504,1,1,0,1,0,0
nltk.data.ZipFilePathPointer.join,507,1,1,0,1,0,0
nltk.data.ZipFilePathPointer.open,495,2,2,0,2,0,0
nltk.data._open,877,5,3,2,3,0,0
nltk.data.find,528,10,4,6,4,1,1
nltk.data.gzip_open_unicode,101,1,0,1,0,0,0
nltk.data.load,699,16,4,12,4,0,0
nltk.data.normalize_resource_name,188,3,0,3,0,0,0
nltk.data.normalize_resource_url,133,6,2,4,2,0,0
nltk.data.retrieve,626,2,2,0,2,0,0
nltk.data.show_cfg,850,3,2,1,2,0,0
nltk.data.split_resource_url,107,2,0,2,0,0,0
nltk.decorators.__call__,111,1,1,0,1,0,0
nltk.decorators.decorator,131,3,3,0,3,0,0
nltk.decorators.decorator_factory,114,1,0,1,0,0,0
nltk.decorators.getattr_,174,1,0,1,0,0,0
nltk.decorators.getinfo,32,4,0,4,0,0,0
nltk.decorators.memoize,184,1,1,0,1,0,0
nltk.decorators.new_wrapper,92,3,2,1,2,0,0
nltk.decorators.update_wrapper,82,3,1,2,1,0,0
nltk.downloader.(global),0,2,2,0,2,0,0
nltk.downloader.Collection.__init__,275,1,0,1,0,0,0
nltk.downloader.Collection.fromxml,294,2,1,1,1,0,0
nltk.downloader.Downloader.__init__,406,3,1,2,1,0,0
nltk.downloader.Downloader._download_list,556,6,5,1,5,0,2
nltk.downloader.Downloader._download_package,580,13,12,1,12,0,0
nltk.downloader.Downloader._info_or_id,506,4,1,3,1,0,0
nltk.downloader.Downloader._interactive_download,965,3,2,1,2,0,0
nltk.downloader.Downloader._num_packages,552,1,0,1,0,0,0
nltk.downloader.Downloader._pkg_status,766,2,1,1,1,0,0
nltk.downloader.Downloader._set_url,898,1,1,0,1,0,0
nltk.downloader.Downloader._update_index,811,11,3,8,3,0,0
nltk.downloader.Downloader.clear_status_cache,725,3,0,3,0,0,0
nltk.downloader.Downloader.collections,498,4,2,2,2,0,0
nltk.downloader.Downloader.corpora,488,3,2,1,2,0,0
nltk.downloader.Downloader.default_download_dir,911,1,0,1,0,0,0
nltk.downloader.Downloader.download,646,8,3,5,3,1,1
nltk.downloader.Downloader.incr_download,521,12,8,4,8,1,2
nltk.downloader.Downloader.index,863,1,1,0,1,0,0
nltk.downloader.Downloader.info,872,3,1,2,1,0,0
nltk.downloader.Downloader.is_installed,722,1,1,0,1,0,0
nltk.downloader.Downloader.is_stale,719,1,1,0,1,0,0
nltk.downloader.Downloader.list,443,3,1,2,1,0,0
nltk.downloader.Downloader.models,493,2,2,0,2,0,0
nltk.downloader.Downloader.packages,484,5,2,3,2,0,0
nltk.downloader.Downloader.status,731,12,3,9,3,1,1
nltk.downloader.Downloader.update,798,5,4,1,4,0,0
nltk.downloader.Downloader.xmlinfo,880,1,1,0,1,0,0
nltk.downloader.DownloaderGUI.__init__,1195,9,7,2,7,0,0
nltk.downloader.DownloaderGUI._abort_download,1847,2,0,2,0,0,0
nltk.downloader.DownloaderGUI._clear_mark,1641,2,0,2,0,0,0
nltk.downloader.DownloaderGUI._color_table,1628,2,0,2,0,0,0
nltk.downloader.DownloaderGUI._destroy,1690,2,2,0,2,0,0
nltk.downloader.DownloaderGUI._download,1561,4,4,0,4,0,0
nltk.downloader.DownloaderGUI._download_cb,1579,6,5,1,5,0,0
nltk.downloader.DownloaderGUI._download_threaded,1809,6,5,1,5,0,0
nltk.downloader.DownloaderGUI._fill_table,1516,16,9,7,9,0,0
nltk.downloader.DownloaderGUI._info_edit,1419,3,1,2,1,0,0
nltk.downloader.DownloaderGUI._info_save,1426,2,1,1,1,0,0
nltk.downloader.DownloaderGUI._init_menu,1344,4,3,1,3,0,0
nltk.downloader.DownloaderGUI._init_progressbar,1766,1,0,1,0,0,0
nltk.downloader.DownloaderGUI._init_widgets,1252,5,4,1,4,0,0
nltk.downloader.DownloaderGUI._log,1244,3,0,3,0,0,0
nltk.downloader.DownloaderGUI._monitor_message_queue,1877,7,6,1,6,0,0
nltk.downloader.DownloaderGUI._next_tab,1493,1,1,0,1,0,0
nltk.downloader.DownloaderGUI._package_to_columns,1663,2,1,1,1,0,0
nltk.downloader.DownloaderGUI._prev_tab,1482,1,1,0,1,0,0
nltk.downloader.DownloaderGUI._progress_alive,1791,2,1,1,1,0,0
nltk.downloader.DownloaderGUI._refresh,1409,2,2,0,2,0,0
nltk.downloader.DownloaderGUI._select,1622,2,0,2,0,0,0
nltk.downloader.DownloaderGUI._select_columns,1402,2,1,1,1,0,0
nltk.downloader.DownloaderGUI._select_tab,1504,1,1,0,1,0,0
nltk.downloader.DownloaderGUI._set_download_dir,1458,2,2,0,2,0,0
nltk.downloader.DownloaderGUI._set_url,1448,2,2,0,2,0,0
nltk.downloader.DownloaderGUI._show_info,1472,5,2,3,2,0,0
nltk.downloader.DownloaderGUI._show_log,1659,1,1,0,1,0,0
nltk.downloader.DownloaderGUI._show_progress,1781,2,0,2,0,0,0
nltk.downloader.DownloaderGUI._table_mark,1650,1,1,0,1,0,0
nltk.downloader.DownloaderGUI._update_table_status,1555,4,2,2,2,0,0
nltk.downloader.DownloaderGUI.about,1747,1,1,0,1,0,0
nltk.downloader.DownloaderGUI.destroy,1685,2,1,1,1,1,1
nltk.downloader.DownloaderGUI.help,1738,1,1,0,1,0,0
nltk.downloader.DownloaderGUI.mainloop,1704,2,1,1,1,1,1
nltk.downloader.DownloaderShell.__init__,977,2,0,2,0,0,0
nltk.downloader.DownloaderShell._show_config,1081,3,2,1,2,0,0
nltk.downloader.DownloaderShell._simple_interactive_config,1093,3,2,1,2,0,0
nltk.downloader.DownloaderShell._simple_interactive_download,1023,3,2,1,2,0,0
nltk.downloader.DownloaderShell._simple_interactive_help,1074,1,0,1,0,0,0
nltk.downloader.DownloaderShell._simple_interactive_menu,980,2,0,2,0,0,0
nltk.downloader.DownloaderShell._simple_interactive_update,1045,3,2,1,2,0,0
nltk.downloader.DownloaderShell.run,989,6,6,0,6,0,0
nltk.downloader.ErrorMessage.__init__,347,4,0,4,0,0,0
nltk.downloader.FinishCollectionMessage.__init__,320,1,0,1,0,0,0
nltk.downloader.FinishDownloadMessage.__init__,332,1,0,1,0,0,0
nltk.downloader.FinishPackageMessage.__init__,326,1,0,1,0,0,0
nltk.downloader.FinishUnzipMessage.__init__,338,1,0,1,0,0,0
nltk.downloader.Package.__init__,195,1,0,1,0,0,0
nltk.downloader.Package.fromxml,255,2,1,1,1,0,0
nltk.downloader.ProgressMessage.__init__,356,2,0,2,0,0,0
nltk.downloader.SelectDownloadDirMessage.__init__,359,1,0,1,0,0,0
nltk.downloader.StaleMessage.__init__,344,1,0,1,0,0,0
nltk.downloader.StartCollectionMessage.__init__,317,1,0,1,0,0,0
nltk.downloader.StartDownloadMessage.__init__,329,1,0,1,0,0,0
nltk.downloader.StartPackageMessage.__init__,323,1,0,1,0,0,0
nltk.downloader.StartUnzipMessage.__init__,335,1,0,1,0,0,0
nltk.downloader.UpToDateMessage.__init__,341,1,0,1,0,0,0
nltk.downloader._find_collections,2164,1,0,1,0,0,0
nltk.downloader._find_packages,2176,2,1,1,1,0,0
nltk.downloader._indent_xml,2117,3,1,2,1,1,1
nltk.downloader._md5_hexdigest,1969,1,0,1,0,0,0
nltk.downloader._unzip_iter,1990,3,1,2,1,0,0
nltk.downloader.build_index,2049,4,4,0,4,0,0
nltk.downloader.download_gui,2235,1,1,0,1,0,0
nltk.downloader.download_shell,2232,1,1,0,1,0,0
nltk.downloader.md5_hexdigest,1959,3,1,2,1,0,0
nltk.downloader.unzip,1981,1,1,0,1,0,0
nltk.downloader.update,2238,1,1,0,1,0,0
nltk.draw.cfg.(global),0,1,1,0,1,0,0
nltk.draw.cfg.CFGDemo.__init__,516,7,6,1,6,0,0
nltk.draw.cfg.CFGDemo._init_bindings,544,2,1,1,1,0,0
nltk.draw.cfg.CFGDemo._init_buttons,549,1,0,1,0,0,0
nltk.draw.cfg.CFGDemo._init_grammar,551,1,0,1,0,0,0
nltk.draw.cfg.CFGDemo._init_menubar,547,1,0,1,0,0,0
nltk.draw.cfg.CFGDemo._init_treelet,558,1,0,1,0,0,0
nltk.draw.cfg.CFGDemo._init_workspace,563,3,2,1,2,0,0
nltk.draw.cfg.CFGDemo._markproduction,608,1,0,1,0,0,0
nltk.draw.cfg.CFGDemo._selectprod_cb,633,5,5,0,5,0,0
nltk.draw.cfg.CFGDemo.destroy,662,3,1,2,1,1,1
nltk.draw.cfg.CFGDemo.mainloop,665,3,1,2,1,1,1
nltk.draw.cfg.CFGDemo.reset_workspace,573,6,5,1,5,0,0
nltk.draw.cfg.CFGEditor.__init__,157,10,6,4,6,0,0
nltk.draw.cfg.CFGEditor._analyze,428,4,2,2,2,0,0
nltk.draw.cfg.CFGEditor._analyze_line,382,5,3,2,3,0,0
nltk.draw.cfg.CFGEditor._analyze_token,348,2,1,1,1,0,0
nltk.draw.cfg.CFGEditor._apply,482,4,3,1,3,0,0
nltk.draw.cfg.CFGEditor._cancel,497,2,2,0,2,0,0
nltk.draw.cfg.CFGEditor._check_analyze,315,2,2,0,2,0,0
nltk.draw.cfg.CFGEditor._clear_tags,304,2,0,2,0,0,0
nltk.draw.cfg.CFGEditor._destroy,473,2,0,2,0,0,0
nltk.draw.cfg.CFGEditor._help,502,1,1,0,1,0,0
nltk.draw.cfg.CFGEditor._init_bindings,199,2,1,1,1,0,0
nltk.draw.cfg.CFGEditor._init_buttons,186,1,0,1,0,0,0
nltk.draw.cfg.CFGEditor._init_nonterminal_tag,370,1,0,1,0,0,0
nltk.draw.cfg.CFGEditor._init_prodframe,220,4,3,1,3,0,0
nltk.draw.cfg.CFGEditor._init_startframe,178,1,0,1,0,0,0
nltk.draw.cfg.CFGEditor._mark_error,404,1,0,1,0,0,0
nltk.draw.cfg.CFGEditor._ok,478,2,2,0,2,0,0
nltk.draw.cfg.CFGEditor._parse_productions,437,2,1,1,1,0,0
nltk.draw.cfg.CFGEditor._replace_arrows,327,2,1,1,1,0,0
nltk.draw.cfg.CFGEditor._reset,489,3,2,1,2,0,0
nltk.draw.cfg.demo,704,3,2,1,2,0,0
nltk.draw.cfg.demo2,668,5,5,0,5,0,0
nltk.draw.cfg.demo3,739,7,7,0,7,0,0
nltk.draw.dispersion.(global),0,1,1,0,1,0,0
nltk.draw.dispersion.dispersion_plot,12,3,1,2,1,0,0
nltk.draw.table.(global),0,1,1,0,1,0,0
nltk.draw.table.MultiListbox.__init__,59,8,7,1,7,0,0
nltk.draw.table.MultiListbox.__setitem__,313,1,1,0,1,0,0
nltk.draw.table.MultiListbox._pagesize,250,2,1,1,1,0,0
nltk.draw.table.MultiListbox._resize_column,153,2,1,1,1,0,0
nltk.draw.table.MultiListbox._scroll,245,2,1,1,1,0,0
nltk.draw.table.MultiListbox._select,238,4,4,0,4,0,0
nltk.draw.table.MultiListbox.activate,488,1,0,1,0,0,0
nltk.draw.table.MultiListbox.bbox,385,2,1,1,1,1,1
nltk.draw.table.MultiListbox.bind_to_columns,456,2,2,0,2,0,0
nltk.draw.table.MultiListbox.bind_to_labels,430,2,1,1,1,0,0
nltk.draw.table.MultiListbox.bind_to_listboxes,443,2,1,1,1,0,0
nltk.draw.table.MultiListbox.columnconfigure,328,1,1,0,1,0,0
nltk.draw.table.MultiListbox.configure,293,3,1,2,1,0,0
nltk.draw.table.MultiListbox.curselection,474,11,1,10,1,1,1
nltk.draw.table.MultiListbox.delete,490,43,1,42,1,1,1
nltk.draw.table.MultiListbox.index,482,3,1,2,1,1,1
nltk.draw.table.MultiListbox.itemcget,478,11,1,10,1,1,1
nltk.draw.table.MultiListbox.nearest,484,4,1,3,1,1,1
nltk.draw.table.MultiListbox.scan_dragto,494,3,1,2,1,1,1
nltk.draw.table.MultiListbox.scan_mark,492,3,1,2,1,1,1
nltk.draw.table.MultiListbox.see,496,5,1,4,1,1,1
nltk.draw.table.MultiListbox.select,258,6,5,1,5,0,0
nltk.draw.table.MultiListbox.selection_anchor,498,2,1,1,1,1,1
nltk.draw.table.MultiListbox.selection_clear,500,12,1,11,1,1,1
nltk.draw.table.MultiListbox.selection_includes,476,2,1,1,1,1,1
nltk.draw.table.MultiListbox.selection_set,502,11,1,10,1,1,1
nltk.draw.table.MultiListbox.size,480,3,1,2,1,1,1
nltk.draw.table.MultiListbox.yview,504,8,1,7,1,1,1
nltk.draw.table.MultiListbox.yview_moveto,507,2,1,1,1,1,1
nltk.draw.table.MultiListbox.yview_scroll,509,3,1,2,1,1,1
nltk.draw.table.Table.__delitem__,805,2,2,0,2,0,0
nltk.draw.table.Table.__getitem__,749,1,1,0,1,0,0
nltk.draw.table.Table.__init__,573,7,5,2,5,0,0
nltk.draw.table.Table.__setitem__,765,6,6,0,6,0,0
nltk.draw.table.Table._check_table_vs_mlb,1032,6,0,6,0,0,0
nltk.draw.table.Table._checkrow,823,3,0,3,0,0,0
nltk.draw.table.Table._fill_table,941,4,2,2,2,0,0
nltk.draw.table.Table._get_itemconfig,956,1,0,1,0,0,0
nltk.draw.table.Table._restore_config_info,998,5,3,2,3,0,0
nltk.draw.table.Table._save_config_info,961,4,2,2,2,0,0
nltk.draw.table.Table._sort,922,2,2,0,2,0,0
nltk.draw.table.Table.append,731,4,2,2,2,0,0
nltk.draw.table.Table.bind,663,47,1,46,1,1,1
nltk.draw.table.Table.bind_to_columns,690,2,1,1,1,1,1
nltk.draw.table.Table.bind_to_labels,682,2,1,1,1,1,1
nltk.draw.table.Table.bind_to_listboxes,686,2,1,1,1,1,1
nltk.draw.table.Table.clear,741,2,2,0,2,0,0
nltk.draw.table.Table.column_index,841,7,0,7,0,0,0
nltk.draw.table.Table.columnconfigure,672,3,2,1,2,1,1
nltk.draw.table.Table.extend,720,2,2,0,2,0,0
nltk.draw.table.Table.focus,659,2,1,1,1,1,1
nltk.draw.table.Table.grid,654,2,1,1,1,1,1
nltk.draw.table.Table.hide_column,854,3,2,1,2,1,1
nltk.draw.table.Table.insert,702,7,3,4,3,1,1
nltk.draw.table.Table.itemconfigure,677,4,2,2,2,1,1
nltk.draw.table.Table.pack,649,4,1,3,1,1,1
nltk.draw.table.Table.rowconfigure,668,2,1,1,1,1,1
nltk.draw.table.Table.select,876,3,1,2,1,1,1
nltk.draw.table.Table.selected_row,866,6,1,5,1,0,0
nltk.draw.table.Table.show_column,858,3,2,1,2,1,1
nltk.draw.table.Table.sort_by,884,10,7,3,7,0,0
nltk.draw.table.demo,1056,7,6,1,6,0,0
nltk.draw.tree.(global),0,1,1,0,1,0,0
nltk.draw.tree.TreeSegmentWidget.__getitem__,126,3,3,0,3,0,0
nltk.draw.tree.TreeSegmentWidget.__init__,59,7,2,5,2,0,0
nltk.draw.tree.TreeSegmentWidget.__setitem__,90,3,3,0,3,0,0
nltk.draw.tree.TreeSegmentWidget._maintain_order,244,3,2,1,2,0,0
nltk.draw.tree.TreeSegmentWidget._maintain_order_horizontal,292,3,2,1,2,0,0
nltk.draw.tree.TreeSegmentWidget._maintain_order_vertical,250,3,2,1,2,0,0
nltk.draw.tree.TreeSegmentWidget._manage,377,4,4,0,4,0,0
nltk.draw.tree.TreeSegmentWidget._manage_horizontal,334,4,3,1,3,0,0
nltk.draw.tree.TreeSegmentWidget._manage_vertical,356,4,3,1,3,0,0
nltk.draw.tree.TreeSegmentWidget._node_bottom,202,5,1,4,1,0,0
nltk.draw.tree.TreeSegmentWidget._subtree_top,192,3,0,3,0,0,0
nltk.draw.tree.TreeSegmentWidget._update,209,6,5,1,5,0,0
nltk.draw.tree.TreeSegmentWidget.insert_child,177,3,3,0,3,0,0
nltk.draw.tree.TreeSegmentWidget.remove_child,170,4,4,0,4,0,0
nltk.draw.tree.TreeSegmentWidget.replace_child,160,3,3,0,3,0,0
nltk.draw.tree.TreeSegmentWidget.set_label,151,3,3,0,3,0,0
nltk.draw.tree.TreeView.__init__,754,9,8,1,8,0,0
nltk.draw.tree.TreeView._init_menubar,803,1,0,1,0,0,0
nltk.draw.tree.TreeView._layout,790,3,1,2,1,0,0
nltk.draw.tree.TreeView.destroy,844,2,1,1,1,1,1
nltk.draw.tree.TreeView.mainloop,849,3,2,1,2,1,1
nltk.draw.tree.TreeView.resize,829,1,1,0,1,0,0
nltk.draw.tree.TreeWidget.__getitem__,691,1,1,0,1,0,0
nltk.draw.tree.TreeWidget.__init__,489,6,4,2,4,0,0
nltk.draw.tree.TreeWidget.__setitem__,637,3,3,0,3,0,0
nltk.draw.tree.TreeWidget._make_collapsed_trees,591,5,3,2,3,1,1
nltk.draw.tree.TreeWidget._make_expanded_tree,616,4,2,2,2,1,1
nltk.draw.tree.TreeWidget._manage,710,4,4,0,4,0,0
nltk.draw.tree.TreeWidget.bind_click_leaves,563,1,1,0,1,0,0
nltk.draw.tree.TreeWidget.bind_click_nodes,577,2,1,1,1,0,0
nltk.draw.tree.TreeWidget.bind_click_trees,545,4,2,2,2,0,0
nltk.draw.tree.TreeWidget.bind_drag_leaves,570,1,1,0,1,0,0
nltk.draw.tree.TreeWidget.bind_drag_nodes,584,1,1,0,1,0,0
nltk.draw.tree.TreeWidget.bind_drag_trees,554,2,2,0,2,0,0
nltk.draw.tree.TreeWidget.collapsed_tree,534,1,0,1,0,0,0
nltk.draw.tree.TreeWidget.expanded_tree,523,1,0,1,0,0,0
nltk.draw.tree.TreeWidget.toggle_collapsed,718,4,4,0,4,0,0
nltk.draw.tree._tree_to_treeseg,394,4,2,2,2,1,1
nltk.draw.tree.demo,873,21,20,1,20,0,0
nltk.draw.tree.draw_trees,859,5,1,4,1,0,0
nltk.draw.tree.tree_to_treesegment,407,9,2,7,2,0,0
nltk.draw.util.(global),0,1,1,0,1,0,0
nltk.draw.util.AbstractContainerWidget.__init__,873,6,2,4,2,0,0
nltk.draw.util.AbstractContainerWidget._manage,889,1,1,0,1,0,0
nltk.draw.util.AbstractContainerWidget.child,892,1,0,1,0,0,0
nltk.draw.util.AbstractContainerWidget.set_child,899,3,3,0,3,0,0
nltk.draw.util.BoxWidget.__getitem__,954,2,2,0,2,0,0
nltk.draw.util.BoxWidget.__init__,930,3,1,2,1,0,0
nltk.draw.util.BoxWidget.__setitem__,947,1,1,0,1,0,0
nltk.draw.util.BracketWidget.__getitem__,1166,2,2,0,2,0,0
nltk.draw.util.BracketWidget.__init__,1140,2,1,1,1,0,0
nltk.draw.util.BracketWidget.__setitem__,1156,1,1,0,1,0,0
nltk.draw.util.CanvasFrame.__init__,1641,14,5,9,5,0,0
nltk.draw.util.CanvasFrame._find_room,1767,4,3,1,3,0,0
nltk.draw.util.CanvasFrame._init_menubar,1686,1,0,1,0,0,0
nltk.draw.util.CanvasFrame.add_widget,1737,14,3,11,3,0,0
nltk.draw.util.CanvasFrame.canvas,1730,4,0,4,0,0,0
nltk.draw.util.CanvasFrame.destroy,1820,2,1,1,1,1,1
nltk.draw.util.CanvasFrame.destroy_widget,1800,7,1,6,1,0,0
nltk.draw.util.CanvasFrame.mainloop,1829,5,2,3,2,1,1
nltk.draw.util.CanvasFrame.pack,1812,3,1,2,1,1,1
nltk.draw.util.CanvasFrame.print_to_file,1698,8,1,7,1,0,0
nltk.draw.util.CanvasFrame.remove_widget,1808,3,0,3,0,0,0
nltk.draw.util.CanvasFrame.scrollregion,1721,5,0,5,0,0,0
nltk.draw.util.CanvasWidget.__click,608,3,1,2,1,1,1
nltk.draw.util.CanvasWidget.__drag,592,3,1,2,1,1,1
nltk.draw.util.CanvasWidget.__getitem__,410,9,0,9,0,0,0
nltk.draw.util.CanvasWidget.__init__,164,11,3,8,3,0,0
nltk.draw.util.CanvasWidget.__motion_cb,558,1,1,0,1,0,0
nltk.draw.util.CanvasWidget.__press_cb,513,2,2,0,2,0,0
nltk.draw.util.CanvasWidget.__release_cb,568,3,3,0,3,0,0
nltk.draw.util.CanvasWidget.__setitem__,397,9,0,9,0,0,0
nltk.draw.util.CanvasWidget.__start_drag,548,2,1,1,1,0,0
nltk.draw.util.CanvasWidget._add_child_widget,628,16,0,16,0,0,0
nltk.draw.util.CanvasWidget._manage,676,2,0,2,0,0,0
nltk.draw.util.CanvasWidget._remove_child_widget,647,10,0,10,0,0,0
nltk.draw.util.CanvasWidget._tags,667,2,0,2,0,0,0
nltk.draw.util.CanvasWidget._update,687,2,0,2,0,0,0
nltk.draw.util.CanvasWidget.bbox,221,19,2,17,2,1,1
nltk.draw.util.CanvasWidget.bind_click,460,7,0,7,0,0,0
nltk.draw.util.CanvasWidget.bind_drag,476,4,0,4,0,0,0
nltk.draw.util.CanvasWidget.canvas,272,12,0,12,0,0,0
nltk.draw.util.CanvasWidget.destroy,323,4,3,1,3,1,1
nltk.draw.util.CanvasWidget.height,244,2,2,0,2,0,0
nltk.draw.util.CanvasWidget.hidden,449,1,0,1,0,0,0
nltk.draw.util.CanvasWidget.hide,429,4,1,3,1,0,0
nltk.draw.util.CanvasWidget.manage,372,6,2,4,2,1,1
nltk.draw.util.CanvasWidget.move,279,32,3,29,3,1,1
nltk.draw.util.CanvasWidget.moveto,299,2,2,0,2,0,0
nltk.draw.util.CanvasWidget.parent,254,1,0,1,0,0,0
nltk.draw.util.CanvasWidget.show,439,1,1,0,1,0,0
nltk.draw.util.CanvasWidget.tags,382,10,2,8,2,1,1
nltk.draw.util.CanvasWidget.update,348,15,2,13,2,1,1
nltk.draw.util.CanvasWidget.width,234,5,2,3,2,0,0
nltk.draw.util.ColorizedList.__init__,2009,3,3,0,3,0,0
nltk.draw.util.ColorizedList._buttonpress,2225,1,1,0,1,0,0
nltk.draw.util.ColorizedList._fire_callback,2216,3,1,2,1,0,0
nltk.draw.util.ColorizedList._init_colortags,2038,1,0,1,0,0,0
nltk.draw.util.ColorizedList._init_itemframe,2192,5,4,1,4,0,0
nltk.draw.util.ColorizedList._item_repr,2046,1,0,1,0,0,0
nltk.draw.util.ColorizedList._keypress,2231,2,2,0,2,0,0
nltk.draw.util.ColorizedList.add_callback,2136,2,1,1,1,0,0
nltk.draw.util.ColorizedList.focus,2184,3,1,2,1,1,1
nltk.draw.util.ColorizedList.grid,2180,2,1,1,1,1,1
nltk.draw.util.ColorizedList.mark,2106,3,0,3,0,0,0
nltk.draw.util.ColorizedList.markonly,2116,3,2,1,2,0,0
nltk.draw.util.ColorizedList.pack,2176,4,1,3,1,1,1
nltk.draw.util.ColorizedList.remove_callback,2156,1,1,0,1,0,0
nltk.draw.util.ColorizedList.set,2068,3,2,1,2,0,0
nltk.draw.util.ColorizedList.unmark,2090,2,0,2,0,0,0
nltk.draw.util.ColorizedList.view,2124,2,1,1,1,0,0
nltk.draw.util.EntryDialog.__init__,1927,4,1,3,1,0,0
nltk.draw.util.EntryDialog._apply,1984,1,0,1,0,0,0
nltk.draw.util.EntryDialog._cancel,1975,2,2,0,2,0,0
nltk.draw.util.EntryDialog._destroy,1988,2,0,2,0,0,0
nltk.draw.util.EntryDialog._ok,1980,2,2,0,2,0,0
nltk.draw.util.EntryDialog._reset,1969,2,1,1,1,0,0
nltk.draw.util.MutableOptionMenu.__init__,2259,2,1,1,1,0,0
nltk.draw.util.MutableOptionMenu.add,2282,2,1,1,1,0,0
nltk.draw.util.MutableOptionMenu.remove,2293,1,1,0,1,0,0
nltk.draw.util.MutableOptionMenu.set,2288,3,1,2,1,1,1
nltk.draw.util.OvalWidget.__getitem__,1031,2,2,0,2,0,0
nltk.draw.util.OvalWidget.__init__,984,3,1,2,1,0,0
nltk.draw.util.OvalWidget.__setitem__,1007,3,3,0,3,0,0
nltk.draw.util.ParenWidget.__getitem__,1114,2,2,0,2,0,0
nltk.draw.util.ParenWidget.__init__,1086,3,1,2,1,0,0
nltk.draw.util.ParenWidget.__setitem__,1104,1,1,0,1,0,0
nltk.draw.util.ScrollWatcherWidget.__init__,1559,3,2,1,2,0,0
nltk.draw.util.ScrollWatcherWidget._adjust_scrollregion,1605,3,2,1,2,0,0
nltk.draw.util.ScrollWatcherWidget._update,1602,1,1,0,1,0,0
nltk.draw.util.ScrollWatcherWidget.add_child,1575,3,2,1,2,0,0
nltk.draw.util.ScrollWatcherWidget.remove_child,1588,1,1,0,1,0,0
nltk.draw.util.SequenceWidget.__getitem__,1225,1,1,0,1,0,0
nltk.draw.util.SequenceWidget.__init__,1198,3,2,1,2,0,0
nltk.draw.util.SequenceWidget.__setitem__,1216,1,1,0,1,0,0
nltk.draw.util.SequenceWidget._manage,1263,3,3,0,3,0,0
nltk.draw.util.SequenceWidget._update,1238,3,3,0,3,0,0
nltk.draw.util.SequenceWidget._yalign,1233,2,0,2,0,0,0
nltk.draw.util.SequenceWidget.insert_child,1325,1,1,0,1,0,0
nltk.draw.util.SequenceWidget.remove_child,1311,2,2,0,2,0,0
nltk.draw.util.SequenceWidget.replace_child,1293,3,3,0,3,0,0
nltk.draw.util.ShowText.__init__,1849,15,3,12,3,0,0
nltk.draw.util.ShowText.destroy,1904,2,1,1,1,1,1
nltk.draw.util.ShowText.find_dimentions,1886,1,0,1,0,0,0
nltk.draw.util.ShowText.mainloop,1909,3,2,1,2,1,1
nltk.draw.util.SpaceWidget.__init__,1507,2,1,1,1,0,0
nltk.draw.util.SpaceWidget.set_height,1537,2,2,0,2,0,0
nltk.draw.util.SpaceWidget.set_width,1526,2,2,0,2,0,0
nltk.draw.util.StackWidget.__getitem__,1382,1,1,0,1,0,0
nltk.draw.util.StackWidget.__init__,1355,3,2,1,2,0,0
nltk.draw.util.StackWidget.__setitem__,1373,1,1,0,1,0,0
nltk.draw.util.StackWidget._manage,1420,3,3,0,3,0,0
nltk.draw.util.StackWidget._update,1395,3,3,0,3,0,0
nltk.draw.util.StackWidget._xalign,1390,2,0,2,0,0,0
nltk.draw.util.StackWidget.insert_child,1482,1,1,0,1,0,0
nltk.draw.util.StackWidget.remove_child,1468,2,2,0,2,0,0
nltk.draw.util.StackWidget.replace_child,1450,3,3,0,3,0,0
nltk.draw.util.SymbolWidget.__init__,797,3,2,1,2,0,0
nltk.draw.util.SymbolWidget.set_symbol,819,2,1,1,1,0,0
nltk.draw.util.SymbolWidget.symbolsheet,835,3,3,0,3,0,0
nltk.draw.util.TextWidget.__getitem__,736,3,3,0,3,0,0
nltk.draw.util.TextWidget.__init__,715,9,1,8,1,0,0
nltk.draw.util.TextWidget.__setitem__,729,2,2,0,2,0,0
nltk.draw.util.TextWidget.set_text,754,4,2,2,2,0,0
nltk.draw.util.TextWidget.text,747,2,2,0,2,0,0
nltk.draw.util.demo,2313,15,14,1,14,0,0
nltk.featstruct.(global),0,2,2,0,2,0,0
nltk.featstruct.FeatDict.__deepcopy__,713,1,1,0,1,0,0
nltk.featstruct.FeatDict.__init__,588,2,2,0,2,0,0
nltk.featstruct.FeatDict.__str__,731,2,2,0,2,0,0
nltk.featstruct.FeatDict._items,725,2,1,1,1,0,0
nltk.featstruct.FeatDict._keys,723,1,1,0,1,0,0
nltk.featstruct.FeatDict._repr,738,2,2,0,2,0,0
nltk.featstruct.FeatDict._str,782,4,3,1,3,0,0
nltk.featstruct.FeatDict._values,724,1,1,0,1,0,0
nltk.featstruct.FeatDict.update,689,2,1,1,1,0,0
nltk.featstruct.FeatList.__init__,894,1,1,0,1,0,0
nltk.featstruct.FeatList._repr,998,1,1,0,1,0,0
nltk.featstruct.FeatStruct.__eq__,236,1,1,0,1,0,0
nltk.featstruct.FeatStruct.__hash__,259,2,1,1,1,0,0
nltk.featstruct.FeatStruct.__new__,150,6,3,3,3,1,1
nltk.featstruct.FeatStruct.__repr__,529,2,2,0,2,0,0
nltk.featstruct.FeatStruct._calculate_hashvalue,333,4,2,2,2,1,1
nltk.featstruct.FeatStruct._equal,272,6,3,3,3,1,1
nltk.featstruct.FeatStruct._find_reentrances,460,6,2,4,2,1,1
nltk.featstruct.FeatStruct._freeze,384,2,1,1,1,0,0
nltk.featstruct.FeatStruct._items,210,3,0,3,0,0,0
nltk.featstruct.FeatStruct._keys,200,1,0,1,0,0,0
nltk.featstruct.FeatStruct._repr,536,1,0,1,0,0,0
nltk.featstruct.FeatStruct._values,205,2,0,2,0,0,0
nltk.featstruct.FeatStruct._walk,438,1,0,1,0,0,0
nltk.featstruct.FeatStruct._walk,448,1,1,0,1,0,0
nltk.featstruct.FeatStruct.cyclic,424,1,1,0,1,0,0
nltk.featstruct.FeatStruct.equal_values,220,1,1,0,1,0,0
nltk.featstruct.FeatStruct.freeze,365,1,1,0,1,0,0
nltk.featstruct.FeatStruct.remove_variables,500,1,1,0,1,0,0
nltk.featstruct.FeatStruct.rename_variables,496,1,1,0,1,0,0
nltk.featstruct.FeatStruct.retract_bindings,488,1,1,0,1,0,0
nltk.featstruct.FeatStruct.substitute_bindings,484,1,1,0,1,0,0
nltk.featstruct.FeatStruct.subsumes,517,1,1,0,1,0,0
nltk.featstruct.FeatStruct.unify,513,1,1,0,1,0,0
nltk.featstruct.FeatStruct.variables,492,1,1,0,1,0,0
nltk.featstruct.FeatStruct.walk,430,1,1,0,1,0,0
nltk.featstruct.FeatStructReader.__init__,1942,4,1,3,1,0,0
nltk.featstruct.FeatStructReader._error,2220,2,0,2,0,0,0
nltk.featstruct.FeatStructReader._finalize,2189,2,1,1,1,0,0
nltk.featstruct.FeatStructReader._read_partial,2022,3,2,1,2,0,0
nltk.featstruct.FeatStructReader._read_partial_featdict,2098,4,3,1,3,0,0
nltk.featstruct.FeatStructReader._read_partial_featlist,2054,2,1,1,1,0,0
nltk.featstruct.FeatStructReader._read_seq_value,2298,3,1,2,1,0,0
nltk.featstruct.FeatStructReader._read_value,2206,4,1,3,1,0,0
nltk.featstruct.FeatStructReader.fromstring,1964,2,2,0,2,0,0
nltk.featstruct.FeatStructReader.read_fstruct_value,2258,1,1,0,1,0,0
nltk.featstruct.FeatStructReader.read_partial,2003,5,2,3,2,0,0
nltk.featstruct.FeatStructReader.read_set_value,2294,1,1,0,1,0,0
nltk.featstruct.FeatStructReader.read_str_value,2261,1,1,0,1,0,0
nltk.featstruct.FeatStructReader.read_tuple_value,2290,1,1,0,1,0,0
nltk.featstruct.FeatStructReader.read_value,2212,2,0,2,0,0,0
nltk.featstruct.FeatStructReader.read_var_value,2268,1,1,0,1,0,0
nltk.featstruct.Feature.__init__,1810,1,0,1,0,0,0
nltk.featstruct.Feature.__lt__,1842,1,1,0,1,0,0
nltk.featstruct.FeatureValueConcat.__new__,1766,1,1,0,1,0,0
nltk.featstruct.FeatureValueUnion.__new__,1737,1,1,0,1,0,0
nltk.featstruct.SlashFeature.read_value,1875,1,1,0,1,0,0
nltk.featstruct.SubstituteBindingsSequence.subst,1697,1,0,1,0,0,0
nltk.featstruct.SubstituteBindingsSequence.substitute_bindings,1694,1,1,0,1,0,0
nltk.featstruct._apply_forwards,1567,7,4,3,4,1,1
nltk.featstruct._apply_forwards_to_bindings,1557,2,1,1,1,0,0
nltk.featstruct._default_fs_class,1674,6,0,6,0,0,0
nltk.featstruct._destructively_unify,1362,8,6,2,6,0,2
nltk.featstruct._flatten,1788,2,0,2,0,0,0
nltk.featstruct._is_mapping,1667,8,0,8,0,0,0
nltk.featstruct._is_sequence,1670,8,0,8,0,0,0
nltk.featstruct._remove_variables,1218,6,4,2,4,1,1
nltk.featstruct._rename_variable,1203,2,1,1,1,0,0
nltk.featstruct._rename_variables,1174,8,5,3,5,1,1
nltk.featstruct._resolve_aliases,1593,2,1,1,1,0,0
nltk.featstruct._retract_bindings,1078,6,4,2,4,1,1
nltk.featstruct._substitute_bindings,1043,7,4,3,4,1,1
nltk.featstruct._trace_bindings,1625,4,2,2,2,0,0
nltk.featstruct._trace_unify_fail,1616,1,0,1,0,0,0
nltk.featstruct._trace_unify_identity,1611,2,1,1,1,0,0
nltk.featstruct._trace_unify_start,1602,3,1,2,1,0,0
nltk.featstruct._trace_unify_succeed,1621,3,1,2,1,0,0
nltk.featstruct._trace_valrepr,1633,3,1,2,1,0,0
nltk.featstruct._unify_feature_values,1445,7,6,1,6,0,2
nltk.featstruct._variables,1101,6,4,2,4,1,1
nltk.featstruct.conflicts,1649,1,1,0,1,0,0
nltk.featstruct.demo,2463,3,2,1,2,0,0
nltk.featstruct.display_unification,2332,1,0,1,0,0,0
nltk.featstruct.find_variables,1093,7,2,5,2,0,0
nltk.featstruct.interactive_demo,2364,2,2,0,2,0,0
nltk.featstruct.remove_variables,1209,3,2,1,2,0,0
nltk.featstruct.rename_variables,1117,4,3,1,3,0,0
nltk.featstruct.retract_bindings,1059,4,3,1,3,0,0
nltk.featstruct.substitute_bindings,1027,3,2,1,2,0,0
nltk.featstruct.subsumes,1639,2,1,1,1,0,0
nltk.featstruct.unify,1257,19,11,8,11,0,0
nltk.grammar.(global),0,2,2,0,2,0,0
nltk.grammar.CFG.__init__,430,11,4,7,4,0,0
nltk.grammar.CFG._calculate_grammar_forms,633,1,0,1,0,0,0
nltk.grammar.CFG._calculate_indexes,455,3,2,1,2,0,0
nltk.grammar.CFG._calculate_leftcorners,480,6,5,1,5,0,0
nltk.grammar.CFG.check_coverage,619,7,0,7,0,0,0
nltk.grammar.CFG.fromstring,512,7,2,5,2,0,0
nltk.grammar.CFG.is_binarised,683,1,0,1,0,0,0
nltk.grammar.CFG.is_chomsky_normal_form,697,1,1,0,1,0,0
nltk.grammar.CFG.is_flexible_chomsky_normal_form,690,4,3,1,3,0,0
nltk.grammar.CFG.is_leftcorner,588,3,2,1,2,0,0
nltk.grammar.CFG.is_nonempty,677,3,0,3,0,0,0
nltk.grammar.CFG.is_nonlexical,652,1,0,1,0,0,0
nltk.grammar.CFG.leftcorners,573,1,0,1,0,0,0
nltk.grammar.CFG.productions,532,2,1,1,1,0,0
nltk.grammar.DependencyGrammar.__init__,899,1,0,1,0,0,0
nltk.grammar.DependencyGrammar.fromstring,909,6,2,4,2,0,0
nltk.grammar.FeatStructNonterminal.__hash__,202,1,1,0,1,0,0
nltk.grammar.FeatureGrammar.__init__,726,2,1,1,1,0,0
nltk.grammar.FeatureGrammar._calculate_indexes,742,3,3,0,3,0,0
nltk.grammar.FeatureGrammar._get_type_if_possible,852,3,1,2,1,0,0
nltk.grammar.FeatureGrammar.fromstring,772,5,3,2,3,0,0
nltk.grammar.FeatureGrammar.productions,800,1,1,0,1,0,0
nltk.grammar.FeatureValueType.__init__,870,1,0,1,0,0,0
nltk.grammar.FeatureValueType.__lt__,883,1,1,0,1,0,0
nltk.grammar.Nonterminal.__div__,170,1,1,0,1,0,0
nltk.grammar.Nonterminal.__init__,107,14,0,14,0,0,0
nltk.grammar.Nonterminal.__lt__,140,1,1,0,1,0,0
nltk.grammar.Nonterminal.__repr__,148,1,1,0,1,0,0
nltk.grammar.Nonterminal.__str__,159,1,1,0,1,0,0
nltk.grammar.PCFG.__init__,1058,4,2,2,2,0,0
nltk.grammar.PCFG.fromstring,1088,4,2,2,2,0,0
nltk.grammar.ProbabilisticDependencyGrammar.__init__,991,1,0,1,0,0,0
nltk.grammar.ProbabilisticProduction.__init__,387,4,2,2,2,0,0
nltk.grammar.Production.__init__,256,7,0,7,0,0,0
nltk.grammar.Production.__lt__,343,1,1,0,1,0,0
nltk.grammar.Production.__str__,312,1,1,0,1,0,0
nltk.grammar.Production.is_lexical,304,1,1,0,1,0,0
nltk.grammar.Production.is_nonlexical,296,2,1,1,1,0,0
nltk.grammar._read_cfg_production,1142,2,1,1,1,0,0
nltk.grammar._read_dependency_production,1307,1,0,1,0,0,0
nltk.grammar._read_fcfg_production,1154,1,1,0,1,0,0
nltk.grammar._read_pcfg_production,1148,1,1,0,1,0,0
nltk.grammar._read_production,1168,6,2,4,2,0,0
nltk.grammar.cfg_demo,1326,3,2,1,2,0,0
nltk.grammar.demo,1500,6,5,1,5,0,0
nltk.grammar.dg_demo,1463,2,1,1,1,0,0
nltk.grammar.fcfg_demo,1457,1,0,1,0,0,0
nltk.grammar.induce_pcfg,1107,3,2,1,2,0,0
nltk.grammar.is_nonterminal,208,9,0,9,0,0,0
nltk.grammar.is_terminal,220,5,0,5,0,0,0
nltk.grammar.nonterminals,182,3,1,2,1,0,0
nltk.grammar.pcfg_demo,1400,3,2,1,2,0,0
nltk.grammar.read_grammar,1227,4,1,3,1,0,0
nltk.grammar.sdg_demo,1475,3,2,1,2,0,0
nltk.grammar.standard_nonterm_parser,1283,1,1,0,1,0,0
nltk.help.(global),0,3,3,0,3,0,0
nltk.help._format_tagset,38,5,2,3,2,0,0
nltk.help._print_entries,31,1,0,1,0,0,0
nltk.help.brown_tagset,18,2,1,1,1,0,0
nltk.help.claws5_tagset,21,2,1,1,1,0,0
nltk.help.upenn_tagset,24,2,1,1,1,0,0
nltk.inference.api.BaseModelBuilderCommand.__init__,311,3,1,2,1,0,0
nltk.inference.api.BaseModelBuilderCommand._decorate_model,349,1,0,1,0,0,0
nltk.inference.api.BaseModelBuilderCommand.build_model,324,7,2,5,2,0,0
nltk.inference.api.BaseModelBuilderCommand.model,336,3,1,2,1,0,0
nltk.inference.api.BaseProverCommand.__init__,257,5,1,4,1,0,0
nltk.inference.api.BaseProverCommand.decorate_proof,292,1,0,1,0,0,0
nltk.inference.api.BaseProverCommand.proof,281,2,1,1,1,0,0
nltk.inference.api.BaseProverCommand.prove,270,10,2,8,2,0,0
nltk.inference.api.BaseTheoremToolCommand.__init__,180,2,0,2,0,0,0
nltk.inference.api.BaseTheoremToolCommand.assumptions,228,3,0,3,0,0,0
nltk.inference.api.BaseTheoremToolCommand.goal,236,2,0,2,0,0,0
nltk.inference.api.BaseTheoremToolCommand.print_assumptions,244,2,1,1,1,0,0
nltk.inference.api.BaseTheoremToolCommand.retract_assumptions,208,1,1,0,1,0,0
nltk.inference.api.ModelBuilder._build_model,59,1,0,1,0,0,0
nltk.inference.api.ModelBuilder.build_model,51,2,1,1,1,0,0
nltk.inference.api.ModelBuilderCommandDecorator.__init__,446,1,1,0,1,0,0
nltk.inference.api.ModelBuilderCommandDecorator._decorate_model,482,3,1,2,1,1,1
nltk.inference.api.ModelBuilderCommandDecorator.build_model,456,3,3,0,3,0,0
nltk.inference.api.ModelBuilderCommandDecorator.get_model_builder,491,1,0,1,0,0,0
nltk.inference.api.ModelBuilderCommandDecorator.model,469,1,1,0,1,0,0
nltk.inference.api.ParallelProverBuilder._build_model,509,1,1,0,1,0,0
nltk.inference.api.ParallelProverBuilder._prove,506,1,1,0,1,0,0
nltk.inference.api.ParallelProverBuilder._run,512,5,3,2,3,0,0
nltk.inference.api.ParallelProverBuilderCommand.__init__,541,2,2,0,2,0,0
nltk.inference.api.ParallelProverBuilderCommand._run,551,5,3,2,3,0,0
nltk.inference.api.ParallelProverBuilderCommand.build_model,548,1,1,0,1,0,0
nltk.inference.api.ParallelProverBuilderCommand.prove,545,1,1,0,1,0,0
nltk.inference.api.Prover._prove,37,1,0,1,0,0,0
nltk.inference.api.Prover.prove,30,3,1,2,1,0,0
nltk.inference.api.ProverCommandDecorator.__init__,399,1,1,0,1,0,0
nltk.inference.api.ProverCommandDecorator.decorate_proof,428,3,1,2,1,1,1
nltk.inference.api.ProverCommandDecorator.get_prover,437,3,1,2,1,1,1
nltk.inference.api.ProverCommandDecorator.proof,417,1,1,0,1,0,0
nltk.inference.api.ProverCommandDecorator.prove,409,8,3,5,3,0,0
nltk.inference.api.TheoremToolCommandDecorator.__init__,366,2,0,2,0,0,0
nltk.inference.api.TheoremToolCommandDecorator.add_assumptions,382,2,1,1,1,1,1
nltk.inference.api.TheoremToolCommandDecorator.assumptions,376,4,1,3,1,1,1
nltk.inference.api.TheoremToolCommandDecorator.goal,379,4,1,3,1,1,1
nltk.inference.api.TheoremToolCommandDecorator.print_assumptions,390,2,1,1,1,1,1
nltk.inference.api.TheoremToolCommandDecorator.retract_assumptions,386,2,1,1,1,1,1
nltk.inference.api.TheoremToolThread.__init__,571,2,0,2,0,0,0
nltk.inference.discourse.(global),0,1,1,0,1,0,0
nltk.inference.discourse.CfgReadingCommand.__init__,105,2,1,1,1,0,0
nltk.inference.discourse.CfgReadingCommand.parse_to_readings,113,1,1,0,1,0,0
nltk.inference.discourse.DiscourseTester.__init__,168,3,1,2,1,0,0
nltk.inference.discourse.DiscourseTester._check_consistency,384,7,5,2,5,0,0
nltk.inference.discourse.DiscourseTester._construct_readings,273,4,1,3,1,0,0
nltk.inference.discourse.DiscourseTester._construct_threads,285,6,3,3,3,0,0
nltk.inference.discourse.DiscourseTester._get_readings,265,3,0,3,0,0,0
nltk.inference.discourse.DiscourseTester._show_readings,303,3,2,1,2,0,0
nltk.inference.discourse.DiscourseTester._show_threads,320,2,1,1,1,0,0
nltk.inference.discourse.DiscourseTester.add_background,437,3,2,1,2,0,0
nltk.inference.discourse.DiscourseTester.add_sentence,203,7,6,1,6,0,0
nltk.inference.discourse.DiscourseTester.background,456,1,0,1,0,0,0
nltk.inference.discourse.DiscourseTester.expand_threads,364,3,0,3,0,0,0
nltk.inference.discourse.DiscourseTester.grammar,255,1,1,0,1,0,0
nltk.inference.discourse.DiscourseTester.models,411,8,5,3,5,0,0
nltk.inference.discourse.DiscourseTester.multiply,468,1,0,1,0,0,0
nltk.inference.discourse.DiscourseTester.readings,340,8,4,4,4,0,0
nltk.inference.discourse.DiscourseTester.retract_sentence,234,3,2,1,2,0,0
nltk.inference.discourse.DiscourseTester.sentences,196,3,0,3,0,0,0
nltk.inference.discourse.DrtGlueReadingCommand.__init__,130,2,1,1,1,0,0
nltk.inference.discourse.DrtGlueReadingCommand.combine_readings,154,2,1,1,1,0,0
nltk.inference.discourse.DrtGlueReadingCommand.parse_to_readings,143,1,1,0,1,0,0
nltk.inference.discourse.DrtGlueReadingCommand.process_thread,147,1,1,0,1,0,0
nltk.inference.discourse.demo,593,6,5,1,5,0,0
nltk.inference.discourse.discourse_demo,519,9,8,1,8,0,0
nltk.inference.discourse.drt_discourse_demo,573,5,4,1,4,0,0
nltk.inference.discourse.load_fol,495,1,1,0,1,0,0
nltk.inference.discourse.spacer,590,1,0,1,0,0,0
nltk.inference.mace.(global),0,1,1,0,1,0,0
nltk.inference.mace.Mace.__init__,186,4,0,4,0,0,0
nltk.inference.mace.Mace._build_model,191,2,2,0,2,0,0
nltk.inference.mace.Mace._call_mace4,205,3,2,1,2,0,0
nltk.inference.mace.MaceCommand.__init__,32,6,2,4,2,0,0
nltk.inference.mace.MaceCommand._call_interpformat,166,1,0,1,0,0,0
nltk.inference.mace.MaceCommand._convert2val,53,6,5,1,5,0,0
nltk.inference.mace.MaceCommand._decorate_model,136,2,2,0,2,0,0
nltk.inference.mace.MaceCommand._make_model_var,124,2,0,2,0,0,0
nltk.inference.mace.MaceCommand._make_relation_set,94,3,1,2,1,0,0
nltk.inference.mace.MaceCommand._make_relation_tuple,109,4,2,2,2,1,1
nltk.inference.mace.MaceCommand._transform_output,153,3,1,2,1,0,0
nltk.inference.mace.decode_result,228,2,0,2,0,0,0
nltk.inference.mace.demo,305,4,3,1,3,0,0
nltk.inference.mace.spacer,225,2,0,2,0,0,0
nltk.inference.mace.test_build_model,251,5,4,1,4,0,0
nltk.inference.mace.test_make_relation_set,295,1,1,0,1,0,0
nltk.inference.mace.test_model_found,237,4,3,1,3,0,0
nltk.inference.mace.test_transform_output,278,5,4,1,4,0,0
nltk.inference.nonmonotonic.(global),0,1,1,0,1,0,0
nltk.inference.nonmonotonic.ClosedDomainProver.assumptions,44,8,4,4,4,1,2
nltk.inference.nonmonotonic.ClosedDomainProver.goal,50,7,4,3,4,1,2
nltk.inference.nonmonotonic.ClosedDomainProver.replace_quants,55,5,2,3,2,1,1
nltk.inference.nonmonotonic.ClosedWorldProver._make_antecedent,225,2,1,1,1,0,0
nltk.inference.nonmonotonic.ClosedWorldProver._make_predicate_dict,235,2,1,1,1,0,0
nltk.inference.nonmonotonic.ClosedWorldProver._make_unique_signature,218,2,1,1,1,0,0
nltk.inference.nonmonotonic.ClosedWorldProver._map_predicates,247,7,5,2,5,1,1
nltk.inference.nonmonotonic.ClosedWorldProver.assumptions,173,9,7,2,7,1,1
nltk.inference.nonmonotonic.PredHolder.append_prop,299,2,1,1,1,0,0
nltk.inference.nonmonotonic.PredHolder.append_sig,295,2,1,1,1,0,0
nltk.inference.nonmonotonic.PredHolder.validate_sig_len,303,3,0,3,0,0,0
nltk.inference.nonmonotonic.UniqueNamesProver.assumptions,89,7,4,3,4,1,1
nltk.inference.nonmonotonic.closed_domain_demo,316,6,5,1,5,0,0
nltk.inference.nonmonotonic.closed_world_demo,405,5,4,1,4,0,0
nltk.inference.nonmonotonic.combination_prover_demo,445,5,4,1,4,0,0
nltk.inference.nonmonotonic.default_reasoning_demo,459,4,3,1,3,0,0
nltk.inference.nonmonotonic.demo,501,6,5,1,5,0,0
nltk.inference.nonmonotonic.get_domain,32,3,0,3,0,0,0
nltk.inference.nonmonotonic.print_proof,495,4,3,1,3,0,0
nltk.inference.nonmonotonic.unique_names_demo,379,5,4,1,4,0,0
nltk.inference.prover9.(global),0,1,1,0,1,0,0
nltk.inference.prover9.Prover9.__init__,255,4,0,4,0,0,0
nltk.inference.prover9.Prover9._call_prooftrans,315,3,2,1,2,0,0
nltk.inference.prover9.Prover9._call_prover9,282,3,2,1,2,0,0
nltk.inference.prover9.Prover9._prove,261,2,2,0,2,0,0
nltk.inference.prover9.Prover9.prover9_input,275,2,1,1,1,0,0
nltk.inference.prover9.Prover9Command.__init__,66,11,2,9,2,0,0
nltk.inference.prover9.Prover9Command.decorate_proof,89,1,1,0,1,0,0
nltk.inference.prover9.Prover9CommandParent.print_assumptions,46,1,1,0,1,0,0
nltk.inference.prover9.Prover9Parent._call,168,3,0,3,0,0,0
nltk.inference.prover9.Prover9Parent._find_binary,157,7,1,6,1,0,0
nltk.inference.prover9.Prover9Parent.binary_locations,144,1,0,1,0,0,0
nltk.inference.prover9.Prover9Parent.prover9_input,123,3,1,2,1,0,0
nltk.inference.prover9._convert_to_prover9,222,3,1,2,1,1,1
nltk.inference.prover9.convert_to_prover9,202,4,1,3,1,0,0
nltk.inference.prover9.demo,417,5,4,1,4,0,0
nltk.inference.prover9.spacer,414,1,0,1,0,0,0
nltk.inference.prover9.test_config,349,5,4,1,4,0,0
nltk.inference.prover9.test_convert_to_prover9,361,3,2,1,2,0,0
nltk.inference.prover9.test_prove,369,3,2,1,2,0,0
nltk.inference.resolution.(global),0,1,1,0,1,0,0
nltk.inference.resolution.BindingDict.__add__,529,2,2,0,2,0,0
nltk.inference.resolution.BindingDict.__init__,466,6,0,6,0,0,0
nltk.inference.resolution.BindingDict.__setitem__,476,2,2,0,2,0,0
nltk.inference.resolution.BindingDict.__str__,550,1,1,0,1,0,0
nltk.inference.resolution.BindingException.__init__,592,5,0,5,0,0,0
nltk.inference.resolution.Clause.__add__,253,1,1,0,1,0,0
nltk.inference.resolution.Clause.__getslice__,247,1,1,0,1,0,0
nltk.inference.resolution.Clause.__init__,162,8,0,8,0,0,0
nltk.inference.resolution.Clause.__sub__,250,1,1,0,1,0,0
nltk.inference.resolution.Clause.is_tautology,256,2,0,2,0,0,0
nltk.inference.resolution.Clause.replace,283,1,1,0,1,0,0
nltk.inference.resolution.Clause.substitute_bindings,293,2,1,1,1,0,0
nltk.inference.resolution.Clause.subsumes,220,4,4,0,4,0,0
nltk.inference.resolution.Clause.unify,167,3,3,0,3,0,0
nltk.inference.resolution.DebugObject.__add__,608,1,1,0,1,0,0
nltk.inference.resolution.DebugObject.__init__,604,3,0,3,0,0,0
nltk.inference.resolution.ResolutionProver._attempt_proof,65,2,1,1,1,0,0
nltk.inference.resolution.ResolutionProver._prove,34,3,3,0,3,0,0
nltk.inference.resolution.ResolutionProverCommand.__init__,98,2,1,1,1,0,0
nltk.inference.resolution.ResolutionProverCommand._decorate_clauses,141,3,1,2,1,0,0
nltk.inference.resolution.ResolutionProverCommand.find_answers,127,3,3,0,3,0,0
nltk.inference.resolution.ResolutionProverCommand.prove,114,2,1,1,1,0,0
nltk.inference.resolution._clausify,440,4,2,2,2,1,1
nltk.inference.resolution._complete_unify_path,407,2,2,0,2,0,0
nltk.inference.resolution._iterate_first,309,6,3,3,3,1,1
nltk.inference.resolution._iterate_second,338,4,2,2,2,1,1
nltk.inference.resolution._mgu_var,584,3,2,1,2,0,0
nltk.inference.resolution._unify_terms,364,5,3,2,3,0,0
nltk.inference.resolution.clausify,427,7,5,2,5,0,0
nltk.inference.resolution.demo,677,5,4,1,4,0,0
nltk.inference.resolution.most_general_unification,558,6,4,2,4,1,1
nltk.inference.resolution.resolution_test,646,2,1,1,1,0,0
nltk.inference.resolution.testResolutionProver,616,3,2,1,2,0,0
nltk.inference.resolution.test_clausify,651,2,1,1,1,0,0
nltk.inference.tableau.(global),0,2,2,0,2,0,0
nltk.inference.tableau.Agenda.__init__,338,2,0,2,0,0,0
nltk.inference.tableau.Agenda._categorize_NegatedExpression,445,2,1,1,1,0,0
nltk.inference.tableau.Agenda._categorize_expression,418,3,2,1,2,0,0
nltk.inference.tableau.Agenda.clone,341,7,2,5,2,0,0
nltk.inference.tableau.Agenda.mark_alls_fresh,410,6,0,6,0,0,0
nltk.inference.tableau.Agenda.mark_neqs_fresh,414,1,0,1,0,0,0
nltk.inference.tableau.Agenda.pop_first,386,1,0,1,0,0,0
nltk.inference.tableau.Agenda.put,364,20,1,19,1,0,0
nltk.inference.tableau.Agenda.put_all,375,2,1,1,1,0,0
nltk.inference.tableau.Agenda.put_atoms,379,1,0,1,0,0,0
nltk.inference.tableau.Agenda.replace_all,403,1,0,1,0,0,0
nltk.inference.tableau.Debug.__add__,483,1,1,0,1,0,0
nltk.inference.tableau.Debug.__init__,476,2,0,2,0,0,0
nltk.inference.tableau.TableauProver._attempt_proof,56,23,1,22,1,0,0
nltk.inference.tableau.TableauProver._attempt_proof_all,268,5,5,0,5,0,0
nltk.inference.tableau.TableauProver._attempt_proof_and,197,2,2,0,2,0,0
nltk.inference.tableau.TableauProver._attempt_proof_app,142,7,7,0,7,0,0
nltk.inference.tableau.TableauProver._attempt_proof_atom,90,3,3,0,3,0,0
nltk.inference.tableau.TableauProver._attempt_proof_d_neg,185,2,2,0,2,0,0
nltk.inference.tableau.TableauProver._attempt_proof_eq,251,4,4,0,4,0,0
nltk.inference.tableau.TableauProver._attempt_proof_iff,233,3,3,0,3,0,0
nltk.inference.tableau.TableauProver._attempt_proof_imp,219,3,3,0,3,0,0
nltk.inference.tableau.TableauProver._attempt_proof_n_all,189,1,1,0,1,0,0
nltk.inference.tableau.TableauProver._attempt_proof_n_and,226,3,3,0,3,0,0
nltk.inference.tableau.TableauProver._attempt_proof_n_app,157,7,7,0,7,0,0
nltk.inference.tableau.TableauProver._attempt_proof_n_atom,106,3,3,0,3,0,0
nltk.inference.tableau.TableauProver._attempt_proof_n_eq,173,1,1,0,1,0,0
nltk.inference.tableau.TableauProver._attempt_proof_n_iff,242,3,3,0,3,0,0
nltk.inference.tableau.TableauProver._attempt_proof_n_imp,207,2,2,0,2,0,0
nltk.inference.tableau.TableauProver._attempt_proof_n_or,202,2,2,0,2,0,0
nltk.inference.tableau.TableauProver._attempt_proof_n_prop,132,2,2,0,2,0,0
nltk.inference.tableau.TableauProver._attempt_proof_n_some,193,1,1,0,1,0,0
nltk.inference.tableau.TableauProver._attempt_proof_or,212,3,3,0,3,0,0
nltk.inference.tableau.TableauProver._attempt_proof_prop,122,2,2,0,2,0,0
nltk.inference.tableau.TableauProver._attempt_proof_some,262,5,5,0,5,0,0
nltk.inference.tableau.TableauProver._prove,34,5,5,0,5,0,0
nltk.inference.tableau.TableauProver.is_atom,304,6,1,5,1,1,1
nltk.inference.tableau.TableauProverCommand.__init__,321,1,1,0,1,0,0
nltk.inference.tableau.demo,601,3,2,1,2,0,0
nltk.inference.tableau.tableau_test,594,3,1,2,1,0,0
nltk.inference.tableau.testHigherOrderTableauProver,583,2,1,1,1,0,0
nltk.inference.tableau.testTableauProver,532,2,1,1,1,0,0
nltk.internals.(global),0,1,1,0,1,0,0
nltk.internals.Counter.__init__,403,11,0,11,0,0,0
nltk.internals.Counter.get,405,6,0,6,0,0,0
nltk.internals.Deprecated.__new__,368,1,1,0,1,0,0
nltk.internals.ElementWrapper.__getitem__,780,1,1,0,1,0,0
nltk.internals.ElementWrapper.__getslice__,783,1,1,0,1,0,0
nltk.internals.ElementWrapper.__new__,697,9,0,9,0,0,0
nltk.internals.ElementWrapper.find,796,3,2,1,2,1,1
nltk.internals.ElementWrapper.findall,801,3,2,1,2,1,1
nltk.internals.ElementWrapper.getchildren,786,1,1,0,1,0,0
nltk.internals.ElementWrapper.getiterator,789,6,2,4,2,1,1
nltk.internals.ElementWrapper.makeelement,793,3,2,1,2,1,1
nltk.internals.ReadError.__init__,188,3,0,3,0,0,0
nltk.internals._add_epytext_field,305,1,0,1,0,0,0
nltk.internals._decode_stdoutdata,648,2,0,2,0,0,0
nltk.internals._mro,285,4,1,3,1,1,1
nltk.internals.compile_regexp_to_noncapturing,33,1,0,1,0,0,0
nltk.internals.config_java,65,6,1,5,1,0,0
nltk.internals.deprecated,322,1,1,0,1,0,0
nltk.internals.find_binary,543,8,1,7,1,0,0
nltk.internals.find_binary_iter,526,2,1,1,1,0,0
nltk.internals.find_file,521,3,1,2,1,0,0
nltk.internals.find_file_iter,413,3,1,2,1,0,0
nltk.internals.find_jar,643,4,1,3,1,0,0
nltk.internals.find_jar_iter,548,2,0,2,0,0,0
nltk.internals.import_from_stdlib,662,1,0,1,0,0,0
nltk.internals.java,90,8,2,6,2,0,0
nltk.internals.overridden,256,8,1,7,1,0,0
nltk.internals.raise_unorderable_types,900,15,0,15,0,0,0
nltk.internals.read_int,225,1,1,0,1,0,0
nltk.internals.read_number,237,1,1,0,1,0,0
nltk.internals.read_str,196,2,1,1,1,0,0
nltk.internals.slice_bounds,808,7,1,6,1,1,1
nltk.jsontags.JSONTaggedDecoder.decode,41,1,1,0,1,0,0
nltk.jsontags.JSONTaggedDecoder.decode_obj,45,5,3,2,3,1,1
nltk.lazyimport.LazyModule.__getattr__,112,1,1,0,1,0,0
nltk.lazyimport.LazyModule.__lazymodule_import,84,2,0,2,0,0,0
nltk.lazyimport.LazyModule.__setattr__,124,1,1,0,1,0,0
nltk.metrics.agreement.(global),0,1,1,0,1,0,0
nltk.metrics.agreement.AnnotationTask.Ae_kappa,271,3,2,1,2,0,0
nltk.metrics.agreement.AnnotationTask.Ao,178,3,2,1,2,0,0
nltk.metrics.agreement.AnnotationTask.Do_Kw,242,2,2,0,2,0,0
nltk.metrics.agreement.AnnotationTask.Do_Kw_pairwise,227,3,1,2,1,0,0
nltk.metrics.agreement.AnnotationTask.Do_alpha,210,4,3,1,3,0,0
nltk.metrics.agreement.AnnotationTask.N,159,3,3,0,3,0,0
nltk.metrics.agreement.AnnotationTask.Nck,155,1,0,1,0,0,0
nltk.metrics.agreement.AnnotationTask.Nik,152,1,0,1,0,0,0
nltk.metrics.agreement.AnnotationTask.Nk,149,1,0,1,0,0,0
nltk.metrics.agreement.AnnotationTask.S,251,1,1,0,1,0,0
nltk.metrics.agreement.AnnotationTask.__init__,99,2,1,1,1,0,0
nltk.metrics.agreement.AnnotationTask._grouped_data,174,3,0,3,0,0,0
nltk.metrics.agreement.AnnotationTask._pairwise_average,187,5,0,5,0,0,0
nltk.metrics.agreement.AnnotationTask.agr,128,1,0,1,0,0,0
nltk.metrics.agreement.AnnotationTask.alpha,303,2,2,0,2,0,0
nltk.metrics.agreement.AnnotationTask.avg_Ao,202,4,1,3,1,0,0
nltk.metrics.agreement.AnnotationTask.kappa,288,1,1,0,1,0,0
nltk.metrics.agreement.AnnotationTask.kappa_pairwise,279,2,2,0,2,0,0
nltk.metrics.agreement.AnnotationTask.load_array,116,1,0,1,0,0,0
nltk.metrics.agreement.AnnotationTask.multi_kappa,295,2,2,0,2,0,0
nltk.metrics.agreement.AnnotationTask.pi,259,3,3,0,3,0,0
nltk.metrics.agreement.AnnotationTask.weighted_kappa,336,2,2,0,2,0,0
nltk.metrics.agreement.AnnotationTask.weighted_kappa_pairwise,319,3,2,1,2,0,0
nltk.metrics.association.BigramAssocMeasures.chi_sq,215,1,1,0,1,0,0
nltk.metrics.association.BigramAssocMeasures.phi_sq,205,1,0,1,0,0,0
nltk.metrics.association.ContingencyMeasures.__init__,388,1,1,0,1,0,0
nltk.metrics.association.ContingencyMeasures._make_contingency_fn,400,1,0,1,0,0,0
nltk.metrics.confusionmatrix.(global),0,1,1,0,1,0,0
nltk.metrics.confusionmatrix.ConfusionMatrix.__init__,32,2,1,1,1,0,0
nltk.metrics.confusionmatrix.ConfusionMatrix.__str__,95,1,1,0,1,0,0
nltk.metrics.confusionmatrix.ConfusionMatrix.pretty_format,98,1,0,1,0,0,0
nltk.metrics.confusionmatrix.demo,196,2,1,1,1,0,0
nltk.metrics.distance.(global),0,1,1,0,1,0,0
nltk.metrics.distance._edit_dist_init,25,1,0,1,0,0,0
nltk.metrics.distance._edit_dist_step,36,1,0,1,0,0,0
nltk.metrics.distance.binary_distance,89,1,0,1,0,0,0
nltk.metrics.distance.demo,183,5,4,1,4,0,0
nltk.metrics.distance.edit_distance,57,3,2,1,2,0,0
nltk.metrics.distance.jaccard_distance,105,1,0,1,0,0,0
nltk.metrics.distance.masi_distance,112,1,0,1,0,0,0
nltk.metrics.paice.(global),0,1,1,0,1,0,0
nltk.metrics.paice.Paice.__init__,214,2,1,1,1,0,0
nltk.metrics.paice.Paice._errt,299,3,2,1,2,0,0
nltk.metrics.paice.Paice._get_truncation_coordinates,260,4,3,1,3,0,0
nltk.metrics.paice.Paice._get_truncation_indexes,244,4,3,1,3,0,0
nltk.metrics.paice.Paice.update,331,5,3,2,3,0,0
nltk.metrics.paice._calculate,134,3,1,2,1,0,0
nltk.metrics.paice._calculate_cut,109,1,0,1,0,0,0
nltk.metrics.paice._count_intersection,64,1,0,1,0,0,0
nltk.metrics.paice._get_derivative,95,1,0,1,0,0,0
nltk.metrics.paice._indexes,175,2,0,2,0,0,0
nltk.metrics.paice._truncate,42,1,0,1,0,0,0
nltk.metrics.paice.demo,338,3,2,1,2,0,0
nltk.metrics.paice.get_words_from_dictionary,26,1,0,1,0,0,0
nltk.metrics.scores.(global),0,1,1,0,1,0,0
nltk.metrics.scores.accuracy,23,1,0,1,0,0,0
nltk.metrics.scores.approxrand,138,2,2,0,2,0,0
nltk.metrics.scores.demo,208,5,4,1,4,0,0
nltk.metrics.scores.f_measure,86,4,2,2,2,0,0
nltk.metrics.scores.precision,42,3,0,3,0,0,0
nltk.metrics.scores.recall,64,3,0,3,0,0,0
nltk.metrics.segmentation._ghd_aux,105,1,0,1,0,0,0
nltk.metrics.segmentation._init_mat,98,1,0,1,0,0,0
nltk.metrics.segmentation.ghd,121,2,2,0,2,0,0
nltk.metrics.spearman._rank_dists,12,1,0,1,0,0,0
nltk.metrics.spearman.ranks_from_scores,51,1,0,1,0,0,0
nltk.metrics.spearman.spearman_correlation,26,2,1,1,1,0,0
nltk.misc.chomsky.(global),0,1,1,0,1,0,0
nltk.misc.chomsky.generate_chomsky,123,1,0,1,0,0,0
nltk.misc.minimalset.MinimalSet.__init__,20,1,1,0,1,0,0
nltk.misc.minimalset.MinimalSet.add,36,3,1,2,1,1,1
nltk.misc.minimalset.MinimalSet.display,68,1,0,1,0,0,0
nltk.misc.minimalset.MinimalSet.display_all,74,1,1,0,1,0,0
nltk.misc.sort.(global),0,1,1,0,1,0,0
nltk.misc.sort._merge_lists,68,1,0,1,0,0,0
nltk.misc.sort._partition,107,1,0,1,0,0,0
nltk.misc.sort._quick,124,4,2,2,2,1,1
nltk.misc.sort.bubble,47,1,0,1,0,0,0
nltk.misc.sort.demo,139,5,4,1,4,0,0
nltk.misc.sort.merge,86,4,2,2,2,1,1
nltk.misc.sort.quick,132,2,1,1,1,0,0
nltk.misc.sort.selection,22,1,0,1,0,0,0
nltk.misc.wordfinder.(global),0,1,1,0,1,0,0
nltk.misc.wordfinder.check,31,2,1,1,1,0,0
nltk.misc.wordfinder.revword,16,1,0,1,0,0,0
nltk.misc.wordfinder.step,22,1,0,1,0,0,0
nltk.misc.wordfinder.word_finder,110,2,1,1,1,0,0
nltk.misc.wordfinder.wordfinder,49,3,2,1,2,0,0
nltk.parse.api.ParserI.parse,35,7,4,3,4,0,2
nltk.parse.api.ParserI.parse_all,60,3,1,2,1,0,2
nltk.parse.api.ParserI.parse_one,64,3,1,2,1,0,2
nltk.parse.api.ParserI.parse_sents,53,2,1,1,1,0,2
nltk.parse.bllip.BllipParser.__init__,116,1,1,0,1,0,0
nltk.parse.bllip.BllipParser.from_unified_model_dir,203,1,0,1,0,0,0
nltk.parse.bllip.BllipParser.parse,156,4,3,1,3,1,1
nltk.parse.bllip.BllipParser.tagged_parse,174,2,2,0,2,0,0
nltk.parse.bllip._ensure_ascii,98,2,0,2,0,0,0
nltk.parse.bllip._ensure_bllip_import_or_error,92,2,0,2,0,0,0
nltk.parse.bllip._scored_parse_to_nltk_tree,107,3,1,2,1,0,0
nltk.parse.bllip.demo,233,2,2,0,2,0,0
nltk.parse.bllip.setup_module,273,1,1,0,1,0,0
nltk.parse.chart.(global),0,2,2,0,2,0,0
nltk.parse.chart.AbstractChartRule.apply,904,1,0,1,0,0,0
nltk.parse.chart.AbstractChartRule.apply_everywhere,909,1,1,0,1,0,0
nltk.parse.chart.BottomUpChartParser.__init__,1366,1,1,0,1,0,0
nltk.parse.chart.BottomUpLeftCornerChartParser.__init__,1379,1,1,0,1,0,0
nltk.parse.chart.BottomUpPredictCombineRule.apply,1135,1,1,0,1,0,0
nltk.parse.chart.BottomUpPredictRule.apply,1116,1,1,0,1,0,0
nltk.parse.chart.CachedTopDownPredictRule.__init__,1073,2,0,2,0,0,0
nltk.parse.chart.CachedTopDownPredictRule.apply,1077,4,4,0,4,0,0
nltk.parse.chart.Chart.__init__,412,9,1,8,1,0,0
nltk.parse.chart.Chart._add_index,544,2,1,1,1,0,0
nltk.parse.chart.Chart._append_edge,616,1,0,1,0,0,0
nltk.parse.chart.Chart._register_with_indexes,562,3,2,1,2,0,0
nltk.parse.chart.Chart._trees,649,4,2,2,2,1,1
nltk.parse.chart.Chart.child_pointer_lists,705,5,1,4,1,0,0
nltk.parse.chart.Chart.dot_digraph,789,3,3,0,3,0,0
nltk.parse.chart.Chart.initialize,427,2,0,2,0,0,0
nltk.parse.chart.Chart.insert,583,10,4,6,4,0,0
nltk.parse.chart.Chart.insert_with_backpointer,575,9,2,7,2,0,0
nltk.parse.chart.Chart.leaf,453,2,0,2,0,0,0
nltk.parse.chart.Chart.num_edges,499,3,0,3,0,0,0
nltk.parse.chart.Chart.num_leaves,445,28,0,28,0,0,0
nltk.parse.chart.Chart.parses,623,4,2,2,2,0,0
nltk.parse.chart.Chart.pretty_format,768,3,3,0,3,0,0
nltk.parse.chart.Chart.pretty_format_edge,719,6,1,5,1,0,0
nltk.parse.chart.Chart.pretty_format_leaves,750,4,1,3,1,0,0
nltk.parse.chart.Chart.select,507,4,2,2,2,0,0
nltk.parse.chart.Chart.trees,632,4,1,3,1,0,0
nltk.parse.chart.ChartParser.__init__,1239,7,0,7,0,0,0
nltk.parse.chart.ChartParser._trace_new_edges,1287,1,1,0,1,0,0
nltk.parse.chart.ChartParser.chart_parse,1296,7,4,3,4,0,0
nltk.parse.chart.ChartParser.parse,1349,3,1,2,1,0,0
nltk.parse.chart.EdgeI.__lt__,211,1,1,0,1,0,0
nltk.parse.chart.EmptyPredictRule.apply,1148,2,2,0,2,0,0
nltk.parse.chart.FilteredBottomUpPredictCombineRule.apply,1184,3,3,0,3,0,0
nltk.parse.chart.FilteredSingleEdgeFundamentalRule._apply_complete,1161,4,3,1,3,0,0
nltk.parse.chart.FilteredSingleEdgeFundamentalRule._apply_incomplete,1172,3,3,0,3,0,0
nltk.parse.chart.FundamentalRule.apply,957,1,1,0,1,0,0
nltk.parse.chart.LeafEdge.__init__,349,1,0,1,0,0,0
nltk.parse.chart.LeafEdge.__str__,375,1,1,0,1,0,0
nltk.parse.chart.LeafInitRule.apply,1022,2,2,0,2,0,0
nltk.parse.chart.LeftCornerChartParser.__init__,1383,2,2,0,2,0,0
nltk.parse.chart.SingleEdgeFundamentalRule._apply_complete,1000,2,1,1,1,0,0
nltk.parse.chart.SingleEdgeFundamentalRule._apply_incomplete,1008,2,1,1,1,0,0
nltk.parse.chart.SingleEdgeFundamentalRule.apply,992,2,2,0,2,0,0
nltk.parse.chart.SteppingChartParser.__init__,1409,3,1,2,1,0,0
nltk.parse.chart.SteppingChartParser._parse,1458,1,0,1,0,0,0
nltk.parse.chart.SteppingChartParser.chart,1487,2,0,2,0,0,0
nltk.parse.chart.SteppingChartParser.current_chartrule,1491,1,0,1,0,0,0
nltk.parse.chart.SteppingChartParser.initialize,1419,3,1,2,1,0,0
nltk.parse.chart.SteppingChartParser.parse,1532,4,4,0,4,0,0
nltk.parse.chart.SteppingChartParser.parses,1495,4,1,3,1,1,1
nltk.parse.chart.SteppingChartParser.set_strategy,1503,2,0,2,0,0,0
nltk.parse.chart.SteppingChartParser.step,1428,5,3,2,3,0,0
nltk.parse.chart.TopDownChartParser.__init__,1358,1,1,0,1,0,0
nltk.parse.chart.TopDownInitRule.apply,1040,1,1,0,1,0,0
nltk.parse.chart.TopDownPredictRule.apply,1057,1,1,0,1,0,0
nltk.parse.chart.TreeEdge.__init__,251,6,0,6,0,0,0
nltk.parse.chart.TreeEdge.__str__,322,1,1,0,1,0,0
nltk.parse.chart.TreeEdge.from_production,281,6,1,5,1,0,0
nltk.parse.chart.TreeEdge.is_complete,315,1,0,1,0,0,0
nltk.parse.chart.TreeEdge.move_dot_forward,293,1,1,0,1,0,0
nltk.parse.chart.TreeEdge.nextsym,317,1,0,1,0,0,0
nltk.parse.chart._bottomup_filter,1196,5,2,3,2,0,0
nltk.parse.chart.demo,1573,11,10,1,10,0,0
nltk.parse.chart.demo_grammar,1550,3,1,2,1,0,0
nltk.parse.dependencygraph.(global),0,1,1,0,1,0,0
nltk.parse.dependencygraph.DependencyGraph.__init__,38,18,1,17,1,0,0
nltk.parse.dependencygraph.DependencyGraph._hd,351,1,0,1,0,0,0
nltk.parse.dependencygraph.DependencyGraph._parse,217,1,0,1,0,0,0
nltk.parse.dependencygraph.DependencyGraph._rel,357,1,0,1,0,0,0
nltk.parse.dependencygraph.DependencyGraph._tree,309,6,4,2,4,1,1
nltk.parse.dependencygraph.DependencyGraph.add_arc,97,2,1,1,1,0,0
nltk.parse.dependencygraph.DependencyGraph.add_node,213,3,1,2,1,0,0
nltk.parse.dependencygraph.DependencyGraph.connect_graph,108,3,2,1,2,0,0
nltk.parse.dependencygraph.DependencyGraph.contains_address,125,1,0,1,0,0,0
nltk.parse.dependencygraph.DependencyGraph.contains_cycle,364,5,3,2,3,0,0
nltk.parse.dependencygraph.DependencyGraph.get_by_address,121,5,0,5,0,0,0
nltk.parse.dependencygraph.DependencyGraph.get_cycle_path,414,4,2,2,2,1,1
nltk.parse.dependencygraph.DependencyGraph.left_children,195,3,1,2,1,0,0
nltk.parse.dependencygraph.DependencyGraph.load,174,2,1,1,1,0,0
nltk.parse.dependencygraph.DependencyGraph.nx_graph,448,3,2,1,2,0,0
nltk.parse.dependencygraph.DependencyGraph.redirect_arcs,83,2,1,1,1,0,0
nltk.parse.dependencygraph.DependencyGraph.remove_by_address,76,2,0,2,0,0,0
nltk.parse.dependencygraph.DependencyGraph.right_children,204,3,1,2,1,0,0
nltk.parse.dependencygraph.DependencyGraph.to_conll,425,3,1,2,1,0,0
nltk.parse.dependencygraph.DependencyGraph.to_dot,132,2,2,0,2,0,0
nltk.parse.dependencygraph.DependencyGraph.tree,324,9,3,6,3,0,0
nltk.parse.dependencygraph.DependencyGraph.triples,335,4,3,1,3,1,1
nltk.parse.dependencygraph.conll_demo,522,4,3,1,3,0,0
nltk.parse.dependencygraph.conll_file_demo,534,2,1,1,1,0,0
nltk.parse.dependencygraph.cycle_finding_demo,544,3,2,1,2,0,0
nltk.parse.dependencygraph.demo,472,5,4,1,4,0,0
nltk.parse.dependencygraph.malt_demo,479,5,4,1,4,0,0
nltk.parse.earleychart.(global),0,2,2,0,2,0,0
nltk.parse.earleychart.CompleteFundamentalRule._apply_incomplete,162,1,1,0,1,0,0
nltk.parse.earleychart.CompleterRule.apply,175,2,1,1,1,1,1
nltk.parse.earleychart.EarleyChartParser.__init__,334,2,1,1,1,0,0
nltk.parse.earleychart.FeatureEarleyChartParser.__init__,392,1,1,0,1,0,0
nltk.parse.earleychart.FeatureIncrementalBottomUpChartParser.__init__,400,1,1,0,1,0,0
nltk.parse.earleychart.FeatureIncrementalBottomUpLeftCornerChartParser.__init__,404,1,1,0,1,0,0
nltk.parse.earleychart.FeatureIncrementalChart._add_index,133,4,3,1,3,0,0
nltk.parse.earleychart.FeatureIncrementalChart._register_with_indexes,150,3,3,0,3,0,0
nltk.parse.earleychart.FeatureIncrementalChart.select,115,3,3,0,3,0,0
nltk.parse.earleychart.FeatureIncrementalChartParser.__init__,380,5,1,4,1,0,0
nltk.parse.earleychart.FeatureIncrementalTopDownChartParser.__init__,396,1,1,0,1,0,0
nltk.parse.earleychart.FilteredCompleteFundamentalRule.apply,191,1,1,0,1,0,0
nltk.parse.earleychart.IncrementalBottomUpChartParser.__init__,343,1,1,0,1,0,0
nltk.parse.earleychart.IncrementalBottomUpLeftCornerChartParser.__init__,347,1,1,0,1,0,0
nltk.parse.earleychart.IncrementalChart._add_index,85,3,2,1,2,0,0
nltk.parse.earleychart.IncrementalChart._positions,110,4,1,3,1,0,0
nltk.parse.earleychart.IncrementalChart._register_with_indexes,101,2,2,0,2,0,0
nltk.parse.earleychart.IncrementalChart.edges,62,1,1,0,1,0,0
nltk.parse.earleychart.IncrementalChart.initialize,51,1,1,0,1,0,0
nltk.parse.earleychart.IncrementalChart.iteredges,65,1,0,1,0,0,0
nltk.parse.earleychart.IncrementalChart.select,68,2,2,0,2,0,0
nltk.parse.earleychart.IncrementalChartParser.__init__,264,6,0,6,0,0,0
nltk.parse.earleychart.IncrementalChartParser.chart_parse,301,4,3,1,3,0,0
nltk.parse.earleychart.IncrementalLeftCornerChartParser.__init__,351,2,2,0,2,0,0
nltk.parse.earleychart.IncrementalTopDownChartParser.__init__,339,1,1,0,1,0,0
nltk.parse.earleychart.ScannerRule.apply,182,2,1,1,1,1,1
nltk.parse.earleychart.demo,412,4,3,1,3,0,0
nltk.parse.evaluate.DependencyEvaluator._remove_punct,79,1,0,1,0,0,0
nltk.parse.evaluate.DependencyEvaluator.eval,88,2,2,0,2,0,0
nltk.parse.featurechart.(global),0,4,4,0,4,0,0
nltk.parse.featurechart.FeatureBottomUpChartParser.__init__,444,1,1,0,1,0,0
nltk.parse.featurechart.FeatureBottomUpLeftCornerChartParser.__init__,448,1,1,0,1,0,0
nltk.parse.featurechart.FeatureBottomUpPredictCombineRule.apply,378,4,4,0,4,0,0
nltk.parse.featurechart.FeatureBottomUpPredictRule.apply,366,2,2,0,2,0,0
nltk.parse.featurechart.FeatureChart._add_index,166,3,2,1,2,0,0
nltk.parse.featurechart.FeatureChart._get_type_if_possible,195,6,0,6,0,0,0
nltk.parse.featurechart.FeatureChart._register_with_indexes,185,3,3,0,3,0,0
nltk.parse.featurechart.FeatureChart.parses,205,3,3,0,3,0,0
nltk.parse.featurechart.FeatureChart.select,145,4,3,1,3,0,0
nltk.parse.featurechart.FeatureChartParser.__init__,428,6,1,5,1,0,0
nltk.parse.featurechart.FeatureEmptyPredictRule.apply,402,2,2,0,2,0,0
nltk.parse.featurechart.FeatureFundamentalRule.apply,240,4,4,0,4,0,0
nltk.parse.featurechart.FeatureTopDownChartParser.__init__,440,1,1,0,1,0,0
nltk.parse.featurechart.FeatureTopDownInitRule.apply,304,1,1,0,1,0,0
nltk.parse.featurechart.FeatureTopDownPredictRule.apply,328,6,6,0,6,0,0
nltk.parse.featurechart.FeatureTreeEdge.__init__,48,5,3,2,3,0,0
nltk.parse.featurechart.FeatureTreeEdge.__str__,124,2,2,0,2,0,0
nltk.parse.featurechart.FeatureTreeEdge._bind,101,2,0,2,0,0,0
nltk.parse.featurechart.FeatureTreeEdge.bindings,108,1,0,1,0,0,0
nltk.parse.featurechart.FeatureTreeEdge.from_production,75,6,1,5,1,0,0
nltk.parse.featurechart.FeatureTreeEdge.move_dot_forward,86,1,1,0,1,0,0
nltk.parse.featurechart.FeatureTreeEdge.next_with_bindings,105,3,2,1,2,0,0
nltk.parse.featurechart.FeatureTreeEdge.variables,114,3,3,0,3,0,0
nltk.parse.featurechart.InstantiateVarsChart.__init__,464,1,1,0,1,0,0
nltk.parse.featurechart.InstantiateVarsChart.initialize,467,1,1,0,1,0,0
nltk.parse.featurechart.InstantiateVarsChart.insert,471,2,2,0,2,0,0
nltk.parse.featurechart.InstantiateVarsChart.inst_vars,501,1,0,1,0,0,0
nltk.parse.featurechart.InstantiateVarsChart.instantiate_edge,476,2,1,1,1,0,0
nltk.parse.featurechart.demo,534,3,2,1,2,0,0
nltk.parse.featurechart.demo_grammar,511,2,1,1,1,0,0
nltk.parse.generate.(global),0,1,1,0,1,0,0
nltk.parse.generate._generate_all,39,5,2,3,2,1,2
nltk.parse.generate._generate_one,47,2,1,1,1,0,2
nltk.parse.generate.demo,66,3,2,1,2,0,0
nltk.parse.generate.generate,17,2,1,1,1,0,0
nltk.parse.malt.(global),0,1,1,0,1,0,0
nltk.parse.malt.MaltParser.__init__,27,8,2,6,2,0,0
nltk.parse.malt.MaltParser._execute,222,2,0,2,0,0,0
nltk.parse.malt.MaltParser.config_malt,58,2,1,1,1,0,0
nltk.parse.malt.MaltParser.parse_sents,90,1,1,0,1,0,0
nltk.parse.malt.MaltParser.tagged_parse,104,2,1,1,1,0,0
nltk.parse.malt.MaltParser.tagged_parse_sents,116,4,2,2,2,0,0
nltk.parse.malt.MaltParser.train,167,3,2,1,2,0,0
nltk.parse.malt.MaltParser.train_from_file,185,5,2,3,2,1,1
nltk.parse.malt.demo,228,6,5,1,5,0,0
nltk.parse.nonprojectivedependencyparser.(global),0,1,1,0,1,0,0
nltk.parse.nonprojectivedependencyparser.NaiveBayesDependencyScorer.__init__,100,1,0,1,0,0,0
nltk.parse.nonprojectivedependencyparser.NaiveBayesDependencyScorer.score,137,1,1,0,1,0,0
nltk.parse.nonprojectivedependencyparser.NaiveBayesDependencyScorer.train,103,2,2,0,2,0,0
nltk.parse.nonprojectivedependencyparser.NonprojectiveDependencyParser.__init__,596,1,0,1,0,0,0
nltk.parse.nonprojectivedependencyparser.NonprojectiveDependencyParser.parse,605,3,2,1,2,0,0
nltk.parse.nonprojectivedependencyparser.ProbabilisticNonprojectiveParser.__init__,250,2,0,2,0,0,0
nltk.parse.nonprojectivedependencyparser.ProbabilisticNonprojectiveParser.best_incoming_arc,392,2,1,1,1,0,0
nltk.parse.nonprojectivedependencyparser.ProbabilisticNonprojectiveParser.collapse_nodes,283,4,3,1,3,0,0
nltk.parse.nonprojectivedependencyparser.ProbabilisticNonprojectiveParser.compute_max_subtract_score,372,1,0,1,0,0,0
nltk.parse.nonprojectivedependencyparser.ProbabilisticNonprojectiveParser.compute_original_indexes,345,3,0,3,0,0,0
nltk.parse.nonprojectivedependencyparser.ProbabilisticNonprojectiveParser.initialize_edge_scores,272,1,0,1,0,0,0
nltk.parse.nonprojectivedependencyparser.ProbabilisticNonprojectiveParser.original_best_arc,423,2,1,1,1,0,0
nltk.parse.nonprojectivedependencyparser.ProbabilisticNonprojectiveParser.parse,436,15,13,2,13,0,0
nltk.parse.nonprojectivedependencyparser.ProbabilisticNonprojectiveParser.train,256,4,1,3,1,1,1
nltk.parse.nonprojectivedependencyparser.ProbabilisticNonprojectiveParser.update_edge_scores,303,3,2,1,2,0,0
nltk.parse.nonprojectivedependencyparser.demo,738,3,2,1,2,0,0
nltk.parse.nonprojectivedependencyparser.hall_demo,744,3,3,0,3,0,0
nltk.parse.nonprojectivedependencyparser.nonprojective_conll_parse_demo,751,6,5,1,5,0,0
nltk.parse.nonprojectivedependencyparser.rule_based_demo,763,4,3,1,3,0,0
nltk.parse.pchart.(global),0,1,1,0,1,0,0
nltk.parse.pchart.BottomUpProbabilisticChartParser._prune,291,2,1,1,1,0,0
nltk.parse.pchart.BottomUpProbabilisticChartParser._setprob,252,4,2,2,2,1,1
nltk.parse.pchart.BottomUpProbabilisticChartParser.parse,199,11,11,0,11,0,0
nltk.parse.pchart.BottomUpProbabilisticChartParser.sort_queue,273,1,0,1,0,0,0
nltk.parse.pchart.InsideChartParser.sort_queue,316,1,1,0,1,0,0
nltk.parse.pchart.LongestChartParser.sort_queue,385,1,1,0,1,0,0
nltk.parse.pchart.ProbabilisticBottomUpInitRule.apply,70,2,1,1,1,0,0
nltk.parse.pchart.ProbabilisticBottomUpPredictRule.apply,78,2,1,1,1,0,0
nltk.parse.pchart.ProbabilisticFundamentalRule.apply,88,2,2,0,2,0,0
nltk.parse.pchart.ProbabilisticTreeEdge.__init__,54,3,1,2,1,0,0
nltk.parse.pchart.ProbabilisticTreeEdge.from_production,63,2,1,1,1,0,0
nltk.parse.pchart.SingleEdgeProbabilisticFundamentalRule.apply,117,1,0,1,0,0,0
nltk.parse.pchart.demo,392,4,3,1,3,0,0
nltk.parse.projectivedependencyparser.(global),0,1,1,0,1,0,0
nltk.parse.projectivedependencyparser.ChartCell.__init__,98,2,0,2,0,0,0
nltk.parse.projectivedependencyparser.ChartCell.add,109,2,1,1,1,1,1
nltk.parse.projectivedependencyparser.DependencySpan.__init__,36,4,0,4,0,0,0
nltk.parse.projectivedependencyparser.DependencySpan.__lt__,76,1,1,0,1,0,0
nltk.parse.projectivedependencyparser.ProbabilisticProjectiveDependencyParser.__init__,269,1,0,1,0,0,0
nltk.parse.projectivedependencyparser.ProbabilisticProjectiveDependencyParser.compute_prob,417,4,3,1,3,0,0
nltk.parse.projectivedependencyparser.ProbabilisticProjectiveDependencyParser.concatenate,321,2,1,1,1,0,0
nltk.parse.projectivedependencyparser.ProbabilisticProjectiveDependencyParser.parse,275,8,7,1,7,0,0
nltk.parse.projectivedependencyparser.ProbabilisticProjectiveDependencyParser.train,354,5,4,1,4,0,0
nltk.parse.projectivedependencyparser.ProjectiveDependencyParser.__init__,152,2,0,2,0,0,0
nltk.parse.projectivedependencyparser.ProjectiveDependencyParser.concatenate,202,2,1,1,1,0,0
nltk.parse.projectivedependencyparser.ProjectiveDependencyParser.parse,162,7,5,2,5,0,0
nltk.parse.projectivedependencyparser.arity_parse_demo,510,3,3,0,3,0,0
nltk.parse.projectivedependencyparser.demo,487,3,2,1,2,0,0
nltk.parse.projectivedependencyparser.projective_prob_parse_demo,558,5,4,1,4,0,0
nltk.parse.projectivedependencyparser.projective_rule_parse_demo,493,4,3,1,3,0,0
nltk.parse.recursivedescent.(global),0,1,1,0,1,0,0
nltk.parse.recursivedescent.RecursiveDescentParser._expand,178,5,3,2,3,0,2
nltk.parse.recursivedescent.RecursiveDescentParser._match,135,5,3,2,3,0,2
nltk.parse.recursivedescent.RecursiveDescentParser._parse,88,7,4,3,4,0,2
nltk.parse.recursivedescent.RecursiveDescentParser._production_to_tree,230,2,1,1,1,0,0
nltk.parse.recursivedescent.RecursiveDescentParser._trace_backtrack,321,3,0,3,0,0,0
nltk.parse.recursivedescent.RecursiveDescentParser._trace_expand,308,2,1,1,1,0,0
nltk.parse.recursivedescent.RecursiveDescentParser._trace_fringe,268,5,3,2,3,1,1
nltk.parse.recursivedescent.RecursiveDescentParser._trace_match,312,2,1,1,1,0,0
nltk.parse.recursivedescent.RecursiveDescentParser._trace_start,303,3,1,2,1,0,0
nltk.parse.recursivedescent.RecursiveDescentParser._trace_succeed,316,3,1,2,1,0,0
nltk.parse.recursivedescent.RecursiveDescentParser._trace_tree,289,5,1,4,1,0,0
nltk.parse.recursivedescent.RecursiveDescentParser.parse,73,4,4,0,4,0,0
nltk.parse.recursivedescent.SteppingRecursiveDescentParser.__init__,353,1,0,1,0,0,0
nltk.parse.recursivedescent.SteppingRecursiveDescentParser._freeze,366,5,1,4,1,0,0
nltk.parse.recursivedescent.SteppingRecursiveDescentParser._parse,580,1,1,0,1,0,0
nltk.parse.recursivedescent.SteppingRecursiveDescentParser.backtrack,519,1,0,1,0,0,0
nltk.parse.recursivedescent.SteppingRecursiveDescentParser.currently_complete,572,2,0,2,0,0,0
nltk.parse.recursivedescent.SteppingRecursiveDescentParser.expand,454,5,4,1,4,0,0
nltk.parse.recursivedescent.SteppingRecursiveDescentParser.expandable_productions,534,3,0,3,0,0,0
nltk.parse.recursivedescent.SteppingRecursiveDescentParser.frontier,405,5,0,5,0,0,0
nltk.parse.recursivedescent.SteppingRecursiveDescentParser.initialize,379,3,2,1,2,0,0
nltk.parse.recursivedescent.SteppingRecursiveDescentParser.match,493,4,3,1,3,0,0
nltk.parse.recursivedescent.SteppingRecursiveDescentParser.parse,372,3,3,0,3,0,0
nltk.parse.recursivedescent.SteppingRecursiveDescentParser.parses,607,1,0,1,0,0,0
nltk.parse.recursivedescent.SteppingRecursiveDescentParser.step,423,6,5,1,5,0,0
nltk.parse.recursivedescent.SteppingRecursiveDescentParser.untried_expandable_productions,550,4,2,2,2,0,0
nltk.parse.recursivedescent.SteppingRecursiveDescentParser.untried_match,561,3,1,2,1,0,0
nltk.parse.recursivedescent.demo,628,1,0,1,0,0,0
nltk.parse.shiftreduce.(global),0,1,1,0,1,0,0
nltk.parse.shiftreduce.ShiftReduceParser.__init__,60,1,1,0,1,0,0
nltk.parse.shiftreduce.ShiftReduceParser._check_grammar,252,1,0,1,0,0,0
nltk.parse.shiftreduce.ShiftReduceParser._match_rhs,122,2,0,2,0,0,0
nltk.parse.shiftreduce.ShiftReduceParser._reduce,150,5,3,2,3,0,0
nltk.parse.shiftreduce.ShiftReduceParser._shift,105,3,1,2,1,0,0
nltk.parse.shiftreduce.ShiftReduceParser._trace_reduce,239,2,1,1,1,0,0
nltk.parse.shiftreduce.ShiftReduceParser._trace_shift,229,2,1,1,1,0,0
nltk.parse.shiftreduce.ShiftReduceParser._trace_stack,211,5,2,3,2,0,0
nltk.parse.shiftreduce.ShiftReduceParser.parse,80,4,4,0,4,0,0
nltk.parse.shiftreduce.SteppingShiftReduceParser.__init__,292,1,0,1,0,0,0
nltk.parse.shiftreduce.SteppingShiftReduceParser.initialize,321,1,0,1,0,0,0
nltk.parse.shiftreduce.SteppingShiftReduceParser.parse,299,3,3,0,3,0,0
nltk.parse.shiftreduce.SteppingShiftReduceParser.parses,406,1,0,1,0,0,0
nltk.parse.shiftreduce.SteppingShiftReduceParser.reduce,359,2,1,1,1,0,0
nltk.parse.shiftreduce.SteppingShiftReduceParser.reducible_productions,393,4,1,3,1,0,0
nltk.parse.shiftreduce.SteppingShiftReduceParser.shift,345,2,1,1,1,0,0
nltk.parse.shiftreduce.SteppingShiftReduceParser.stack,306,4,0,4,0,0,0
nltk.parse.shiftreduce.SteppingShiftReduceParser.step,330,3,2,1,2,0,0
nltk.parse.shiftreduce.demo,433,1,0,1,0,0,0
nltk.parse.stanford.StanfordParser.__init__,80,3,2,1,2,0,0
nltk.parse.stanford.StanfordParser._execute,209,6,3,3,3,0,0
nltk.parse.stanford.StanfordParser._parse_trees_output,107,4,1,3,1,0,0
nltk.parse.stanford.StanfordParser.parse_sents,118,2,2,0,2,0,0
nltk.parse.stanford.StanfordParser.raw_parse,142,1,1,0,1,0,0
nltk.parse.stanford.StanfordParser.raw_parse_sents,154,3,2,1,2,0,0
nltk.parse.stanford.StanfordParser.tagged_parse,172,1,1,0,1,0,0
nltk.parse.stanford.StanfordParser.tagged_parse_sents,184,3,2,1,2,0,0
nltk.parse.stanford.setup_module,241,1,1,0,1,0,0
nltk.parse.transitionparser.Configuration.__init__,44,3,0,3,0,0,0
nltk.parse.transitionparser.Configuration._check_informative,60,1,0,1,0,0,0
nltk.parse.transitionparser.Configuration.extract_features,74,4,1,3,1,0,0
nltk.parse.transitionparser.Transition.__init__,188,3,0,3,0,0,0
nltk.parse.transitionparser.Transition.left_arc,200,3,0,3,0,0,0
nltk.parse.transitionparser.Transition.reduce,246,2,0,2,0,0,0
nltk.parse.transitionparser.Transition.right_arc,227,3,0,3,0,0,0
nltk.parse.transitionparser.Transition.shift,268,3,0,3,0,0,0
nltk.parse.transitionparser.TransitionParser._convert_to_binary_features,314,3,1,2,1,0,0
nltk.parse.transitionparser.TransitionParser._create_training_examples_arc_eager,427,12,11,1,11,0,0
nltk.parse.transitionparser.TransitionParser._create_training_examples_arc_std,362,11,10,1,10,0,0
nltk.parse.transitionparser.TransitionParser._get_dep_relation,302,2,0,2,0,0,0
nltk.parse.transitionparser.TransitionParser._is_projective,328,2,0,2,0,0,0
nltk.parse.transitionparser.TransitionParser._write_to_file,352,3,1,2,1,0,0
nltk.parse.transitionparser.TransitionParser.parse,532,8,8,0,8,0,0
nltk.parse.transitionparser.TransitionParser.train,491,2,2,0,2,0,0
nltk.parse.util.TestGrammar.__init__,88,1,1,0,1,0,0
nltk.parse.util.load_parser,22,6,1,5,1,0,0
nltk.parse.viterbi.(global),0,1,1,0,1,0,0
nltk.parse.viterbi.ViterbiParser.__init__,76,1,0,1,0,0,0
nltk.parse.viterbi.ViterbiParser._add_constituents_spanning,148,5,4,1,4,0,0
nltk.parse.viterbi.ViterbiParser._find_instantiations,217,2,1,1,1,0,0
nltk.parse.viterbi.ViterbiParser._match_rhs,249,3,1,2,1,1,1
nltk.parse.viterbi.ViterbiParser._trace_lexical_insertion,313,1,0,1,0,0,0
nltk.parse.viterbi.ViterbiParser._trace_production,291,1,0,1,0,0,0
nltk.parse.viterbi.ViterbiParser.parse,108,3,3,0,3,0,0
nltk.parse.viterbi.ViterbiParser.trace,95,1,0,1,0,0,0
nltk.parse.viterbi.demo,326,6,5,1,5,0,0
nltk.probability.(global),0,2,2,0,2,0,0
nltk.probability.ConditionalFreqDist.__ge__,1820,1,1,0,1,0,0
nltk.probability.ConditionalFreqDist.__gt__,1824,1,1,0,1,0,0
nltk.probability.ConditionalFreqDist.__init__,1688,6,0,6,0,0,0
nltk.probability.ConditionalFreqDist.__le__,1811,2,2,0,2,0,0
nltk.probability.ConditionalFreqDist.__lt__,1816,1,1,0,1,0,0
nltk.probability.ConditionalFreqDist.__reduce__,1703,1,1,0,1,0,0
nltk.probability.ConditionalFreqDist.conditions,1707,7,1,6,1,0,0
nltk.probability.ConditionalFreqDist.plot,1728,3,3,0,3,0,0
nltk.probability.ConditionalFreqDist.tabulate,1777,3,3,0,3,0,0
nltk.probability.ConditionalProbDist.__init__,1907,1,0,1,0,0,0
nltk.probability.ConditionalProbDist.__missing__,1940,1,1,0,1,0,0
nltk.probability.ConditionalProbDistI.conditions,1855,1,1,0,1,0,0
nltk.probability.CrossValidationProbDist.__init__,985,2,1,1,1,0,0
nltk.probability.DictionaryConditionalProbDist.__init__,1952,2,0,2,0,0,0
nltk.probability.DictionaryConditionalProbDist.__missing__,1960,1,1,0,1,0,0
nltk.probability.DictionaryProbDist.__init__,535,11,3,8,3,0,0
nltk.probability.DictionaryProbDist.max,589,2,2,0,2,0,0
nltk.probability.DictionaryProbDist.samples,593,1,1,0,1,0,0
nltk.probability.ELEProbDist.__init__,788,1,1,0,1,0,0
nltk.probability.FreqDist.B,119,6,0,6,0,0,0
nltk.probability.FreqDist.N,108,4,1,3,1,0,0
nltk.probability.FreqDist.Nr,139,2,1,1,1,0,0
nltk.probability.FreqDist.__init__,90,26,0,26,0,0,0
nltk.probability.FreqDist.__le__,295,1,1,0,1,0,0
nltk.probability.FreqDist.__repr__,305,1,1,0,1,0,0
nltk.probability.FreqDist.__str__,336,1,1,0,1,0,0
nltk.probability.FreqDist._cumulative_frequencies,163,4,0,4,0,0,0
nltk.probability.FreqDist.freq,180,4,1,3,1,0,0
nltk.probability.FreqDist.max,199,1,0,1,0,0,0
nltk.probability.FreqDist.pformat,323,2,0,2,0,0,0
nltk.probability.FreqDist.plot,215,2,2,0,2,0,0
nltk.probability.FreqDist.pprint,313,1,1,0,1,0,0
nltk.probability.FreqDist.r_Nr,142,5,2,3,2,0,0
nltk.probability.FreqDist.tabulate,259,2,2,0,2,0,0
nltk.probability.HeldoutProbDist.__init__,857,5,3,2,3,0,0
nltk.probability.HeldoutProbDist._calculate_Tr,891,1,0,1,0,0,0
nltk.probability.HeldoutProbDist._calculate_estimate,905,1,0,1,0,0,0
nltk.probability.HeldoutProbDist.max,957,2,1,1,1,1,1
nltk.probability.HeldoutProbDist.samples,949,1,1,0,1,0,0
nltk.probability.KneserNeyProbDist.__init__,1517,1,1,0,1,0,0
nltk.probability.KneserNeyProbDist.discount,1588,1,0,1,0,0,0
nltk.probability.KneserNeyProbDist.max,1609,2,1,1,1,1,1
nltk.probability.KneserNeyProbDist.prob,1552,1,1,0,1,0,0
nltk.probability.KneserNeyProbDist.samples,1606,1,1,0,1,0,0
nltk.probability.LaplaceProbDist.__init__,752,1,1,0,1,0,0
nltk.probability.LidstoneProbDist.__init__,659,7,1,6,1,0,0
nltk.probability.LidstoneProbDist.max,719,2,1,1,1,1,1
nltk.probability.LidstoneProbDist.samples,725,1,1,0,1,0,0
nltk.probability.MLEProbDist.__init__,608,4,0,4,0,0,0
nltk.probability.MLEProbDist.max,631,2,1,1,1,1,1
nltk.probability.MLEProbDist.prob,628,1,1,0,1,0,0
nltk.probability.MLEProbDist.samples,634,1,1,0,1,0,0
nltk.probability.MutableProbDist.__init__,1408,1,0,1,0,0,0
nltk.probability.ProbDistI.generate,425,2,2,0,2,0,0
nltk.probability.ProbDistI.logprob,382,1,1,0,1,0,0
nltk.probability.ProbDistI.max,395,1,0,1,0,0,0
nltk.probability.ProbDistI.prob,370,2,0,2,0,0,0
nltk.probability.ProbDistI.samples,405,1,0,1,0,0,0
nltk.probability.ProbabilisticMixIn.__init__,2017,5,2,3,2,0,0
nltk.probability.ProbabilisticMixIn.prob,2062,10,0,10,0,0,0
nltk.probability.ProbabilisticMixIn.set_logprob,2050,1,0,1,0,0,0
nltk.probability.ProbabilisticMixIn.set_prob,2040,1,0,1,0,0,0
nltk.probability.RandomProbDist.__init__,490,3,2,1,2,0,0
nltk.probability.RandomProbDist.unirand,498,1,0,1,0,0,0
nltk.probability.SimpleGoodTuringProbDist.__init__,1207,7,5,2,5,0,0
nltk.probability.SimpleGoodTuringProbDist._prob_measure,1352,5,2,3,2,0,0
nltk.probability.SimpleGoodTuringProbDist._r_Nr,1233,3,2,1,2,0,0
nltk.probability.SimpleGoodTuringProbDist._r_Nr_non_zero,1228,2,1,1,1,0,0
nltk.probability.SimpleGoodTuringProbDist._renormalize,1303,2,1,1,1,0,0
nltk.probability.SimpleGoodTuringProbDist._switch,1277,2,1,1,1,0,0
nltk.probability.SimpleGoodTuringProbDist._variance,1297,1,0,1,0,0,0
nltk.probability.SimpleGoodTuringProbDist.check,1368,1,1,0,1,0,0
nltk.probability.SimpleGoodTuringProbDist.discount,1375,1,1,0,1,0,0
nltk.probability.SimpleGoodTuringProbDist.find_best_fit,1243,1,0,1,0,0,0
nltk.probability.SimpleGoodTuringProbDist.max,1382,2,1,1,1,1,1
nltk.probability.SimpleGoodTuringProbDist.prob,1333,3,2,1,2,0,0
nltk.probability.SimpleGoodTuringProbDist.samples,1385,1,1,0,1,0,0
nltk.probability.SimpleGoodTuringProbDist.smoothedNr,1317,2,0,2,0,0,0
nltk.probability.WittenBellProbDist.__init__,1060,1,1,0,1,0,0
nltk.probability.WittenBellProbDist.max,1107,2,1,1,1,1,1
nltk.probability.WittenBellProbDist.samples,1110,1,1,0,1,0,0
nltk.probability._create_rand_fdist,2105,2,1,1,1,0,0
nltk.probability._create_sum_pdist,2119,3,2,1,2,0,0
nltk.probability._get_kwarg,2093,4,0,4,0,0,0
nltk.probability.demo,2130,10,9,1,9,0,0
nltk.probability.entropy,1632,1,0,1,0,0,0
nltk.probability.gt_demo,2206,5,4,1,4,0,0
nltk.probability.sum_logs,1985,2,0,2,0,0,0
nltk.sem.boxer.(global),0,4,4,0,4,0,0
nltk.sem.boxer.AbstractBoxerDrs._clean_name,820,3,0,3,0,0,0
nltk.sem.boxer.AbstractBoxerDrs._variables,808,1,0,1,0,0,0
nltk.sem.boxer.AbstractBoxerDrs.variable_types,801,1,1,0,1,0,0
nltk.sem.boxer.AbstractBoxerDrs.variables,794,2,1,1,1,0,0
nltk.sem.boxer.Boxer.__init__,54,3,2,1,2,0,0
nltk.sem.boxer.Boxer._call,192,2,0,2,0,0,0
nltk.sem.boxer.Boxer._call_boxer,157,2,1,1,1,0,0
nltk.sem.boxer.Boxer._call_candc,144,2,1,1,1,0,0
nltk.sem.boxer.Boxer._find_binary,184,2,1,1,1,0,0
nltk.sem.boxer.Boxer._parse_drs,261,2,1,1,1,0,0
nltk.sem.boxer.Boxer._parse_to_drs_dict,225,3,2,1,2,0,3
nltk.sem.boxer.Boxer.interpret,77,2,1,1,1,0,3
nltk.sem.boxer.Boxer.interpret_multi,92,2,1,1,1,0,0
nltk.sem.boxer.Boxer.interpret_multi_sents,118,6,3,3,3,0,3
nltk.sem.boxer.Boxer.interpret_sents,107,1,1,0,1,0,0
nltk.sem.boxer.Boxer.set_bin_dir,72,2,1,1,1,0,0
nltk.sem.boxer.BoxerCard.__init__,1069,4,1,3,1,0,0
nltk.sem.boxer.BoxerCard.renumber_sentences,1078,2,2,0,2,0,0
nltk.sem.boxer.BoxerDrs.__init__,832,6,0,6,0,0,0
nltk.sem.boxer.BoxerDrs._variables,839,2,1,1,1,1,1
nltk.sem.boxer.BoxerDrs.atoms,849,2,1,1,1,1,1
nltk.sem.boxer.BoxerDrs.clean,855,3,2,1,2,1,1
nltk.sem.boxer.BoxerDrs.renumber_sentences,859,3,2,1,2,1,1
nltk.sem.boxer.BoxerDrsParser.__init__,622,1,1,0,1,0,0
nltk.sem.boxer.BoxerDrsParser.get_next_token_variable,785,2,2,0,2,0,0
nltk.sem.boxer.BoxerDrsParser.handle,632,17,17,0,17,0,0
nltk.sem.boxer.BoxerDrsParser.nullableIntToken,781,2,1,1,1,0,0
nltk.sem.boxer.BoxerEq.__init__,1048,4,1,3,1,0,0
nltk.sem.boxer.BoxerEq.renumber_sentences,1059,2,2,0,2,0,0
nltk.sem.boxer.BoxerIndexed.__init__,916,8,0,8,0,0,0
nltk.sem.boxer.BoxerNamed.__init__,972,6,1,5,1,0,0
nltk.sem.boxer.BoxerNamed.change_var,982,1,1,0,1,0,0
nltk.sem.boxer.BoxerNamed.clean,985,2,2,0,2,0,0
nltk.sem.boxer.BoxerNamed.renumber_sentences,988,2,2,0,2,0,0
nltk.sem.boxer.BoxerNot.__init__,887,4,0,4,0,0,0
nltk.sem.boxer.BoxerNot._variables,891,2,1,1,1,1,1
nltk.sem.boxer.BoxerNot.atoms,894,2,1,1,1,1,1
nltk.sem.boxer.BoxerNot.clean,897,3,2,1,2,1,1
nltk.sem.boxer.BoxerNot.renumber_sentences,900,3,2,1,2,1,1
nltk.sem.boxer.BoxerOr.__init__,1088,5,1,4,1,0,0
nltk.sem.boxer.BoxerOr._variables,1093,2,1,1,1,1,1
nltk.sem.boxer.BoxerOr.atoms,1096,2,1,1,1,1,1
nltk.sem.boxer.BoxerOr.clean,1099,3,2,1,2,1,1
nltk.sem.boxer.BoxerOr.renumber_sentences,1102,2,2,0,2,0,0
nltk.sem.boxer.BoxerOutputDrsParser.__init__,266,2,1,1,1,0,0
nltk.sem.boxer.BoxerOutputDrsParser._handle_alfa,537,4,3,1,3,0,0
nltk.sem.boxer.BoxerOutputDrsParser._handle_binary_expression,529,5,3,2,3,0,0
nltk.sem.boxer.BoxerOutputDrsParser._handle_card,471,5,4,1,4,0,0
nltk.sem.boxer.BoxerOutputDrsParser._handle_date,419,6,5,1,5,0,0
nltk.sem.boxer.BoxerOutputDrsParser._handle_eq,547,5,4,1,4,0,0
nltk.sem.boxer.BoxerOutputDrsParser._handle_named,370,5,4,1,4,0,0
nltk.sem.boxer.BoxerOutputDrsParser._handle_not,348,5,4,1,4,0,0
nltk.sem.boxer.BoxerOutputDrsParser._handle_pred,354,5,4,1,4,0,0
nltk.sem.boxer.BoxerOutputDrsParser._handle_prop,482,6,5,1,5,0,0
nltk.sem.boxer.BoxerOutputDrsParser._handle_rel,383,5,4,1,4,0,0
nltk.sem.boxer.BoxerOutputDrsParser._handle_time,449,5,4,1,4,0,0
nltk.sem.boxer.BoxerOutputDrsParser._handle_time_expression,405,6,5,1,5,0,0
nltk.sem.boxer.BoxerOutputDrsParser._handle_timex,396,5,4,1,4,0,0
nltk.sem.boxer.BoxerOutputDrsParser._handle_whq,556,6,5,1,5,0,0
nltk.sem.boxer.BoxerOutputDrsParser._make_imp_expression,591,1,1,0,1,0,0
nltk.sem.boxer.BoxerOutputDrsParser._make_merge_expression,585,1,1,0,1,0,0
nltk.sem.boxer.BoxerOutputDrsParser._make_or_expression,588,1,1,0,1,0,0
nltk.sem.boxer.BoxerOutputDrsParser._parse_index_list,491,6,3,3,3,0,0
nltk.sem.boxer.BoxerOutputDrsParser._sent_and_word_indices,602,2,0,2,0,0,0
nltk.sem.boxer.BoxerOutputDrsParser.handle,284,1,1,0,1,0,0
nltk.sem.boxer.BoxerOutputDrsParser.handle_condition,310,12,11,1,11,0,0
nltk.sem.boxer.BoxerOutputDrsParser.handle_drs,302,4,3,1,3,0,0
nltk.sem.boxer.BoxerOutputDrsParser.parse,277,2,2,0,2,0,0
nltk.sem.boxer.BoxerOutputDrsParser.parse_condition,290,4,3,1,3,0,0
nltk.sem.boxer.BoxerOutputDrsParser.parse_drs,503,7,6,1,6,0,0
nltk.sem.boxer.BoxerOutputDrsParser.parse_index,599,2,1,1,1,0,0
nltk.sem.boxer.BoxerOutputDrsParser.parse_variable,594,10,1,9,1,0,0
nltk.sem.boxer.BoxerPred.__init__,945,8,1,7,1,0,0
nltk.sem.boxer.BoxerPred.change_var,955,1,1,0,1,0,0
nltk.sem.boxer.BoxerPred.clean,958,2,2,0,2,0,0
nltk.sem.boxer.BoxerPred.renumber_sentences,961,2,2,0,2,0,0
nltk.sem.boxer.BoxerProp.__init__,1021,5,1,4,1,0,0
nltk.sem.boxer.BoxerProp._variables,1026,2,1,1,1,1,1
nltk.sem.boxer.BoxerProp.atoms,1032,2,1,1,1,1,1
nltk.sem.boxer.BoxerProp.clean,1035,3,2,1,2,1,1
nltk.sem.boxer.BoxerProp.renumber_sentences,1038,4,3,1,3,1,1
nltk.sem.boxer.BoxerRel.__init__,998,5,1,4,1,0,0
nltk.sem.boxer.BoxerRel.clean,1008,2,2,0,2,0,0
nltk.sem.boxer.BoxerRel.renumber_sentences,1011,2,2,0,2,0,0
nltk.sem.boxer.BoxerWhq.__init__,1112,5,1,4,1,0,0
nltk.sem.boxer.BoxerWhq._variables,1119,2,1,1,1,1,1
nltk.sem.boxer.BoxerWhq.atoms,1122,2,1,1,1,1,1
nltk.sem.boxer.BoxerWhq.clean,1125,3,2,1,2,1,1
nltk.sem.boxer.BoxerWhq.renumber_sentences,1128,2,2,0,2,0,0
nltk.sem.boxer.NltkDrtBoxerDrsInterpreter.__init__,1145,2,0,2,0,0,0
nltk.sem.boxer.NltkDrtBoxerDrsInterpreter._add_occur_indexing,1193,1,0,1,0,0,0
nltk.sem.boxer.NltkDrtBoxerDrsInterpreter._make_atom,1187,4,2,2,2,0,0
nltk.sem.boxer.NltkDrtBoxerDrsInterpreter.interpret,1148,8,7,1,7,1,1
nltk.sem.chat80.(global),0,3,3,0,3,0,0
nltk.sem.chat80.Concept.__init__,221,2,0,2,0,0,0
nltk.sem.chat80.Concept._make_graph,272,1,0,1,0,0,0
nltk.sem.chat80.Concept._make_pairs,297,1,0,1,0,0,0
nltk.sem.chat80.Concept._transclose,284,1,0,1,0,0,0
nltk.sem.chat80.Concept.augment,258,3,0,3,0,0,0
nltk.sem.chat80.Concept.close,308,5,4,1,4,0,0
nltk.sem.chat80._str2records,426,2,0,2,0,0,0
nltk.sem.chat80.binary_concept,462,4,3,1,3,0,0
nltk.sem.chat80.cities2table,371,1,1,0,1,0,0
nltk.sem.chat80.clause2concepts,332,4,3,1,3,0,0
nltk.sem.chat80.concepts,669,2,2,0,2,0,0
nltk.sem.chat80.label_indivs,612,2,1,1,1,0,0
nltk.sem.chat80.main,691,7,6,1,6,0,0
nltk.sem.chat80.make_lex,635,1,0,1,0,0,0
nltk.sem.chat80.make_valuation,529,4,2,2,2,0,0
nltk.sem.chat80.process_bundle,500,5,2,3,2,0,0
nltk.sem.chat80.sql_demo,767,2,1,1,1,0,0
nltk.sem.chat80.sql_query,407,1,0,1,0,0,0
nltk.sem.chat80.unary_concept,440,3,2,1,2,0,0
nltk.sem.chat80.val_dump,555,4,3,1,3,0,0
nltk.sem.chat80.val_load,575,2,1,1,1,0,0
nltk.sem.cooper_storage.(global),0,1,1,0,1,0,0
nltk.sem.cooper_storage.CooperStore._permute,32,3,1,2,1,1,1
nltk.sem.cooper_storage.CooperStore.s_retrieve,45,4,3,1,3,0,0
nltk.sem.cooper_storage.demo,88,2,1,1,1,0,0
nltk.sem.cooper_storage.parse_with_bindops,76,1,1,0,1,0,0
nltk.sem.drt.(global),0,1,1,0,1,0,0
nltk.sem.drt.DRS.__eq__,451,1,1,0,1,0,0
nltk.sem.drt.DRS.__init__,278,7,0,7,0,0,0
nltk.sem.drt.DRS.__str__,473,1,1,0,1,0,0
nltk.sem.drt.DRS._order_ref_strings,431,6,3,3,3,0,0
nltk.sem.drt.DRS._pretty,414,4,3,1,3,1,1
nltk.sem.drt.DRS.eliminate_equality,361,4,3,1,3,1,1
nltk.sem.drt.DRS.fol,390,4,3,1,3,1,1
nltk.sem.drt.DRS.free,332,2,1,1,1,1,1
nltk.sem.drt.DRS.get_refs,339,2,1,1,1,1,1
nltk.sem.drt.DRS.replace,288,6,4,2,4,1,1
nltk.sem.drt.DrsDrawer.__init__,926,3,1,2,1,0,0
nltk.sem.drt.DrsDrawer._draw_command,982,2,2,0,2,0,0
nltk.sem.drt.DrsDrawer._get_centered_top,1185,4,0,4,0,0,0
nltk.sem.drt.DrsDrawer._get_text_height,958,7,0,7,0,0,0
nltk.sem.drt.DrsDrawer._handle,1016,8,0,8,0,0,0
nltk.sem.drt.DrsDrawer._handle_ApplicationExpression,1102,5,5,0,5,0,0
nltk.sem.drt.DrsDrawer._handle_BinaryExpression,1150,4,4,0,4,0,0
nltk.sem.drt.DrsDrawer._handle_DRS,1077,2,2,0,2,0,0
nltk.sem.drt.DrsDrawer._handle_DrtProposition,1176,1,1,0,1,0,0
nltk.sem.drt.DrsDrawer._handle_LambdaExpression,1137,4,4,0,4,0,0
nltk.sem.drt.DrsDrawer._handle_NegatedExpression,1065,4,4,0,4,0,0
nltk.sem.drt.DrsDrawer._visit,971,5,1,4,1,0,0
nltk.sem.drt.DrsDrawer._visit_command,1002,4,1,3,1,0,0
nltk.sem.drt.DrsDrawer.draw,962,3,3,0,3,0,0
nltk.sem.drt.DrtApplicationExpression._pretty,801,2,2,0,2,0,0
nltk.sem.drt.DrtApplicationExpression.fol,793,3,2,1,2,1,1
nltk.sem.drt.DrtApplicationExpression.get_refs,796,2,1,1,1,1,1
nltk.sem.drt.DrtBinaryExpression._assemble_pretty,627,4,1,3,1,0,0
nltk.sem.drt.DrtBinaryExpression._pretty,623,2,2,0,2,0,0
nltk.sem.drt.DrtBinaryExpression._pretty_subex,637,3,0,3,0,0,0
nltk.sem.drt.DrtBinaryExpression.get_refs,619,2,1,1,1,1,1
nltk.sem.drt.DrtConcatenation.__eq__,726,1,1,0,1,0,0
nltk.sem.drt.DrtConcatenation.__init__,659,3,0,3,0,0,0
nltk.sem.drt.DrtConcatenation.__str__,775,2,2,0,2,0,0
nltk.sem.drt.DrtConcatenation._pretty,753,5,4,1,4,1,1
nltk.sem.drt.DrtConcatenation._pretty_subex,762,2,1,1,1,0,0
nltk.sem.drt.DrtConcatenation._str_subex,785,1,0,1,0,0,0
nltk.sem.drt.DrtConcatenation.eliminate_equality,694,1,1,0,1,0,0
nltk.sem.drt.DrtConcatenation.fol,747,3,2,1,2,1,1
nltk.sem.drt.DrtConcatenation.getOp,723,2,0,2,0,0,0
nltk.sem.drt.DrtConcatenation.get_refs,716,4,1,3,1,1,1
nltk.sem.drt.DrtConcatenation.replace,663,3,3,0,3,0,0
nltk.sem.drt.DrtConcatenation.simplify,700,6,4,2,4,1,1
nltk.sem.drt.DrtEqualityExpression.fol,653,2,1,1,1,1,1
nltk.sem.drt.DrtExpression.__add__,230,1,1,0,1,0,0
nltk.sem.drt.DrtExpression.__gt__,199,2,2,0,2,0,0
nltk.sem.drt.DrtExpression.draw,271,1,1,0,1,0,0
nltk.sem.drt.DrtExpression.fromstring,183,1,0,1,0,0,0
nltk.sem.drt.DrtExpression.is_pronoun_function,241,1,0,1,0,0,0
nltk.sem.drt.DrtExpression.make_VariableExpression,251,2,1,1,1,0,0
nltk.sem.drt.DrtExpression.pretty_format,261,1,0,1,0,0,0
nltk.sem.drt.DrtExpression.pretty_print,268,1,1,0,1,0,0
nltk.sem.drt.DrtExpression.resolve_anaphora,254,1,1,0,1,0,0
nltk.sem.drt.DrtLambdaExpression.alpha_convert,593,1,1,0,1,0,0
nltk.sem.drt.DrtLambdaExpression.fol,601,2,1,1,1,1,1
nltk.sem.drt.DrtNegatedExpression._pretty,585,2,1,1,1,1,1
nltk.sem.drt.DrtNegatedExpression.fol,578,3,2,1,2,1,1
nltk.sem.drt.DrtNegatedExpression.get_refs,581,2,1,1,1,1,1
nltk.sem.drt.DrtOrExpression._pretty_subex,647,1,1,0,1,0,0
nltk.sem.drt.DrtOrExpression.fol,644,2,1,1,1,1,1
nltk.sem.drt.DrtParser.__init__,52,3,1,2,1,0,0
nltk.sem.drt.DrtParser.get_BooleanExpression_factory,143,2,2,0,2,0,0
nltk.sem.drt.DrtParser.handle,73,10,10,0,10,0,0
nltk.sem.drt.DrtParser.handle_DRS,101,7,6,1,6,0,0
nltk.sem.drt.DrtParser.handle_conds,121,6,4,2,4,0,0
nltk.sem.drt.DrtParser.handle_prop,132,5,4,1,4,0,0
nltk.sem.drt.DrtParser.handle_refs,110,6,4,2,4,0,0
nltk.sem.drt.DrtParser.isvariable,70,1,0,1,0,0,0
nltk.sem.drt.DrtParser.make_VariableExpression,167,3,2,1,2,0,0
nltk.sem.drt.DrtProposition.__init__,528,4,0,4,0,0,0
nltk.sem.drt.DrtProposition._pretty,558,2,1,1,1,1,1
nltk.sem.drt.DrtProposition.eliminate_equality,539,3,2,1,2,1,1
nltk.sem.drt.DrtProposition.fol,555,2,1,1,1,1,1
nltk.sem.drt.DrtProposition.get_refs,542,2,1,1,1,1,1
nltk.sem.drt.DrtProposition.replace,532,3,2,1,2,1,1
nltk.sem.drt.DrtVariableExpression,482,12,3,9,3,0,0
nltk.sem.drt._pad_vertically,814,2,0,2,0,0,0
nltk.sem.drt.demo,1192,3,2,1,2,0,0
nltk.sem.drt.resolve_anaphora,849,6,2,4,2,1,1
nltk.sem.drt.test_draw,1228,1,1,0,1,0,0
nltk.sem.drt_glue_demo.(global),0,1,1,0,1,0,0
nltk.sem.drt_glue_demo.DrsWidget.__init__,451,2,1,1,1,0,0
nltk.sem.drt_glue_demo.DrsWidget.draw,458,1,1,0,1,0,0
nltk.sem.drt_glue_demo.DrtGlueDemo.__init__,32,10,9,1,9,0,0
nltk.sem.drt_glue_demo.DrtGlueDemo._configure,189,2,2,0,2,0,0
nltk.sem.drt_glue_demo.DrtGlueDemo._exampleList_select,391,2,2,0,2,0,0
nltk.sem.drt_glue_demo.DrtGlueDemo._exampleList_store_selection,396,11,8,3,8,0,0
nltk.sem.drt_glue_demo.DrtGlueDemo._init_bindings,168,2,1,1,1,0,0
nltk.sem.drt_glue_demo.DrtGlueDemo._init_buttons,178,1,0,1,0,0,0
nltk.sem.drt_glue_demo.DrtGlueDemo._init_canvas,196,2,1,1,1,0,0
nltk.sem.drt_glue_demo.DrtGlueDemo._init_exampleListbox,106,2,1,1,1,0,0
nltk.sem.drt_glue_demo.DrtGlueDemo._init_fonts,88,1,0,1,0,0,0
nltk.sem.drt_glue_demo.DrtGlueDemo._init_glue,73,4,3,1,3,0,0
nltk.sem.drt_glue_demo.DrtGlueDemo._init_menubar,209,1,0,1,0,0,0
nltk.sem.drt_glue_demo.DrtGlueDemo._init_readingListbox,135,2,1,1,1,0,0
nltk.sem.drt_glue_demo.DrtGlueDemo._populate_readingListbox,158,5,2,3,2,0,0
nltk.sem.drt_glue_demo.DrtGlueDemo._readingList_select,433,2,2,0,2,0,0
nltk.sem.drt_glue_demo.DrtGlueDemo._readingList_store_selection,438,7,4,3,4,0,0
nltk.sem.drt_glue_demo.DrtGlueDemo._redraw,255,6,1,5,1,0,0
nltk.sem.drt_glue_demo.DrtGlueDemo._select_next_example,335,2,1,1,1,0,0
nltk.sem.drt_glue_demo.DrtGlueDemo._select_previous_example,304,2,1,1,1,0,0
nltk.sem.drt_glue_demo.DrtGlueDemo._toggle_remove_duplicates,377,3,3,0,3,0,0
nltk.sem.drt_glue_demo.DrtGlueDemo.about,344,1,1,0,1,0,0
nltk.sem.drt_glue_demo.DrtGlueDemo.destroy,274,2,1,1,1,1,1
nltk.sem.drt_glue_demo.DrtGlueDemo.mainloop,358,3,2,1,2,1,1
nltk.sem.drt_glue_demo.DrtGlueDemo.next,312,3,3,0,3,0,0
nltk.sem.drt_glue_demo.DrtGlueDemo.postscript,354,1,1,0,1,0,0
nltk.sem.drt_glue_demo.DrtGlueDemo.prev,280,3,3,0,3,0,0
nltk.sem.drt_glue_demo.DrtGlueDemo.resize,368,1,1,0,1,0,0
nltk.sem.drt_glue_demo.demo,465,2,1,1,1,0,0
nltk.sem.evaluate.(global),0,1,1,0,1,0,0
nltk.sem.evaluate.Assignment.__init__,277,5,2,3,2,0,0
nltk.sem.evaluate.Assignment._addvariant,326,4,1,3,1,0,0
nltk.sem.evaluate.Assignment.add,337,2,2,0,2,0,0
nltk.sem.evaluate.Assignment.copy,296,1,1,0,1,0,0
nltk.sem.evaluate.Assignment.purge,301,3,1,2,1,0,0
nltk.sem.evaluate.Model.__init__,371,3,1,2,1,0,0
nltk.sem.evaluate.Model.evaluate,385,3,2,1,2,0,0
nltk.sem.evaluate.Model.i,482,2,0,2,0,0,0
nltk.sem.evaluate.Model.satisfiers,508,3,2,1,2,0,0
nltk.sem.evaluate.Model.satisfy,408,6,3,3,3,1,1
nltk.sem.evaluate.Valuation.__init__,110,7,1,6,1,0,0
nltk.sem.evaluate.Valuation.domain,136,1,1,0,1,0,0
nltk.sem.evaluate.Valuation.fromstring,152,1,1,0,1,0,0
nltk.sem.evaluate.Valuation.symbols,147,1,1,0,1,0,0
nltk.sem.evaluate._read_valuation_line,165,1,0,1,0,0,0
nltk.sem.evaluate.demo,758,1,0,1,0,0,0
nltk.sem.evaluate.foldemo,668,2,2,0,2,0,0
nltk.sem.evaluate.folmodel,623,7,5,2,5,0,0
nltk.sem.evaluate.is_rel,47,1,0,1,0,0,0
nltk.sem.evaluate.propdemo,576,4,4,0,4,0,0
nltk.sem.evaluate.read_valuation,199,3,2,1,2,0,0
nltk.sem.evaluate.satdemo,712,4,4,0,4,0,0
nltk.sem.evaluate.set2rel,64,1,0,1,0,0,0
nltk.sem.evaluate.trace,38,2,2,0,2,0,0
nltk.sem.glue.(global),0,1,1,0,1,0,0
nltk.sem.glue.DrtGlue.__init__,628,3,1,2,1,0,0
nltk.sem.glue.Glue.__init__,433,3,1,2,1,0,0
nltk.sem.glue.Glue._add_to_reading_list,521,1,0,1,0,0,0
nltk.sem.glue.Glue.dep_parse,542,4,3,1,3,0,0
nltk.sem.glue.Glue.depgraph_to_glue,551,2,1,1,1,0,0
nltk.sem.glue.Glue.get_glue_dict,554,2,1,1,1,0,0
nltk.sem.glue.Glue.get_pos_tagger,570,5,4,1,4,0,0
nltk.sem.glue.Glue.get_readings,461,2,1,1,1,0,0
nltk.sem.glue.Glue.gfl_to_compiled,557,3,2,1,2,0,0
nltk.sem.glue.Glue.parse_to_compiled,538,4,3,1,3,0,0
nltk.sem.glue.Glue.parse_to_meaning,455,5,2,3,2,0,0
nltk.sem.glue.Glue.train_depparser,447,2,1,1,1,0,0
nltk.sem.glue.GlueDict.__init__,119,2,1,1,1,0,0
nltk.sem.glue.GlueDict._lookup_semtype_option,281,2,1,1,1,0,0
nltk.sem.glue.GlueDict.add_missing_dependencies,270,3,2,1,2,0,0
nltk.sem.glue.GlueDict.find_label_name,365,5,3,2,3,1,1
nltk.sem.glue.GlueDict.get_GlueFormula_factory,428,1,0,1,0,0,0
nltk.sem.glue.GlueDict.get_glueformulas_from_semtype_entry,327,4,3,1,3,0,0
nltk.sem.glue.GlueDict.get_label,394,1,0,1,0,0,0
nltk.sem.glue.GlueDict.get_meaning_formula,343,1,0,1,0,0,0
nltk.sem.glue.GlueDict.get_semtypes,309,1,0,1,0,0,0
nltk.sem.glue.GlueDict.initialize_labels,352,4,2,2,2,1,1
nltk.sem.glue.GlueDict.lookup,245,5,4,1,4,0,0
nltk.sem.glue.GlueDict.lookup_unique,411,3,1,2,1,0,0
nltk.sem.glue.GlueDict.read_file,124,1,0,1,0,0,0
nltk.sem.glue.GlueDict.to_glueformula_list,231,5,4,1,4,1,1
nltk.sem.glue.GlueFormula.__init__,34,1,1,0,1,0,0
nltk.sem.glue.GlueFormula.applyto,54,5,4,1,4,1,1
nltk.sem.glue.GlueFormula.compile,91,6,3,3,3,0,0
nltk.sem.glue.GlueFormula.lambda_abstract,84,1,1,0,1,0,0
nltk.sem.glue.GlueFormula.make_LambdaExpression,81,2,0,2,0,0,0
nltk.sem.glue.GlueFormula.make_VariableExpression,78,1,1,0,1,0,0
nltk.sem.glue.GlueFormula.simplify,98,4,1,3,1,1,1
nltk.sem.glue.demo,638,5,4,1,4,0,0
nltk.sem.hole.Constraint.__init__,294,1,0,1,0,0,0
nltk.sem.hole.HoleSemantics.__init__,74,4,3,1,3,0,0
nltk.sem.hole.HoleSemantics._break_down,107,5,3,2,3,1,1
nltk.sem.hole.HoleSemantics._find_top_hole,148,2,1,1,1,0,0
nltk.sem.hole.HoleSemantics._find_top_most_labels,140,2,1,1,1,0,0
nltk.sem.hole.HoleSemantics._find_top_nodes,130,2,0,2,0,0,0
nltk.sem.hole.HoleSemantics._formula_tree,277,3,1,2,1,1,1
nltk.sem.hole.HoleSemantics._plug_hole,196,4,3,1,3,0,2
nltk.sem.hole.HoleSemantics._plug_nodes,165,6,3,3,3,1,2
nltk.sem.hole.HoleSemantics._sanity_check_plugging,250,4,2,2,2,1,1
nltk.sem.hole.HoleSemantics._violates_constraints,238,1,0,1,0,0,0
nltk.sem.hole.HoleSemantics.formula_tree,270,1,1,0,1,0,0
nltk.sem.hole.HoleSemantics.is_node,100,2,0,2,0,0,0
nltk.sem.hole.HoleSemantics.pluggings,156,2,1,1,1,0,0
nltk.sem.hole.hole_readings,314,5,5,0,5,0,0
nltk.sem.lfg.(global),0,1,1,0,1,0,0
nltk.sem.lfg.FStructure.__str__,145,1,1,0,1,0,0
nltk.sem.lfg.FStructure._make_label,127,1,0,1,0,0,0
nltk.sem.lfg.FStructure._read_depgraph,96,8,6,2,6,1,1
nltk.sem.lfg.FStructure._to_depgraph,57,3,1,2,1,1,1
nltk.sem.lfg.FStructure.pretty_format,148,1,0,1,0,0,0
nltk.sem.lfg.FStructure.read_depgraph,92,2,1,1,1,0,0
nltk.sem.lfg.FStructure.safeappend,16,1,0,1,0,0,0
nltk.sem.lfg.FStructure.to_depgraph,38,6,5,1,5,0,0
nltk.sem.lfg.FStructure.to_glueformula_list,34,1,1,0,1,0,0
nltk.sem.lfg.demo_read_depgraph,173,3,2,1,2,0,0
nltk.sem.linearlogic.(global),0,2,2,0,2,0,0
nltk.sem.linearlogic.ApplicationExpression.__init__,276,3,1,2,1,0,0
nltk.sem.linearlogic.ApplicationExpression.simplify,312,2,1,1,1,1,1
nltk.sem.linearlogic.BindingDict.__add__,393,1,1,0,1,0,0
nltk.sem.linearlogic.BindingDict.__init__,341,5,1,4,1,0,0
nltk.sem.linearlogic.ConstantExpression.unify,160,2,2,0,2,0,0
nltk.sem.linearlogic.Expression.__call__,85,1,1,0,1,0,0
nltk.sem.linearlogic.Expression.applyto,82,2,1,1,1,0,0
nltk.sem.linearlogic.ImpExpression.__init__,201,5,0,5,0,0,0
nltk.sem.linearlogic.ImpExpression.compile_neg,241,4,2,2,2,1,2
nltk.sem.linearlogic.ImpExpression.compile_pos,229,5,3,2,3,1,2
nltk.sem.linearlogic.ImpExpression.initialize_labels,256,2,1,1,1,1,1
nltk.sem.linearlogic.ImpExpression.simplify,211,2,1,1,1,1,1
nltk.sem.linearlogic.ImpExpression.unify,214,3,2,1,2,1,1
nltk.sem.linearlogic.LinearLogicParser.__init__,29,1,1,0,1,0,0
nltk.sem.linearlogic.LinearLogicParser.attempt_ApplicationExpression,53,6,6,0,6,0,0
nltk.sem.linearlogic.LinearLogicParser.handle,38,2,2,0,2,0,0
nltk.sem.linearlogic.LinearLogicParser.make_VariableExpression,66,1,1,0,1,0,0
nltk.sem.linearlogic.UnificationException.__init__,428,3,0,3,0,0,0
nltk.sem.linearlogic.VariableExpression.unify,181,2,2,0,2,0,0
nltk.sem.linearlogic.demo,435,1,0,1,0,0,0
nltk.sem.logic.(global),0,3,3,0,3,0,0
nltk.sem.logic.AbstractVariableExpression._set_type,1339,1,1,0,1,0,0
nltk.sem.logic.AnyType.__init__,738,1,0,1,0,0,0
nltk.sem.logic.AnyType.str,764,1,0,1,0,0,0
nltk.sem.logic.ApplicationExpression.__init__,1152,4,0,4,0,0,0
nltk.sem.logic.ApplicationExpression.__str__,1251,2,2,0,2,0,0
nltk.sem.logic.ApplicationExpression._set_type,1177,4,3,1,3,1,1
nltk.sem.logic.ApplicationExpression.args,1302,1,1,0,1,0,0
nltk.sem.logic.ApplicationExpression.constants,1221,2,1,1,1,1,1
nltk.sem.logic.ApplicationExpression.findtype,1194,2,2,0,2,0,0
nltk.sem.logic.ApplicationExpression.is_atom,1308,2,0,2,0,0,0
nltk.sem.logic.ApplicationExpression.pred,1293,1,1,0,1,0,0
nltk.sem.logic.ApplicationExpression.predicates,1229,2,1,1,1,1,1
nltk.sem.logic.ApplicationExpression.simplify,1162,3,1,2,1,1,1
nltk.sem.logic.ApplicationExpression.uncurry,1278,11,0,11,0,0,0
nltk.sem.logic.BasicType.matches,703,1,0,1,0,0,0
nltk.sem.logic.BasicType.resolve,706,1,1,0,1,0,0
nltk.sem.logic.BinaryExpression.__str__,1715,1,1,0,1,0,0
nltk.sem.logic.BinaryExpression._str_subex,1721,1,0,1,0,0,0
nltk.sem.logic.BinaryExpression.findtype,1689,2,1,1,1,1,1
nltk.sem.logic.BooleanExpression._set_type,1726,3,2,1,2,1,1
nltk.sem.logic.ComplexType.__init__,644,4,0,4,0,0,0
nltk.sem.logic.ComplexType.matches,660,2,1,1,1,1,1
nltk.sem.logic.ComplexType.resolve,667,3,2,1,2,1,1
nltk.sem.logic.ComplexType.str,688,3,2,1,2,1,1
nltk.sem.logic.ConstantExpression._set_type,1436,1,1,0,1,0,0
nltk.sem.logic.EqualityExpression._set_type,1773,3,2,1,2,1,1
nltk.sem.logic.ExpectedMoreTokensException.__init__,1827,8,1,7,1,0,0
nltk.sem.logic.Expression.__call__,881,1,1,0,1,0,0
nltk.sem.logic.Expression.__gt__,909,1,1,0,1,0,0
nltk.sem.logic.Expression.__neg__,891,1,1,0,1,0,0
nltk.sem.logic.Expression._set_type,993,1,0,1,0,0,0
nltk.sem.logic.Expression.applyto,887,2,1,1,1,0,0
nltk.sem.logic.Expression.constants,1097,2,1,1,1,0,0
nltk.sem.logic.Expression.equiv,925,3,3,0,3,0,0
nltk.sem.logic.Expression.free,1088,2,1,1,1,0,0
nltk.sem.logic.Expression.fromstring,875,13,0,13,0,0,0
nltk.sem.logic.Expression.make_VariableExpression,1119,2,1,1,1,0,0
nltk.sem.logic.Expression.normalize,1018,5,1,4,1,0,0
nltk.sem.logic.Expression.predicates,1105,2,1,1,1,0,0
nltk.sem.logic.Expression.replace,1003,1,1,0,1,0,0
nltk.sem.logic.Expression.simplify,1113,2,1,1,1,0,0
nltk.sem.logic.Expression.substitute_bindings,945,1,1,0,1,0,0
nltk.sem.logic.Expression.typecheck,961,4,4,0,4,0,0
nltk.sem.logic.Expression.variables,1078,3,3,0,3,0,0
nltk.sem.logic.Expression.visit,1040,4,0,4,0,0,0
nltk.sem.logic.Expression.visit_structured,1057,3,1,2,1,0,0
nltk.sem.logic.IllegalTypeException.__init__,823,5,0,5,0,0,0
nltk.sem.logic.InconsistentTypeHierarchyException.__init__,807,2,0,2,0,0,0
nltk.sem.logic.IndividualVariableExpression._set_type,1390,1,1,0,1,0,0
nltk.sem.logic.LambdaExpression._set_type,1579,3,2,1,2,1,1
nltk.sem.logic.LambdaExpression.type,1575,2,2,0,2,0,0
nltk.sem.logic.LogicParser.__init__,90,4,0,4,0,0,0
nltk.sem.logic.LogicParser.__repr__,520,2,2,0,2,0,0
nltk.sem.logic.LogicParser.assertNextToken,499,13,3,10,3,0,0
nltk.sem.logic.LogicParser.assertToken,512,18,1,17,1,0,0
nltk.sem.logic.LogicParser.attempt_ApplicationExpression,458,8,7,1,7,0,3
nltk.sem.logic.LogicParser.attempt_BooleanExpression,426,7,6,1,6,0,3
nltk.sem.logic.LogicParser.attempt_EqualityExpression,408,7,6,1,6,0,3
nltk.sem.logic.LogicParser.attempt_adjuncts,296,4,3,1,3,0,3
nltk.sem.logic.LogicParser.get_BooleanExpression_factory,441,1,0,1,0,0,0
nltk.sem.logic.LogicParser.get_QuantifiedExpression_factory,389,2,1,1,1,0,0
nltk.sem.logic.LogicParser.get_all_symbols,239,1,0,1,0,0,0
nltk.sem.logic.LogicParser.get_next_token_variable,334,8,5,3,5,0,0
nltk.sem.logic.LogicParser.handle,278,7,6,1,6,0,3
nltk.sem.logic.LogicParser.handle_lambda,345,9,7,2,7,0,3
nltk.sem.logic.LogicParser.handle_negation,305,4,2,2,2,0,3
nltk.sem.logic.LogicParser.handle_open,402,5,2,3,2,0,3
nltk.sem.logic.LogicParser.handle_quant,366,9,8,1,8,0,3
nltk.sem.logic.LogicParser.handle_variable,311,10,7,3,7,0,3
nltk.sem.logic.LogicParser.has_priority,494,4,0,4,0,0,0
nltk.sem.logic.LogicParser.inRange,243,13,0,13,0,0,0
nltk.sem.logic.LogicParser.isvariable,261,3,0,3,0,0,0
nltk.sem.logic.LogicParser.make_ApplicationExpression,485,3,1,2,1,0,0
nltk.sem.logic.LogicParser.make_BooleanExpression,455,1,0,1,0,0,0
nltk.sem.logic.LogicParser.make_EqualityExpression,421,1,0,1,0,0,0
nltk.sem.logic.LogicParser.make_LambdaExpression,491,1,0,1,0,0,0
nltk.sem.logic.LogicParser.make_NegatedExpression,308,3,1,2,1,0,0
nltk.sem.logic.LogicParser.make_QuanifiedExpression,399,1,0,1,0,0,0
nltk.sem.logic.LogicParser.make_VariableExpression,488,4,2,2,2,0,0
nltk.sem.logic.LogicParser.parse,125,8,6,2,6,0,0
nltk.sem.logic.LogicParser.process,152,4,3,1,3,0,0
nltk.sem.logic.LogicParser.process_next_expression,264,23,5,18,5,0,3
nltk.sem.logic.LogicParser.process_quoted_token,206,2,1,1,1,0,0
nltk.sem.logic.LogicParser.token,247,39,1,38,1,0,0
nltk.sem.logic.LogicalExpressionException.__init__,1809,9,0,9,0,0,0
nltk.sem.logic.NegatedExpression.__init__,1636,5,0,5,0,0,0
nltk.sem.logic.NegatedExpression._set_type,1643,3,2,1,2,1,1
nltk.sem.logic.NegatedExpression.findtype,1654,2,1,1,1,1,1
nltk.sem.logic.QuantifiedExpression._set_type,1605,3,2,1,2,1,1
nltk.sem.logic.StringTrie.__init__,1794,2,1,1,1,0,0
nltk.sem.logic.StringTrie.insert,1800,3,1,2,1,1,1
nltk.sem.logic.Type.fromstring,639,1,1,0,1,0,0
nltk.sem.logic.TypeException.__init__,803,1,0,1,0,0,0
nltk.sem.logic.TypeResolutionException.__init__,817,1,0,1,0,0,0
nltk.sem.logic.UnexpectedTokenException.__init__,1814,6,1,5,1,0,0
nltk.sem.logic.Variable.__init__,560,20,0,20,0,0,0
nltk.sem.logic.VariableBinderExpression.__eq__,1552,1,1,0,1,0,0
nltk.sem.logic.VariableBinderExpression.alpha_convert,1521,3,2,1,2,0,2
nltk.sem.logic.VariableBinderExpression.findtype,1536,3,1,2,1,1,1
nltk.sem.logic.VariableBinderExpression.free,1532,2,1,1,1,1,1
nltk.sem.logic.VariableBinderExpression.replace,1498,5,3,2,3,1,2
nltk.sem.logic.VariableExpression,1469,23,3,20,3,0,0
nltk.sem.logic.demo,1867,2,1,1,1,0,0
nltk.sem.logic.demoException,1915,2,1,1,1,0,0
nltk.sem.logic.demo_errors,1899,1,1,0,1,0,0
nltk.sem.logic.is_eventvar,1855,4,0,4,0,0,0
nltk.sem.logic.is_funcvar,1844,4,0,4,0,0,0
nltk.sem.logic.is_indvar,1833,8,0,8,0,0,0
nltk.sem.logic.read_logic,528,2,2,0,2,0,0
nltk.sem.logic.read_type,774,6,3,3,3,1,1
nltk.sem.logic.skolem_function,618,4,3,1,3,0,0
nltk.sem.logic.unique_variable,591,14,5,9,5,0,0
nltk.sem.relextract.(global),0,6,6,0,6,0,0
nltk.sem.relextract._expand,44,1,0,1,0,0,0
nltk.sem.relextract._join,67,3,1,2,1,0,0
nltk.sem.relextract.class_abbrev,55,1,0,1,0,0,0
nltk.sem.relextract.clause,247,2,0,2,0,0,0
nltk.sem.relextract.conllesp,433,3,2,1,2,0,0
nltk.sem.relextract.conllned,397,3,2,1,2,0,0
nltk.sem.relextract.extract_rels,176,8,3,5,3,0,0
nltk.sem.relextract.ieer_headlines,378,1,0,1,0,0,0
nltk.sem.relextract.in_demo,266,3,2,1,2,0,0
nltk.sem.relextract.list2sym,101,2,1,1,1,0,0
nltk.sem.relextract.ne_chunked,454,3,2,1,2,0,0
nltk.sem.relextract.roles_demo,328,3,2,1,2,0,0
nltk.sem.relextract.rtuple,230,4,1,3,1,0,0
nltk.sem.relextract.semi_rel2reldict,144,3,2,1,2,0,0
nltk.sem.relextract.tree2semi_rel,115,1,0,1,0,0,0
nltk.sem.skolemize.skolemize,14,8,5,3,5,1,1
nltk.sem.skolemize.to_cnf,88,3,1,2,1,1,1
nltk.sem.util.(global),0,1,1,0,1,0,0
nltk.sem.util.demo,158,5,5,0,5,0,0
nltk.sem.util.demo_legacy_grammar,137,3,2,1,2,0,0
nltk.sem.util.demo_model0,99,1,0,1,0,0,0
nltk.sem.util.evaluate_sents,84,2,1,1,1,0,0
nltk.sem.util.interpret_sents,71,5,2,3,2,0,0
nltk.sem.util.parse_sents,25,4,3,1,3,0,0
nltk.sem.util.read_sents,128,1,0,1,0,0,0
nltk.sem.util.root_semrep,51,2,0,2,0,0,0
nltk.stem.api.StemmerI.stem,16,5,0,5,0,0,0
nltk.stem.isri.ISRIStemmer.end_w5,288,4,2,2,2,0,0
nltk.stem.isri.ISRIStemmer.end_w6,322,4,3,1,3,0,0
nltk.stem.isri.ISRIStemmer.norm,178,1,0,1,0,0,0
nltk.stem.isri.ISRIStemmer.pre1,338,4,0,4,0,0,0
nltk.stem.isri.ISRIStemmer.pre32,194,1,0,1,0,0,0
nltk.stem.isri.ISRIStemmer.pro_w4,224,4,2,2,2,0,0
nltk.stem.isri.ISRIStemmer.pro_w53,240,4,2,2,2,0,0
nltk.stem.isri.ISRIStemmer.pro_w54,278,1,0,1,0,0,0
nltk.stem.isri.ISRIStemmer.pro_w6,296,3,2,1,2,0,0
nltk.stem.isri.ISRIStemmer.pro_w64,314,1,0,1,0,0,0
nltk.stem.isri.ISRIStemmer.stem,149,11,11,0,11,0,0
nltk.stem.isri.ISRIStemmer.suf1,331,4,0,4,0,0,0
nltk.stem.isri.ISRIStemmer.suf32,206,1,0,1,0,0,0
nltk.stem.isri.ISRIStemmer.waw,218,1,0,1,0,0,0
nltk.stem.lancaster.LancasterStemmer.__applyRule,295,1,0,1,0,0,0
nltk.stem.lancaster.LancasterStemmer.__doStemming,206,4,3,1,3,0,0
nltk.stem.lancaster.LancasterStemmer.__getLastLetter,265,1,0,1,0,0,0
nltk.stem.lancaster.LancasterStemmer.__isAcceptable,276,1,0,1,0,0,0
nltk.stem.lancaster.LancasterStemmer.parseRules,175,1,0,1,0,0,0
nltk.stem.lancaster.LancasterStemmer.stem,191,2,2,0,2,0,0
nltk.stem.porter.PorterStemmer._adjust_case,598,1,0,1,0,0,0
nltk.stem.porter.PorterStemmer._cons,164,7,1,6,1,1,1
nltk.stem.porter.PorterStemmer._cvc,229,3,1,2,1,0,0
nltk.stem.porter.PorterStemmer._doublec,221,2,1,1,1,0,0
nltk.stem.porter.PorterStemmer._m,175,6,1,5,1,0,0
nltk.stem.porter.PorterStemmer._step1ab,252,5,4,1,4,0,0
nltk.stem.porter.PorterStemmer._step1c,319,2,1,1,1,0,0
nltk.stem.porter.PorterStemmer._step2,343,4,2,2,2,1,1
nltk.stem.porter.PorterStemmer._step3,435,2,1,1,1,0,0
nltk.stem.porter.PorterStemmer._step4,470,2,1,1,1,0,0
nltk.stem.porter.PorterStemmer._step5,555,3,2,1,2,0,0
nltk.stem.porter.PorterStemmer._vowelinstem,214,2,1,1,1,0,0
nltk.stem.porter.PorterStemmer.stem,631,2,2,0,2,0,0
nltk.stem.porter.PorterStemmer.stem_word,568,7,6,1,6,0,0
nltk.stem.rslp.RSLPStemmer.__init__,55,1,1,0,1,0,0
nltk.stem.rslp.RSLPStemmer.apply_rule,129,1,0,1,0,0,0
nltk.stem.rslp.RSLPStemmer.read_rule,66,2,1,1,1,0,0
nltk.stem.rslp.RSLPStemmer.stem,99,1,1,0,1,0,0
nltk.stem.snowball.DanishStemmer.stem,331,1,1,0,1,0,0
nltk.stem.snowball.DutchStemmer.stem,424,2,2,0,2,0,0
nltk.stem.snowball.EnglishStemmer.stem,672,2,2,0,2,0,0
nltk.stem.snowball.FinnishStemmer.stem,1100,2,2,0,2,0,0
nltk.stem.snowball.FrenchStemmer.__rv_french,1633,1,0,1,0,0,0
nltk.stem.snowball.FrenchStemmer.stem,1366,3,3,0,3,0,0
nltk.stem.snowball.GermanStemmer.stem,1702,1,1,0,1,0,0
nltk.stem.snowball.HungarianStemmer.__r1_hungarian,2046,1,0,1,0,0,0
nltk.stem.snowball.HungarianStemmer.stem,1897,2,2,0,2,0,0
nltk.stem.snowball.ItalianStemmer.stem,2149,3,3,0,3,0,0
nltk.stem.snowball.NorwegianStemmer.stem,2360,2,2,0,2,0,0
nltk.stem.snowball.PorterStemmer.__init__,146,1,1,0,1,0,0
nltk.stem.snowball.PortugueseStemmer.stem,2473,3,3,0,3,0,0
nltk.stem.snowball.RomanianStemmer.stem,2703,3,3,0,3,0,0
nltk.stem.snowball.RussianStemmer.__cyrillic_to_roman,3225,1,0,1,0,0,0
nltk.stem.snowball.RussianStemmer.__regions_russian,3168,1,0,1,0,0,0
nltk.stem.snowball.RussianStemmer.__roman_to_cyrillic,3280,1,0,1,0,0,0
nltk.stem.snowball.RussianStemmer.stem,2995,3,3,0,3,0,0
nltk.stem.snowball.SnowballStemmer.__init__,86,5,0,5,0,0,0
nltk.stem.snowball.SpanishStemmer.__replace_accented,3543,1,0,1,0,0,0
nltk.stem.snowball.SpanishStemmer.stem,3387,4,4,0,4,0,0
nltk.stem.snowball.SwedishStemmer.stem,3594,1,1,0,1,0,0
nltk.stem.snowball._LanguageSpecificStemmer.__init__,111,1,0,1,0,0,0
nltk.stem.snowball._ScandinavianStemmer._r1_scandinavian,159,3,0,3,0,0,0
nltk.stem.snowball._StandardStemmer._r1r2_standard,202,9,0,9,0,0,0
nltk.stem.snowball._StandardStemmer._rv_standard,246,4,0,4,0,0,0
nltk.stem.snowball.demo,3642,2,2,0,2,0,0
nltk.stem.util.suffix_replace,8,10,0,10,0,0,0
nltk.tag.__init__.pos_tag,86,3,1,2,1,0,0
nltk.tag.__init__.pos_tag_sents,106,1,1,0,1,0,0
nltk.tag.api.TaggerI._check_params,69,3,0,3,0,0,0
nltk.tag.api.TaggerI.evaluate,53,4,2,2,2,0,0
nltk.tag.api.TaggerI.tag,32,3,2,1,2,0,2
nltk.tag.api.TaggerI.tag_sents,45,3,1,2,1,0,2
nltk.tag.brill.BrillTagger.__init__,210,2,0,2,0,0,0
nltk.tag.brill.BrillTagger.batch_tag_incremental,391,2,1,1,1,0,0
nltk.tag.brill.BrillTagger.print_template_statistics,287,4,3,1,3,0,0
nltk.tag.brill.BrillTagger.tag,260,3,1,2,1,1,1
nltk.tag.brill.BrillTagger.train_stats,245,2,0,2,0,0,0
nltk.tag.brill.brill24,141,2,1,1,1,0,0
nltk.tag.brill.fntbl37,93,1,1,0,1,0,0
nltk.tag.brill.nltkdemo18,53,2,1,1,1,0,0
nltk.tag.brill.nltkdemo18plus,79,2,2,0,2,0,0
nltk.tag.brill_trainer.BrillTaggerTrainer._apply_rule,480,2,1,1,1,0,0
nltk.tag.brill_trainer.BrillTaggerTrainer._best_rule,423,5,4,1,4,0,0
nltk.tag.brill_trainer.BrillTaggerTrainer._clean,352,1,0,1,0,0,0
nltk.tag.brill_trainer.BrillTaggerTrainer._find_rules,360,1,0,1,0,0,0
nltk.tag.brill_trainer.BrillTaggerTrainer._init_mappings,325,3,2,1,2,0,0
nltk.tag.brill_trainer.BrillTaggerTrainer._trace_apply,597,1,0,1,0,0,0
nltk.tag.brill_trainer.BrillTaggerTrainer._trace_header,569,1,0,1,0,0,0
nltk.tag.brill_trainer.BrillTaggerTrainer._trace_rule,580,2,1,1,1,0,0
nltk.tag.brill_trainer.BrillTaggerTrainer._trace_update_rules,602,1,0,1,0,0,0
nltk.tag.brill_trainer.BrillTaggerTrainer._update_rule_applies,369,3,0,3,0,0,0
nltk.tag.brill_trainer.BrillTaggerTrainer._update_rule_not_applies,401,1,0,1,0,0,0
nltk.tag.brill_trainer.BrillTaggerTrainer._update_rules,511,5,4,1,4,0,0
nltk.tag.brill_trainer.BrillTaggerTrainer._update_tag_positions,496,1,0,1,0,0,0
nltk.tag.brill_trainer.BrillTaggerTrainer.train,96,10,10,0,10,0,0
nltk.tag.brill_trainer_orig.BrillTaggerTrainer._best_rule,274,2,1,1,1,0,0
nltk.tag.brill_trainer_orig.BrillTaggerTrainer._find_rules,336,3,2,1,2,0,0
nltk.tag.brill_trainer_orig.BrillTaggerTrainer._find_rules_at,368,1,0,1,0,0,0
nltk.tag.brill_trainer_orig.BrillTaggerTrainer._trace_header,388,1,0,1,0,0,0
nltk.tag.brill_trainer_orig.BrillTaggerTrainer._trace_rule,399,1,0,1,0,0,0
nltk.tag.brill_trainer_orig.BrillTaggerTrainer.train,50,6,5,1,5,0,0
nltk.tag.crf.CRFTagger.set_model_file,94,1,0,1,0,0,0
nltk.tag.crf.CRFTagger.tag,188,2,1,1,1,0,2
nltk.tag.crf.CRFTagger.tag_sents,140,2,1,1,1,0,2
nltk.tag.crf.CRFTagger.train,167,1,1,0,1,0,0
nltk.tag.hmm.HiddenMarkovModelTagger.__init__,134,4,1,3,1,0,0
nltk.tag.hmm.HiddenMarkovModelTagger._backward_probability,726,8,4,4,4,0,0
nltk.tag.hmm.HiddenMarkovModelTagger._best_path,367,5,3,2,3,0,0
nltk.tag.hmm.HiddenMarkovModelTagger._best_path_simple,410,3,2,1,2,0,0
nltk.tag.hmm.HiddenMarkovModelTagger._create_cache,282,3,1,2,1,0,0
nltk.tag.hmm.HiddenMarkovModelTagger._exhaustive_entropy,594,3,2,1,2,0,0
nltk.tag.hmm.HiddenMarkovModelTagger._exhaustive_point_entropy,633,4,3,1,3,0,0
nltk.tag.hmm.HiddenMarkovModelTagger._forward_probability,690,11,5,6,5,0,0
nltk.tag.hmm.HiddenMarkovModelTagger._output_logprob,274,6,0,6,0,0,0
nltk.tag.hmm.HiddenMarkovModelTagger._outputs_vector,682,4,1,3,1,0,0
nltk.tag.hmm.HiddenMarkovModelTagger._sample_probdist,492,1,0,1,0,0,0
nltk.tag.hmm.HiddenMarkovModelTagger._tag,270,2,1,1,1,0,0
nltk.tag.hmm.HiddenMarkovModelTagger._train,145,6,6,0,6,0,0
nltk.tag.hmm.HiddenMarkovModelTagger._transitions_matrix,672,3,0,3,0,0,0
nltk.tag.hmm.HiddenMarkovModelTagger._update_cache,322,3,2,1,2,0,0
nltk.tag.hmm.HiddenMarkovModelTagger.best_path,353,1,1,0,1,0,0
nltk.tag.hmm.HiddenMarkovModelTagger.best_path_simple,395,1,1,0,1,0,0
nltk.tag.hmm.HiddenMarkovModelTagger.entropy,502,4,3,1,3,0,0
nltk.tag.hmm.HiddenMarkovModelTagger.log_probability,225,6,3,3,3,0,0
nltk.tag.hmm.HiddenMarkovModelTagger.point_entropy,569,4,3,1,3,0,0
nltk.tag.hmm.HiddenMarkovModelTagger.probability,210,1,1,0,1,0,0
nltk.tag.hmm.HiddenMarkovModelTagger.random_sample,455,2,1,1,1,0,0
nltk.tag.hmm.HiddenMarkovModelTagger.reset_cache,350,1,0,1,0,0,0
nltk.tag.hmm.HiddenMarkovModelTagger.tag,257,1,1,0,1,0,0
nltk.tag.hmm.HiddenMarkovModelTagger.test,760,2,2,0,2,0,0
nltk.tag.hmm.HiddenMarkovModelTrainer.__init__,829,4,0,4,0,0,0
nltk.tag.hmm.HiddenMarkovModelTrainer._baum_welch_step,859,7,6,1,6,0,0
nltk.tag.hmm.HiddenMarkovModelTrainer.train,833,2,2,0,2,0,0
nltk.tag.hmm.HiddenMarkovModelTrainer.train_supervised,1032,9,5,4,5,0,0
nltk.tag.hmm.HiddenMarkovModelTrainer.train_unsupervised,901,12,8,4,8,0,0
nltk.tag.hmm._create_hmm_tagger,1118,4,3,1,3,0,0
nltk.tag.hmm._log_add,1104,2,0,2,0,0,0
nltk.tag.hmm._market_hmm_example,1136,3,1,2,1,0,0
nltk.tag.hmm._ninf_array,1093,5,0,5,0,0,0
nltk.tag.hmm._untag,1215,1,0,1,0,0,0
nltk.tag.hmm.demo,1150,4,4,0,4,0,0
nltk.tag.hmm.demo_bw,1251,4,4,0,4,0,0
nltk.tag.hmm.demo_pos,1199,4,4,0,4,0,0
nltk.tag.hmm.demo_pos_bw,1221,6,6,0,6,0,0
nltk.tag.hmm.load_pos,1176,2,0,2,0,0,0
nltk.tag.hmm.logsumexp2,1099,7,0,7,0,0,0
nltk.tag.hunpos.HunposTagger.__del__,88,1,1,0,1,0,0
nltk.tag.hunpos.HunposTagger.__exit__,99,1,1,0,1,0,0
nltk.tag.hunpos.HunposTagger.__init__,53,3,2,1,2,0,0
nltk.tag.hunpos.HunposTagger.close,91,2,0,2,0,0,0
nltk.tag.hunpos.HunposTagger.tag,102,2,2,0,2,0,0
nltk.tag.hunpos.setup_module,126,1,1,0,1,0,0
nltk.tag.mapping._load_universal_map,46,2,1,1,1,0,0
nltk.tag.mapping.map_tag,80,14,1,13,1,0,0
nltk.tag.mapping.tagset_mapping,65,2,1,1,1,0,0
nltk.tag.senna.setup_module,97,1,1,0,1,0,0
nltk.tag.sequential.AffixTagger.__init__,446,3,3,0,3,0,0
nltk.tag.sequential.BigramTagger.__init__,375,2,1,1,1,0,0
nltk.tag.sequential.ClassifierBasedTagger.__init__,605,3,3,0,3,0,0
nltk.tag.sequential.ClassifierBasedTagger._train,646,2,1,1,1,0,0
nltk.tag.sequential.ClassifierBasedTagger.choose_tag,632,1,1,0,1,0,0
nltk.tag.sequential.ClassifierBasedTagger.feature_detector,672,3,1,2,1,0,0
nltk.tag.sequential.ContextTagger.__init__,120,3,1,2,1,0,0
nltk.tag.sequential.ContextTagger.__repr__,148,1,1,0,1,0,0
nltk.tag.sequential.ContextTagger._train,151,6,4,2,4,0,0
nltk.tag.sequential.ContextTagger.choose_tag,137,1,1,0,1,0,0
nltk.tag.sequential.ContextTagger.context,128,2,0,2,0,0,0
nltk.tag.sequential.ContextTagger.size,141,1,0,1,0,0,0
nltk.tag.sequential.DefaultTagger.__init__,234,1,1,0,1,0,0
nltk.tag.sequential.NgramTagger.__init__,279,6,3,3,3,0,0
nltk.tag.sequential.RegexpTagger.__init__,528,7,1,6,1,0,0
nltk.tag.sequential.RegexpTagger.decode_json_obj,543,1,1,0,1,0,0
nltk.tag.sequential.SequentialBackoffTagger.__init__,46,5,0,5,0,0,0
nltk.tag.sequential.SequentialBackoffTagger.tag,57,1,1,0,1,0,0
nltk.tag.sequential.SequentialBackoffTagger.tag_one,64,2,0,2,0,0,0
nltk.tag.sequential.TrigramTagger.__init__,410,2,1,1,1,0,0
nltk.tag.sequential.UnigramTagger.__init__,337,3,1,2,1,0,0
nltk.tag.stanford.StanfordTagger.__init__,39,2,2,0,2,0,0
nltk.tag.stanford.StanfordTagger.parse_output,92,1,0,1,0,0,0
nltk.tag.stanford.StanfordTagger.tag,58,1,1,0,1,0,0
nltk.tag.stanford.StanfordTagger.tag_sents,61,4,3,1,3,0,0
nltk.tag.tnt.TnT.__init__,85,5,2,3,2,0,0
nltk.tag.tnt.TnT._compute_lambda,180,3,2,1,2,0,0
nltk.tag.tnt.TnT._safe_div,263,1,0,1,0,0,0
nltk.tag.tnt.TnT._tagword,325,7,5,2,5,1,2
nltk.tag.tnt.TnT.tag,292,3,1,2,1,0,2
nltk.tag.tnt.TnT.tagdata,273,2,1,1,1,0,0
nltk.tag.tnt.TnT.train,133,6,2,4,2,1,1
nltk.tag.tnt.demo,484,3,3,0,3,0,0
nltk.tag.tnt.demo2,505,3,3,0,3,0,0
nltk.tag.tnt.demo3,540,3,3,0,3,0,0
nltk.tag.util.str2tuple,9,4,0,4,0,0,0
nltk.tag.util.tuple2str,32,1,0,1,0,0,0
nltk.tag.util.untag,58,3,0,3,0,0,0
nltk.tbl.demo.(global),0,2,2,0,2,0,0
nltk.tbl.demo._demo_plot,328,1,0,1,0,0,0
nltk.tbl.demo._demo_prepare_data,298,2,1,1,1,0,0
nltk.tbl.demo.corpus_size,363,1,0,1,0,0,0
nltk.tbl.demo.demo,24,1,1,0,1,0,0
nltk.tbl.demo.demo_error_analysis,103,1,1,0,1,0,0
nltk.tbl.demo.demo_generated_templates,80,2,2,0,2,0,0
nltk.tbl.demo.demo_high_accuracy_rules,116,1,1,0,1,0,0
nltk.tbl.demo.demo_learning_curve,95,2,1,1,1,0,0
nltk.tbl.demo.demo_multifeature_template,63,2,2,0,2,0,0
nltk.tbl.demo.demo_multiposition_feature,49,2,2,0,2,0,0
nltk.tbl.demo.demo_repr_rule_format,31,1,1,0,1,0,0
nltk.tbl.demo.demo_serialize_tagger,109,1,1,0,1,0,0
nltk.tbl.demo.demo_str_rule_format,37,1,1,0,1,0,0
nltk.tbl.demo.demo_template_statistics,69,1,1,0,1,0,0
nltk.tbl.demo.demo_verbose_rule_format,43,1,1,0,1,0,0
nltk.tbl.demo.postag,123,21,9,12,9,0,0
nltk.tbl.erroranalysis.error_list,16,1,0,1,0,0,0
nltk.tbl.feature.Feature.expand,108,1,0,1,0,0,0
nltk.tbl.feature.Feature.intersects,192,1,0,1,0,0,0
nltk.tbl.feature.Feature.issuperset,162,2,0,2,0,0,0
nltk.tbl.rule.Rule.__init__,120,2,1,1,1,0,0
nltk.tbl.rule.Rule.__repr__,196,2,1,1,1,0,0
nltk.tbl.rule.Rule.__str__,217,1,0,1,0,0,0
nltk.tbl.rule.Rule._verbose_format,282,1,0,1,0,0,0
nltk.tbl.rule.Rule.format,238,3,3,0,3,0,0
nltk.tbl.rule.TagRule.__init__,35,1,0,1,0,0,0
nltk.tbl.rule.TagRule.applies,74,1,0,1,0,0,0
nltk.tbl.rule.TagRule.apply,43,1,1,0,1,0,0
nltk.tbl.template.Template.__init__,81,6,0,6,0,0,0
nltk.tbl.template.Template._applicable_conditions,161,1,0,1,0,0,0
nltk.tbl.template.Template._poptemplate,304,1,0,1,0,0,0
nltk.tbl.template.Template.applicable_rules,148,2,2,0,2,0,0
nltk.tbl.template.Template.expand,195,3,3,0,3,0,0
nltk.test.discourse_fixt.setup_module,6,2,2,0,2,0,0
nltk.test.doctest_nose_plugin.DoctestPluginHelper._patchTestCase,110,2,0,2,0,0,0
nltk.test.doctest_nose_plugin.DoctestPluginHelper.loadTestsFromFile,93,2,2,0,2,0,0
nltk.test.doctest_nose_plugin.DoctestPluginHelper.loadTestsFromFileUnicode,49,1,0,1,0,0,0
nltk.test.doctest_nose_plugin.DoctestPluginHelper.loadTestsFromModule,103,3,2,1,2,1,1
nltk.test.doctest_nose_plugin._UnicodeOutputChecker._remove_u_prefixes,18,1,0,1,0,0,0
nltk.test.doctest_nose_plugin._UnicodeOutputChecker.check_output,21,1,1,0,1,0,0
nltk.test.gluesemantics_malt_fixt.setup_module,4,1,1,0,1,0,0
nltk.test.inference_fixt.setup_module,4,2,2,0,2,0,0
nltk.test.nonmonotonic_fixt.setup_module,4,2,2,0,2,0,0
nltk.test.runtests.(global),0,1,1,0,1,0,0
nltk.test.runtests.NltkPluginManager.loadPlugins,25,3,1,2,1,1,1
nltk.test.unit.test_classify.assert_classifier_correct,35,2,0,2,0,0,0
nltk.test.unit.test_classify.test_megam,49,1,1,0,1,0,0
nltk.test.unit.test_classify.test_tadm,52,1,1,0,1,0,0
nltk.test.unit.test_collocations.TestBigram.test_bigram2,25,5,5,0,5,0,0
nltk.test.unit.test_collocations.TestBigram.test_bigram3,45,5,5,0,5,0,0
nltk.test.unit.test_collocations.TestBigram.test_bigram5,63,5,5,0,5,0,0
nltk.test.unit.test_collocations.close_enough,13,3,0,3,0,0,0
nltk.test.unit.test_corpora.TestCoNLL2007.test_parsed_sents,90,1,1,0,1,0,0
nltk.test.unit.test_corpora.TestSinicaTreebank.test_parsed_sents,65,1,1,0,1,0,0
nltk.test.unit.test_corpus_views.TestCorpusViews.data,20,4,0,4,0,0,0
nltk.test.unit.test_corpus_views.TestCorpusViews.test_correct_length,37,2,2,0,2,0,0
nltk.test.unit.test_corpus_views.TestCorpusViews.test_correct_values,27,2,2,0,2,0,0
nltk.test.unit.test_hmm._wikipedia_example_hmm,5,2,0,2,0,0,0
nltk.test.unit.test_hmm.test_backward_probability,59,2,2,0,2,0,0
nltk.test.unit.test_hmm.test_forward_probability,23,1,1,0,1,0,0
nltk.test.unit.test_hmm.test_forward_probability2,39,2,2,0,2,0,0
nltk.test.unit.test_naivebayes.NaiveBayesClassifierTest.test_simple,11,1,1,0,1,0,0
nltk.test.unit.test_seekable_unicode_stream_reader.check_reader,12,6,5,1,5,0,0
nltk.test.unit.test_seekable_unicode_stream_reader.test_reader_on_large_string,109,1,1,0,1,0,0
nltk.test.unit.test_stem.SnowballTest.test_german,16,2,2,0,2,0,0
nltk.test.unit.test_stem.SnowballTest.test_russian,9,2,2,0,2,0,0
nltk.test.unit.test_stem.SnowballTest.test_short_strings_bug,34,2,2,0,2,0,0
nltk.test.unit.test_stem.SnowballTest.test_spanish,26,2,2,0,2,0,0
nltk.test.unit.test_tag.test_basic,4,2,2,0,2,0,0
nltk.test.unit.utils.skip,8,4,2,2,2,1,1
nltk.test.unit.utils.skipIf,36,1,1,0,1,0,0
nltk.text.(global),0,1,1,0,1,0,0
nltk.text.ConcordanceIndex.__init__,124,1,0,1,0,0,0
nltk.text.ConcordanceIndex.offsets,160,1,0,1,0,0,0
nltk.text.ConcordanceIndex.print_concordance,174,2,1,1,1,0,0
nltk.text.ContextIndex.__init__,46,3,1,2,1,0,0
nltk.text.ContextIndex.common_contexts,91,1,1,0,1,0,0
nltk.text.ContextIndex.word_similarity_dict,68,2,2,0,2,0,0
nltk.text.Text.__init__,287,10,0,10,0,0,0
nltk.text.Text.collocations,336,6,5,1,5,0,0
nltk.text.Text.common_contexts,408,4,3,1,3,1,1
nltk.text.Text.concordance,323,3,2,1,2,0,0
nltk.text.Text.count,361,2,1,1,1,1,1
nltk.text.Text.dispersion_plot,435,2,1,1,1,0,0
nltk.text.Text.findall,463,4,3,1,3,1,1
nltk.text.Text.index,367,2,1,1,1,1,1
nltk.text.Text.plot,447,2,1,1,1,0,0
nltk.text.Text.similar,377,4,3,1,3,0,0
nltk.text.Text.vocab,454,4,1,3,1,0,0
nltk.text.TextCollection.__init__,547,2,2,0,2,0,0
nltk.text.TextCollection.idf,559,1,0,1,0,0,0
nltk.text.TextCollection.tf,555,1,0,1,0,0,0
nltk.text.TextCollection.tf_idf,572,2,2,0,2,0,0
nltk.text.TokenSearcher.__init__,215,1,0,1,0,0,0
nltk.text.demo,575,8,7,1,7,0,0
nltk.tokenize.__init__.sent_tokenize,75,2,1,1,1,0,0
nltk.tokenize.__init__.word_tokenize,90,3,1,2,1,0,0
nltk.tokenize.api.StringTokenizer.span_tokenize,71,1,1,0,1,0,0
nltk.tokenize.api.TokenizerI.span_tokenize,32,1,0,1,0,0,0
nltk.tokenize.api.TokenizerI.span_tokenize_sents,51,1,1,0,1,0,0
nltk.tokenize.api.TokenizerI.tokenize,21,3,2,1,2,0,2
nltk.tokenize.api.TokenizerI.tokenize_sents,41,2,1,1,1,0,2
nltk.tokenize.punkt.PunktBaseClass.__init__,521,2,0,2,0,0,0
nltk.tokenize.punkt.PunktBaseClass._annotate_first_pass,560,4,1,3,1,0,0
nltk.tokenize.punkt.PunktBaseClass._first_pass_annotation,581,1,0,1,0,0,0
nltk.tokenize.punkt.PunktBaseClass._tokenize_words,533,4,0,4,0,0,0
nltk.tokenize.punkt.PunktLanguageVars._word_tokenizer_re,242,1,0,1,0,0,0
nltk.tokenize.punkt.PunktLanguageVars.period_context_re,274,2,0,2,0,0,0
nltk.tokenize.punkt.PunktLanguageVars.word_tokenize,258,1,1,0,1,0,0
nltk.tokenize.punkt.PunktParameters._debug_ortho_context,358,1,0,1,0,0,0
nltk.tokenize.punkt.PunktParameters.add_ortho_context,355,1,0,1,0,0,0
nltk.tokenize.punkt.PunktParameters.clear_abbrevs,343,1,0,1,0,0,0
nltk.tokenize.punkt.PunktParameters.clear_collocations,346,1,0,1,0,0,0
nltk.tokenize.punkt.PunktParameters.clear_ortho_context,352,1,0,1,0,0,0
nltk.tokenize.punkt.PunktParameters.clear_sent_starters,349,1,0,1,0,0,0
nltk.tokenize.punkt.PunktSentenceTokenizer.__init__,1195,2,2,0,2,0,0
nltk.tokenize.punkt.PunktSentenceTokenizer._annotate_second_pass,1454,3,2,1,2,0,0
nltk.tokenize.punkt.PunktSentenceTokenizer._annotate_tokens,1356,5,2,3,2,0,0
nltk.tokenize.punkt.PunktSentenceTokenizer._build_sentence_list,1377,1,0,1,0,0,0
nltk.tokenize.punkt.PunktSentenceTokenizer._ortho_heuristic,1546,2,0,2,0,0,0
nltk.tokenize.punkt.PunktSentenceTokenizer._realign_boundaries,1290,2,1,1,1,0,0
nltk.tokenize.punkt.PunktSentenceTokenizer._second_pass_annotation,1464,3,1,2,1,0,0
nltk.tokenize.punkt.PunktSentenceTokenizer._slices_from_text,1276,3,2,1,2,0,0
nltk.tokenize.punkt.PunktSentenceTokenizer.debug_decisions,1228,6,6,0,6,0,0
nltk.tokenize.punkt.PunktSentenceTokenizer.sentences_from_text,1267,3,1,2,1,0,0
nltk.tokenize.punkt.PunktSentenceTokenizer.sentences_from_text_legacy,1332,3,3,0,3,0,0
nltk.tokenize.punkt.PunktSentenceTokenizer.sentences_from_tokens,1341,1,1,0,1,0,0
nltk.tokenize.punkt.PunktSentenceTokenizer.span_tokenize,1257,3,2,1,2,0,0
nltk.tokenize.punkt.PunktSentenceTokenizer.text_contains_sentbreak,1320,3,2,1,2,0,0
nltk.tokenize.punkt.PunktSentenceTokenizer.tokenize,1222,1,1,0,1,0,0
nltk.tokenize.punkt.PunktSentenceTokenizer.train,1207,3,2,1,2,0,0
nltk.tokenize.punkt.PunktToken.__init__,388,1,1,0,1,0,0
nltk.tokenize.punkt.PunktToken.__repr__,481,1,1,0,1,0,0
nltk.tokenize.punkt.PunktToken._get_type,411,1,0,1,0,0,0
nltk.tokenize.punkt.PunktTrainer.__init__,610,4,3,1,3,0,0
nltk.tokenize.punkt.PunktTrainer._col_log_likelihood,1052,2,0,2,0,0,0
nltk.tokenize.punkt.PunktTrainer._dunning_log_likelihood,1033,1,0,1,0,0,0
nltk.tokenize.punkt.PunktTrainer._find_collocations,1105,2,1,1,1,0,0
nltk.tokenize.punkt.PunktTrainer._find_sent_starters,1149,2,1,1,1,0,0
nltk.tokenize.punkt.PunktTrainer._freq_threshold,836,2,1,1,1,0,0
nltk.tokenize.punkt.PunktTrainer._get_orthography_data,858,2,1,1,1,0,0
nltk.tokenize.punkt.PunktTrainer._get_sentbreak_count,1174,1,0,1,0,0,0
nltk.tokenize.punkt.PunktTrainer._is_potential_collocation,1093,1,0,1,0,0,0
nltk.tokenize.punkt.PunktTrainer._is_potential_sent_starter,1137,1,0,1,0,0,0
nltk.tokenize.punkt.PunktTrainer._is_rare_abbrev_type,985,1,0,1,0,0,0
nltk.tokenize.punkt.PunktTrainer._reclassify_abbrev_types,906,3,1,2,1,0,0
nltk.tokenize.punkt.PunktTrainer._train_tokens,725,11,9,2,9,0,0
nltk.tokenize.punkt.PunktTrainer._unique_types,787,1,0,1,0,0,0
nltk.tokenize.punkt.PunktTrainer.finalize_training,790,7,4,3,4,0,0
nltk.tokenize.punkt.PunktTrainer.find_abbrev_types,970,2,2,0,2,0,0
nltk.tokenize.punkt.PunktTrainer.freq_threshold,814,2,2,0,2,0,0
nltk.tokenize.punkt.PunktTrainer.get_params,651,3,1,2,1,0,0
nltk.tokenize.punkt.PunktTrainer.train,704,4,3,1,3,0,0
nltk.tokenize.punkt.PunktTrainer.train_tokens,717,2,2,0,2,0,0
nltk.tokenize.punkt._pair_iter,303,3,0,3,0,0,0
nltk.tokenize.punkt.demo,1591,2,2,0,2,0,0
nltk.tokenize.regexp.(global),0,2,2,0,2,0,0
nltk.tokenize.regexp.BlanklineTokenizer.__init__,175,2,1,1,1,0,0
nltk.tokenize.regexp.RegexpTokenizer.__init__,104,8,0,8,0,0,0
nltk.tokenize.regexp.RegexpTokenizer._check_regexp,115,3,1,2,1,0,0
nltk.tokenize.regexp.RegexpTokenizer.span_tokenize,138,2,2,0,2,0,0
nltk.tokenize.regexp.RegexpTokenizer.tokenize,125,4,1,3,1,0,0
nltk.tokenize.regexp.WhitespaceTokenizer.__init__,166,2,1,1,1,0,0
nltk.tokenize.regexp.WordPunctTokenizer.__init__,189,3,1,2,1,0,0
nltk.tokenize.regexp.regexp_tokenize,196,2,2,0,2,0,0
nltk.tokenize.sexpr.(global),0,1,1,0,1,0,0
nltk.tokenize.sexpr.SExprTokenizer.__init__,78,1,0,1,0,0,0
nltk.tokenize.simple.LineTokenizer.__init__,100,2,0,2,0,0,0
nltk.tokenize.simple.LineTokenizer.span_tokenize,119,2,2,0,2,0,0
nltk.tokenize.simple.line_tokenize,132,2,1,1,1,0,0
nltk.tokenize.stanford.StanfordTokenizer.__init__,39,3,2,1,2,0,0
nltk.tokenize.stanford.StanfordTokenizer._execute,66,4,3,1,3,0,0
nltk.tokenize.stanford.StanfordTokenizer._parse_tokenized_output,54,1,0,1,0,0,0
nltk.tokenize.stanford.StanfordTokenizer.tokenize,57,2,2,0,2,0,0
nltk.tokenize.stanford.setup_module,101,1,1,0,1,0,0
nltk.tokenize.texttiling.TextTilingTokenizer.__init__,57,1,0,1,0,0,0
nltk.tokenize.texttiling.TextTilingTokenizer._block_comparison,144,1,0,1,0,0,0
nltk.tokenize.texttiling.TextTilingTokenizer._create_token_table,219,2,1,1,1,0,0
nltk.tokenize.texttiling.TextTilingTokenizer._depth_scores,297,1,0,1,0,0,0
nltk.tokenize.texttiling.TextTilingTokenizer._divide_to_tokensequences,209,2,1,1,1,0,0
nltk.tokenize.texttiling.TextTilingTokenizer._identify_boundaries,270,2,1,1,1,0,0
nltk.tokenize.texttiling.TextTilingTokenizer._mark_paragraph_breaks,190,1,0,1,0,0,0
nltk.tokenize.texttiling.TextTilingTokenizer._normalize_boundaries,327,1,0,1,0,0,0
nltk.tokenize.texttiling.TextTilingTokenizer._smooth_scores,185,2,1,1,1,0,0
nltk.tokenize.texttiling.TextTilingTokenizer.tokenize,75,9,8,1,8,0,0
nltk.tokenize.texttiling.TokenSequence.__init__,375,1,0,1,0,0,0
nltk.tokenize.texttiling.TokenTableField.__init__,363,1,0,1,0,0,0
nltk.tokenize.texttiling.demo,436,2,2,0,2,0,0
nltk.tokenize.texttiling.smooth,384,1,0,1,0,0,0
nltk.tokenize.util.regexp_span_tokenize,43,2,0,2,0,0,0
nltk.tokenize.util.string_span_tokenize,10,2,0,2,0,0,0
nltk.toolbox.(global),0,1,1,0,1,0,0
nltk.toolbox.StandardFormat.__init__,26,1,1,0,1,0,0
nltk.toolbox.StandardFormat.close,128,2,1,1,1,1,1
nltk.toolbox.StandardFormat.fields,88,3,1,2,1,0,0
nltk.toolbox.StandardFormat.open,31,2,0,2,0,0,0
nltk.toolbox.StandardFormat.raw_fields,54,1,0,1,0,0,0
nltk.toolbox.ToolboxData._chunk_parse,232,3,2,1,2,0,2
nltk.toolbox.ToolboxData._record_parse,143,3,2,1,2,0,0
nltk.toolbox.ToolboxData._tree2etree,219,3,1,2,1,1,1
nltk.toolbox.ToolboxData.parse,137,3,2,1,2,0,2
nltk.toolbox.ToolboxSettings.__init__,317,1,0,1,0,0,0
nltk.toolbox.ToolboxSettings.parse,320,3,2,1,2,0,0
nltk.toolbox._sort_fields,423,3,1,2,1,1,1
nltk.toolbox._to_settings_string,359,3,1,2,1,1,1
nltk.toolbox.add_blank_lines,436,3,2,1,2,1,1
nltk.toolbox.add_default_fields,392,2,1,1,1,1,1
nltk.toolbox.demo,468,6,5,1,5,0,0
nltk.toolbox.remove_blanks,378,2,1,1,1,1,1
nltk.toolbox.sort_fields,407,2,2,0,2,0,0
nltk.toolbox.to_settings_string,353,2,1,1,1,0,0
nltk.toolbox.to_sfm_string,267,1,1,0,1,0,0
nltk.tree.AbstractParentedTree.__delitem__,967,3,2,1,2,0,0
nltk.tree.AbstractParentedTree.__delslice__,1105,1,1,0,1,0,0
nltk.tree.AbstractParentedTree.__getslice__,1103,1,1,0,1,0,0
nltk.tree.AbstractParentedTree.__init__,906,1,1,0,1,0,0
nltk.tree.AbstractParentedTree.__setitem__,1003,4,3,1,3,0,0
nltk.tree.AbstractParentedTree.__setslice__,1107,1,1,0,1,0,0
nltk.tree.AbstractParentedTree._delparent,947,4,0,4,0,0,0
nltk.tree.AbstractParentedTree._setparent,925,5,0,5,0,0,0
nltk.tree.AbstractParentedTree.append,1059,1,1,0,1,0,0
nltk.tree.AbstractParentedTree.extend,1064,1,1,0,1,0,0
nltk.tree.AbstractParentedTree.insert,1070,1,1,0,1,0,0
nltk.tree.AbstractParentedTree.pop,1081,1,1,0,1,0,0
nltk.tree.AbstractParentedTree.remove,1090,1,1,0,1,0,0
nltk.tree.ImmutableProbabilisticTree.__init__,1447,3,3,0,3,0,0
nltk.tree.ImmutableProbabilisticTree.__repr__,1454,2,2,0,2,0,0
nltk.tree.ImmutableProbabilisticTree.__str__,1456,1,1,0,1,0,0
nltk.tree.ImmutableProbabilisticTree.copy,1458,1,1,0,1,0,0
nltk.tree.ImmutableTree.__init__,830,1,0,1,0,0,0
nltk.tree.ImmutableTree.reverse,860,8,0,8,0,0,0
nltk.tree.ImmutableTree.sort,862,15,0,15,0,0,0
nltk.tree.MultiParentedTree.__init__,1246,1,1,0,1,0,0
nltk.tree.MultiParentedTree._get_parent_indices,1307,2,0,2,0,0,0
nltk.tree.MultiParentedTree._get_roots_helper,1323,3,1,2,1,1,1
nltk.tree.MultiParentedTree._setparent,1380,1,0,1,0,0,0
nltk.tree.MultiParentedTree.left_siblings,1279,1,1,0,1,0,0
nltk.tree.MultiParentedTree.right_siblings,1293,1,1,0,1,0,0
nltk.tree.MultiParentedTree.roots,1313,2,2,0,2,0,0
nltk.tree.ParentedTree.__init__,1127,1,1,0,1,0,0
nltk.tree.ParentedTree._setparent,1213,1,0,1,0,0,0
nltk.tree.ParentedTree.left_sibling,1164,1,1,0,1,0,0
nltk.tree.ParentedTree.parent,1147,1,0,1,0,0,0
nltk.tree.ParentedTree.parent_index,1151,3,0,3,0,0,0
nltk.tree.ParentedTree.right_sibling,1171,1,1,0,1,0,0
nltk.tree.ParentedTree.treeposition,1189,4,3,1,3,1,1
nltk.tree.ProbabilisticTree.__eq__,1430,1,1,0,1,0,0
nltk.tree.ProbabilisticTree.__init__,1406,4,2,2,2,0,0
nltk.tree.ProbabilisticTree.__lt__,1435,2,2,0,2,0,0
nltk.tree.ProbabilisticTree.__repr__,1412,2,2,0,2,0,0
nltk.tree.ProbabilisticTree.__str__,1414,2,2,0,2,0,0
nltk.tree.ProbabilisticTree.copy,1416,1,1,0,1,0,0
nltk.tree.Tree.__getitem__,149,1,0,1,0,0,0
nltk.tree.Tree.__init__,96,31,0,31,0,0,0
nltk.tree.Tree.__repr__,698,1,1,0,1,0,0
nltk.tree.Tree.__str__,735,1,1,0,1,0,0
nltk.tree.Tree._frozen_class,524,1,0,1,0,0,0
nltk.tree.Tree._parse_error,652,1,0,1,0,0,0
nltk.tree.Tree._pformat_flat,810,4,2,2,2,1,1
nltk.tree.Tree._repr_png_,702,7,7,0,7,0,0
nltk.tree.Tree.chomsky_normal_form,429,1,1,0,1,0,0
nltk.tree.Tree.collapse_unary,478,1,1,0,1,0,0
nltk.tree.Tree.convert,505,1,0,1,0,0,0
nltk.tree.Tree.copy,520,1,0,1,0,0,0
nltk.tree.Tree.draw,681,1,1,0,1,0,0
nltk.tree.Tree.flatten,252,3,3,0,3,0,0
nltk.tree.Tree.freeze,525,2,2,0,2,0,0
nltk.tree.Tree.fromstring,542,7,1,6,1,0,0
nltk.tree.Tree.label,204,3,0,3,0,0,0
nltk.tree.Tree.leaf_treeposition,384,1,0,1,0,0,0
nltk.tree.Tree.leaves,231,1,0,1,0,0,0
nltk.tree.Tree.pformat,750,6,2,4,2,0,0
nltk.tree.Tree.pformat_latex_qtree,787,2,1,1,1,0,0
nltk.tree.Tree.pprint,738,1,1,0,1,0,0
nltk.tree.Tree.pretty_print,688,1,1,0,1,0,0
nltk.tree.Tree.productions,341,3,3,0,3,0,0
nltk.tree.Tree.treeposition_spanning_leaves,407,1,1,0,1,0,0
nltk.tree.Tree.un_chomsky_normal_form,456,1,1,0,1,0,0
nltk.tree._child_names,1473,2,1,1,1,0,0
nltk.tree.demo,1528,2,2,0,2,0,0
nltk.tree.sinica_parse,1492,2,1,1,1,0,0
nltk.treeprettyprinter.(global),0,1,1,0,1,0,0
nltk.treeprettyprinter.TreePrettyPrinter.__init__,78,3,1,2,1,0,0
nltk.treeprettyprinter.TreePrettyPrinter.__str__,101,1,1,0,1,0,0
nltk.treeprettyprinter.TreePrettyPrinter.nodecoords,109,5,4,1,4,0,0
nltk.treeprettyprinter.TreePrettyPrinter.svg,450,2,2,0,2,0,0
nltk.treeprettyprinter.TreePrettyPrinter.text,307,3,1,2,1,0,0
nltk.treeprettyprinter.test,531,4,3,1,3,0,0
nltk.treetransforms.(global),0,1,1,0,1,0,0
nltk.treetransforms.chomsky_normal_form,113,2,1,1,1,0,0
nltk.treetransforms.collapse_unary,209,1,0,1,0,0,0
nltk.treetransforms.demo,254,2,1,1,1,0,0
nltk.treetransforms.un_chomsky_normal_form,167,2,1,1,1,0,0
nltk.util.AbstractLazySequence.__add__,639,1,1,0,1,0,0
nltk.util.AbstractLazySequence.__contains__,635,1,1,0,1,0,0
nltk.util.AbstractLazySequence.__getitem__,598,3,3,0,3,0,0
nltk.util.AbstractLazySequence.__iter__,616,1,1,0,1,0,0
nltk.util.AbstractLazySequence.__lt__,678,1,1,0,1,0,0
nltk.util.AbstractLazySequence.__mul__,647,1,1,0,1,0,0
nltk.util.AbstractLazySequence.__radd__,643,1,1,0,1,0,0
nltk.util.AbstractLazySequence.__rmul__,651,1,1,0,1,0,0
nltk.util.AbstractLazySequence.count,621,1,0,1,0,0,0
nltk.util.AbstractLazySequence.index,625,1,1,0,1,0,0
nltk.util.AbstractLazySequence.iterate_from,589,2,0,2,0,0,0
nltk.util.Index.__init__,134,1,0,1,0,0,0
nltk.util.LazyConcatenation.__init__,739,17,0,17,0,0,0
nltk.util.LazyConcatenation.__len__,743,1,1,0,1,0,0
nltk.util.LazyConcatenation.iterate_from,748,3,1,2,1,1,1
nltk.util.LazyEnumerate.__init__,981,1,1,0,1,0,0
nltk.util.LazyMap.__getitem__,876,3,3,0,3,0,0
nltk.util.LazyMap.__init__,812,16,0,16,0,0,0
nltk.util.LazyMap.iterate_from,835,4,1,3,1,1,1
nltk.util.LazySubsequence.__new__,705,2,0,2,0,0,0
nltk.util.LazySubsequence.iterate_from,726,2,1,1,1,1,1
nltk.util.LazyZip.__init__,934,2,1,1,1,0,0
nltk.util.LazyZip.iterate_from,941,1,1,0,1,0,0
nltk.util.OrderedDict.__getitem__,481,1,1,0,1,0,0
nltk.util.OrderedDict.__init__,469,5,1,4,1,0,0
nltk.util.OrderedDict.__iter__,487,1,1,0,1,0,0
nltk.util.OrderedDict.__missing__,490,1,0,1,0,0,0
nltk.util.OrderedDict.clear,500,2,1,1,1,1,1
nltk.util.OrderedDict.items,509,95,2,93,2,0,0
nltk.util.OrderedDict.keys,513,65,1,64,1,1,1
nltk.util.OrderedDict.popitem,532,1,0,1,0,0,0
nltk.util.OrderedDict.setdefault,541,30,1,29,1,1,1
nltk.util.OrderedDict.update,546,1,1,0,1,0,0
nltk.util.OrderedDict.values,552,68,0,68,0,0,0
nltk.util.bigrams,426,1,1,0,1,0,0
nltk.util.binary_search_file,994,5,3,2,3,0,0
nltk.util.breadth_first,181,1,0,1,0,0,0
nltk.util.elementtree_indent,1108,2,1,1,1,1,1
nltk.util.flatten,355,4,1,3,1,1,1
nltk.util.in_idle,60,11,0,11,0,0,0
nltk.util.invert_graph,324,2,1,1,1,0,0
nltk.util.ngrams,383,6,0,6,0,0,0
nltk.util.py25,120,1,0,1,0,0,0
nltk.util.py26,122,1,0,1,0,0,0
nltk.util.tokenwrap,102,4,0,4,0,0,0
nltk.util.transitive_closure,290,2,1,1,1,0,0
nltk.util.trigrams,445,1,1,0,1,0,0
nltk.util.unique_list,265,2,0,2,0,0,0
nltk.util.usage,33,1,1,0,1,0,0
nltk.wsd.lesk,13,1,1,0,1,0,0
