full_name,label,degree,neighbors_count,in_degree,out_degree,self_loops,max_call_circles
r2.__init__.make_app,39,1,1,0,1,0,0
r2.commands.RunCommand.command,49,1,1,0,1,0,0
r2.config.environment.load_environment,44,11,10,1,10,0,0
r2.config.extensions.(global),0,1,1,0,1,0,0
r2.config.extensions.api_type,25,4,0,4,0,0,0
r2.config.extensions.get_api_subtype,31,4,1,3,1,0,0
r2.config.extensions.is_api,28,19,1,18,1,0,0
r2.config.extensions.set_extension,55,6,0,6,0,0,0
r2.config.feature.feature.(global),0,1,1,0,1,0,0
r2.config.feature.feature._get_featurestate,121,3,1,2,1,0,0
r2.config.feature.feature.all_enabled,76,5,4,1,4,0,0
r2.config.feature.feature.is_enabled,33,6,6,0,6,0,0
r2.config.feature.feature.variant,60,3,3,0,3,0,0
r2.config.feature.state.FeatureState.__init__,54,3,1,2,1,0,0
r2.config.feature.state.FeatureState._calculate_bucket,115,4,0,4,0,0,0
r2.config.feature.state.FeatureState._choose_variant,130,4,1,3,1,0,0
r2.config.feature.state.FeatureState._get_page_experiment_variant,459,5,3,2,3,0,0
r2.config.feature.state.FeatureState._get_user_experiment_variant,420,6,4,2,4,0,0
r2.config.feature.state.FeatureState._is_config_enabled,253,8,7,1,7,0,0
r2.config.feature.state.FeatureState._is_experiment_enabled,335,10,9,1,9,0,0
r2.config.feature.state.FeatureState._is_percent_enabled,312,4,3,1,3,0,0
r2.config.feature.state.FeatureState._is_variant_enabled,211,2,0,2,0,0,0
r2.config.feature.state.FeatureState._parse_config,59,2,1,1,1,0,0
r2.config.feature.state.FeatureState.get_all,92,3,2,1,2,0,0
r2.config.feature.state.FeatureState.get_content_id,439,2,0,2,0,0,0
r2.config.feature.state.FeatureState.is_enabled,223,5,3,2,3,0,0
r2.config.feature.state.FeatureState.is_page_experiment,112,2,0,2,0,0,0
r2.config.feature.state.FeatureState.is_user_experiment,108,4,1,3,1,0,0
r2.config.feature.state.FeatureState.variant,397,6,4,2,4,0,0
r2.config.feature.world.World.current_loid,77,4,1,3,1,0,0
r2.config.feature.world.World.current_loid_obj,74,3,1,2,1,0,0
r2.config.feature.world.World.current_oauth_client,70,2,1,1,1,0,0
r2.config.feature.world.World.current_subdomain,67,2,1,1,1,0,0
r2.config.feature.world.World.current_subreddit,58,2,1,1,1,0,0
r2.config.feature.world.World.current_user,54,4,1,3,1,0,0
r2.config.feature.world.World.has_gold,99,1,0,1,0,0,0
r2.config.feature.world.World.is_admin,83,2,1,1,1,0,0
r2.config.feature.world.World.is_employee,89,1,0,1,0,0,0
r2.config.feature.world.World.is_user_loggedin,105,5,1,4,1,0,0
r2.config.feature.world.World.live_config,113,2,1,1,1,0,0
r2.config.feature.world.World.live_config_iteritems,117,3,2,1,2,0,0
r2.config.feature.world.World.simple_event,121,1,1,0,1,0,0
r2.config.feature.world.World.stacked_proxy_safe_get,35,9,0,9,0,0,0
r2.config.feature.world.World.url_features,110,2,0,2,0,0,0
r2.config.feature.world.World.user_has_beta_enabled,94,1,0,1,0,0,0
r2.config.middleware.CleanupMiddleware.__init__,391,1,0,1,0,0,0
r2.config.middleware.DomainListingMiddleware.__init__,247,1,0,1,0,0,0
r2.config.middleware.DomainMiddleware.__call__,159,4,4,0,4,0,0
r2.config.middleware.DomainMiddleware.__init__,155,1,0,1,0,0,0
r2.config.middleware.ErrorDocuments,120,1,0,1,0,0,0
r2.config.middleware.ExtensionMiddleware.__call__,267,1,1,0,1,0,0
r2.config.middleware.ExtensionMiddleware.__init__,264,1,0,1,0,0,0
r2.config.middleware.FullPathMiddleware.__init__,292,1,0,1,0,0,0
r2.config.middleware.LimitUploadSize.__call__,339,1,1,0,1,0,0
r2.config.middleware.LimitUploadSize.__init__,335,1,0,1,0,0,0
r2.config.middleware.ProfilingMiddleware.__init__,132,1,0,1,0,0,0
r2.config.middleware.RedditApp.__init__,432,1,0,1,0,0,0
r2.config.middleware.RedditApp._check_csrf_prevention,449,1,0,1,0,0,0
r2.config.middleware.RedditApp.find_controller,479,1,1,0,1,0,0
r2.config.middleware.RedditApp.load_controllers,461,4,2,2,2,1,1
r2.config.middleware.RedditApp.register_hooks,472,1,0,1,0,0,0
r2.config.middleware.RedditApp.setup_app_env,438,2,2,0,2,0,0
r2.config.middleware.SafetyMiddleware.__init__,414,1,0,1,0,0,0
r2.config.middleware.StaticTestMiddleware.__init__,303,1,0,1,0,0,0
r2.config.middleware.SubredditMiddleware.__init__,234,1,0,1,0,0,0
r2.config.middleware._wsgi_json,315,1,0,1,0,0,0
r2.config.middleware.make_app,487,14,13,1,13,0,0
r2.config.paths.get_built_statics_path,34,7,2,5,2,0,0
r2.config.paths.get_r2_path,26,3,0,3,0,0,0
r2.config.paths.get_raw_statics_path,40,3,2,1,2,0,0
r2.config.queues.MessageQueue.__init__,57,1,0,1,0,0,0
r2.config.queues.MessageQueue.__lshift__,67,1,1,0,1,0,0
r2.config.queues.MessageQueue._bind,64,3,0,3,0,0,0
r2.config.queues.Queues.__init__,31,2,1,1,1,0,0
r2.config.queues.Queues.__iter__,37,1,1,0,1,0,0
r2.config.queues.Queues.declare,42,4,2,2,2,0,0
r2.config.queues.declare_queues,74,3,3,0,3,0,0
r2.config.routing.make_map,46,4,3,1,3,0,0
r2.config.routing.partial_connect,37,1,0,1,0,0,0
r2.config.templates.(global),0,2,2,0,2,0,0
r2.config.templates.api,28,2,1,1,1,0,0
r2.config.templates.register_api_templates,34,2,1,1,1,0,0
r2.controllers.__init__.get_controller,26,1,0,1,0,0,0
r2.controllers.__init__.load_controllers,41,1,1,0,1,0,0
r2.controllers.admin.AdminToolController.GET_creddits,32,2,2,0,2,0,0
r2.controllers.admin.AdminToolController.GET_gold,39,2,2,0,2,0,0
r2.controllers.api.ApiController.GET_expando,4614,5,4,1,4,0,0
r2.controllers.api.ApiController.GET_flairlist,4165,3,3,0,3,0,0
r2.controllers.api.ApiController.GET_gadget,4568,4,4,0,4,0,0
r2.controllers.api.ApiController.GET_info,185,4,3,1,3,0,2
r2.controllers.api.ApiController.GET_me,231,1,1,0,1,0,0
r2.controllers.api.ApiController.GET_morechildren,3542,8,7,1,7,0,0
r2.controllers.api.ApiController.GET_report_form,5215,4,4,0,4,0,0
r2.controllers.api.ApiController.GET_saved_categories,3323,2,2,0,2,0,0
r2.controllers.api.ApiController.GET_submit_text,413,1,1,0,1,0,0
r2.controllers.api.ApiController.GET_subreddit_recommendations,5055,1,1,0,1,0,0
r2.controllers.api.ApiController.GET_subreddits_by_topic,4730,2,2,0,2,0,0
r2.controllers.api.ApiController.GET_url_info,210,4,3,1,3,0,2
r2.controllers.api.ApiController.OPTIONS_request_promo,5002,1,0,1,0,0,0
r2.controllers.api.ApiController.POST_accept_moderator_invite,1217,2,2,0,2,0,0
r2.controllers.api.ApiController.POST_add_admin_note,5118,2,2,0,2,0,0
r2.controllers.api.ApiController.POST_add_subreddit_rule,5136,5,5,0,5,0,0
r2.controllers.api.ApiController.POST_adddeveloper,4862,7,7,0,7,0,0
r2.controllers.api.ApiController.POST_adminon,4644,4,4,0,4,0,0
r2.controllers.api.ApiController.POST_approve,3098,2,2,0,2,0,0
r2.controllers.api.ApiController.POST_block,1801,2,2,0,2,0,0
r2.controllers.api.ApiController.POST_claimgold,3623,5,5,0,5,0,0
r2.controllers.api.ApiController.POST_clear_sessions,1246,3,3,0,3,0,0
r2.controllers.api.ApiController.POST_clearflairtemplates,4278,2,2,0,2,0,0
r2.controllers.api.ApiController.POST_collapse_message,3404,1,1,0,1,0,0
r2.controllers.api.ApiController.POST_comment,2043,8,8,0,8,0,0
r2.controllers.api.ApiController.POST_compose,349,6,6,0,6,0,0
r2.controllers.api.ApiController.POST_deactivate_user,1373,1,1,0,1,0,0
r2.controllers.api.ApiController.POST_del,1403,3,3,0,3,0,0
r2.controllers.api.ApiController.POST_delete_sr_banner,2542,1,1,0,1,0,0
r2.controllers.api.ApiController.POST_delete_sr_header,2482,2,2,0,2,0,0
r2.controllers.api.ApiController.POST_delete_sr_icon,2515,1,1,0,1,0,0
r2.controllers.api.ApiController.POST_delete_sr_img,2448,1,1,0,1,0,0
r2.controllers.api.ApiController.POST_deleteflair,4015,1,1,0,1,0,0
r2.controllers.api.ApiController.POST_deleteflairtemplate,4257,3,3,0,3,0,0
r2.controllers.api.ApiController.POST_disable_otp,4714,1,1,0,1,0,0
r2.controllers.api.ApiController.POST_distinguish,3197,9,9,0,9,0,0
r2.controllers.api.ApiController.POST_edit_error,3882,1,1,0,1,0,0
r2.controllers.api.ApiController.POST_editaward,3908,1,1,0,1,0,0
r2.controllers.api.ApiController.POST_editusertext,1957,6,6,0,6,0,0
r2.controllers.api.ApiController.POST_enable_otp,4683,2,2,0,2,0,0
r2.controllers.api.ApiController.POST_expando,4632,1,1,0,1,0,0
r2.controllers.api.ApiController.POST_fetch_title,589,4,4,0,4,0,0
r2.controllers.api.ApiController.POST_flair,3962,5,5,0,5,0,0
r2.controllers.api.ApiController.POST_flairconfig,4130,1,1,0,1,0,0
r2.controllers.api.ApiController.POST_flaircsv,4037,7,7,0,7,0,0
r2.controllers.api.ApiController.POST_flairselector,4292,4,4,0,4,0,0
r2.controllers.api.ApiController.POST_flairtemplate,4186,3,3,0,3,0,0
r2.controllers.api.ApiController.POST_friend,928,23,23,0,23,0,0
r2.controllers.api.ApiController.POST_friendnote,1183,1,1,0,1,0,0
r2.controllers.api.ApiController.POST_generate_otp_secret,4667,1,1,0,1,0,0
r2.controllers.api.ApiController.POST_generate_payment_blob,4950,3,3,0,3,0,0
r2.controllers.api.ApiController.POST_givecreddits,4506,2,2,0,2,0,0
r2.controllers.api.ApiController.POST_givegold,4525,2,2,0,2,0,0
r2.controllers.api.ApiController.POST_givetrophy,4461,2,2,0,2,0,0
r2.controllers.api.ApiController.POST_hide,3474,1,1,0,1,0,0
r2.controllers.api.ApiController.POST_leavecontributor,695,1,1,0,1,0,0
r2.controllers.api.ApiController.POST_leavemoderator,679,1,1,0,1,0,0
r2.controllers.api.ApiController.POST_lock,1449,1,1,0,1,0,0
r2.controllers.api.ApiController.POST_login,626,1,1,0,1,0,0
r2.controllers.api.ApiController.POST_modify_payment_blob,4990,2,2,0,2,0,0
r2.controllers.api.ApiController.POST_morechildren,3616,1,1,0,1,0,0
r2.controllers.api.ApiController.POST_moremessages,3507,6,6,0,6,0,0
r2.controllers.api.ApiController.POST_mute_message_author,1880,7,7,0,7,0,0
r2.controllers.api.ApiController.POST_newsletter,312,1,1,0,1,0,0
r2.controllers.api.ApiController.POST_password,3680,1,1,0,1,0,0
r2.controllers.api.ApiController.POST_quarantine,3807,6,6,0,6,0,0
r2.controllers.api.ApiController.POST_quarantine_optin,3864,2,2,0,2,0,0
r2.controllers.api.ApiController.POST_quarantine_optout,3848,2,2,0,2,0,0
r2.controllers.api.ApiController.POST_read_all_messages,3457,1,1,0,1,0,0
r2.controllers.api.ApiController.POST_read_message,3443,1,1,0,1,0,0
r2.controllers.api.ApiController.POST_rec_feedback,5076,2,2,0,2,0,0
r2.controllers.api.ApiController.POST_register,655,1,1,0,1,0,0
r2.controllers.api.ApiController.POST_relnote,1195,1,1,0,1,0,0
r2.controllers.api.ApiController.POST_remove,3037,4,4,0,4,0,0
r2.controllers.api.ApiController.POST_remove_subreddit_rule,5200,3,3,0,3,0,0
r2.controllers.api.ApiController.POST_removedeveloper,4897,2,2,0,2,0,0
r2.controllers.api.ApiController.POST_removetrophy,4484,3,3,0,3,0,0
r2.controllers.api.ApiController.POST_report,1683,7,7,0,7,0,0
r2.controllers.api.ApiController.POST_request_promo,5015,4,4,0,4,0,0
r2.controllers.api.ApiController.POST_rescrape,1563,1,1,0,1,0,0
r2.controllers.api.ApiController.POST_resetpassword,3716,5,5,0,5,0,0
r2.controllers.api.ApiController.POST_save,3345,1,1,0,1,0,0
r2.controllers.api.ApiController.POST_search_reddit_names,4587,2,2,0,2,0,0
r2.controllers.api.ApiController.POST_selectflair,4338,8,8,0,8,0,0
r2.controllers.api.ApiController.POST_server_seconds_visibility,5091,1,1,0,1,0,0
r2.controllers.api.ApiController.POST_set_contest_mode,1611,1,1,0,1,0,0
r2.controllers.api.ApiController.POST_set_sr_style_enabled,4428,1,1,0,1,0,0
r2.controllers.api.ApiController.POST_set_subreddit_sticky,1638,5,5,0,5,0,0
r2.controllers.api.ApiController.POST_set_suggested_sort,1585,1,1,0,1,0,0
r2.controllers.api.ApiController.POST_setappicon,4923,2,2,0,2,0,0
r2.controllers.api.ApiController.POST_setflairenabled,4111,1,1,0,1,0,0
r2.controllers.api.ApiController.POST_setpermissions,872,2,2,0,2,0,0
r2.controllers.api.ApiController.POST_share,2197,8,8,0,8,0,0
r2.controllers.api.ApiController.POST_site_admin,2749,16,16,0,16,0,0
r2.controllers.api.ApiController.POST_store_visits,5104,1,1,0,1,0,0
r2.controllers.api.ApiController.POST_submit,449,14,14,0,14,0,0
r2.controllers.api.ApiController.POST_subreddit_stylesheet,2360,6,6,0,6,0,0
r2.controllers.api.ApiController.POST_subscribe,3766,5,5,0,5,0,0
r2.controllers.api.ApiController.POST_unblock_subreddit,1860,1,1,0,1,0,0
r2.controllers.api.ApiController.POST_uncollapse_message,3416,1,1,0,1,0,0
r2.controllers.api.ApiController.POST_unfriend,755,8,8,0,8,0,0
r2.controllers.api.ApiController.POST_unhide,3492,1,1,0,1,0,0
r2.controllers.api.ApiController.POST_unlock,1472,1,1,0,1,0,0
r2.controllers.api.ApiController.POST_unmarknsfw,1516,1,1,0,1,0,0
r2.controllers.api.ApiController.POST_unmute_message_author,1926,3,3,0,3,0,0
r2.controllers.api.ApiController.POST_unread_message,3429,1,1,0,1,0,0
r2.controllers.api.ApiController.POST_unsave,3371,1,1,0,1,0,0
r2.controllers.api.ApiController.POST_update_email,1286,3,3,0,3,0,0
r2.controllers.api.ApiController.POST_update_password,1337,5,5,0,5,0,0
r2.controllers.api.ApiController.POST_update_subreddit_rule,5166,5,5,0,5,0,0
r2.controllers.api.ApiController.POST_updateapp,4794,7,7,0,7,0,0
r2.controllers.api.ApiController.POST_upload_sr_img,2585,3,3,0,3,0,0
r2.controllers.api.ApiController.POST_use_global_defaults,5245,1,1,0,1,0,0
r2.controllers.api.ApiController.POST_vote,2301,4,4,0,4,0,0
r2.controllers.api.ApiController._login,605,4,4,0,4,0,0
r2.controllers.api.ApiController.ajax_login_redirect,176,2,2,0,2,0,0
r2.controllers.api.ApiController.check_api_friend_oauth_scope,734,3,1,2,1,0,0
r2.controllers.api.ApiController.collapse_handler,3384,2,0,2,0,0,0
r2.controllers.api.ApiController.revoke_sessions,1273,3,1,2,1,0,0
r2.controllers.api.ApiController.revoke_sessions_and_login,1264,3,3,0,3,0,0
r2.controllers.api.ApiminimalController.POST_new_captcha,155,2,2,0,2,0,0
r2.controllers.api_docs.ApidocsController.GET_docs,189,5,5,0,5,0,0
r2.controllers.api_docs.ApidocsController.docs_from_controller,104,4,3,1,3,0,0
r2.controllers.apiv1.gold.APIv1GoldController.POST_gild,86,3,3,0,3,0,0
r2.controllers.apiv1.gold.APIv1GoldController.POST_give,113,1,1,0,1,0,0
r2.controllers.apiv1.gold.APIv1GoldController._gift_using_creddits,45,6,4,2,4,0,0
r2.controllers.apiv1.login.APIv1LoginController.POST_login,71,1,1,0,1,0,0
r2.controllers.apiv1.login.APIv1LoginController.POST_register,55,1,1,0,1,0,0
r2.controllers.apiv1.login.APIv1LoginController._login,80,4,4,0,4,0,0
r2.controllers.apiv1.login.APIv1LoginController.pre,42,1,1,0,1,0,0
r2.controllers.apiv1.scopes.APIv1ScopesController.GET_scopes,40,5,5,0,5,0,0
r2.controllers.apiv1.user.APIv1UserController.GET_friends,197,1,1,0,1,0,0
r2.controllers.apiv1.user.APIv1UserController.GET_karma,114,2,2,0,2,0,0
r2.controllers.apiv1.user.APIv1UserController.GET_me,62,1,1,0,1,0,0
r2.controllers.apiv1.user.APIv1UserController.GET_prefs,77,2,2,0,2,0,0
r2.controllers.apiv1.user.APIv1UserController.GET_trophies,102,2,2,0,2,0,0
r2.controllers.apiv1.user.APIv1UserController.GET_usertrophies,90,2,2,0,2,0,0
r2.controllers.apiv1.user.APIv1UserController.PATCH_prefs,130,3,3,0,3,0,0
r2.controllers.apiv1.user.APIv1UserController.PUT_friends,154,2,2,0,2,0,0
r2.controllers.awards.AwardsController.GET_give,44,3,3,0,3,0,0
r2.controllers.awards.AwardsController.GET_index,33,2,2,0,2,0,0
r2.controllers.awards.AwardsController.GET_winners,55,3,3,0,3,0,0
r2.controllers.buttons.ButtonsController.GET_button_demo_page,104,2,2,0,2,0,0
r2.controllers.buttons.ButtonsController.GET_button_embed,70,2,2,0,2,0,0
r2.controllers.buttons.ButtonsController.GET_button_lite,82,2,2,0,2,0,0
r2.controllers.buttons.ButtonsController.GET_widget_demo_page,112,1,1,0,1,0,0
r2.controllers.buttons.ButtonsController.get_wrapped_link,34,4,3,1,3,0,0
r2.controllers.captcha.CaptchaController.GET_captchaimg,34,1,1,0,1,0,0
r2.controllers.embed.EmbedController.GET_blog,89,2,2,0,2,0,0
r2.controllers.embed.EmbedController.GET_faq,93,2,2,0,2,0,0
r2.controllers.embed.EmbedController.rendercontent,59,2,1,1,1,0,0
r2.controllers.embed.EmbedController.renderurl,76,4,3,1,3,0,0
r2.controllers.embed.renderurl_cached,41,2,1,1,1,0,0
r2.controllers.error.ErrorController.GET_document,189,14,14,0,14,0,0
r2.controllers.error.ErrorController.__after__,129,1,1,0,1,0,0
r2.controllers.error.ErrorController.__before__,113,2,2,0,2,0,0
r2.controllers.error.ErrorController.__call__,135,1,1,0,1,0,0
r2.controllers.error.ErrorController.send400,142,1,0,1,0,0,0
r2.controllers.error.ErrorController.send403,152,1,0,1,0,0,0
r2.controllers.error.ErrorController.send404,163,1,0,1,0,0,0
r2.controllers.error.ErrorController.send429,169,2,1,1,1,0,0
r2.controllers.error.ErrorController.send503,183,1,0,1,0,0,0
r2.controllers.error.handle_awful_failure,271,6,2,4,2,0,0
r2.controllers.error.make_failien_url,88,3,1,2,1,0,0
r2.controllers.front.FormsController.GET_adminoff,1771,3,3,0,3,0,0
r2.controllers.front.FormsController.GET_adminon,1759,2,2,0,2,0,0
r2.controllers.front.FormsController.GET_claim,1812,2,2,0,2,0,0
r2.controllers.front.FormsController.GET_creddits,1999,1,1,0,1,0,0
r2.controllers.front.FormsController.GET_creditgild,1818,3,3,0,3,0,0
r2.controllers.front.FormsController.GET_gold,1884,7,7,0,7,0,0
r2.controllers.front.FormsController.GET_login,1724,2,2,0,2,0,0
r2.controllers.front.FormsController.GET_logout,1746,1,1,0,1,0,0
r2.controllers.front.FormsController.GET_optin,1798,1,1,0,1,0,0
r2.controllers.front.FormsController.GET_optout,1790,1,1,0,1,0,0
r2.controllers.front.FormsController.GET_password,1587,2,2,0,2,0,0
r2.controllers.front.FormsController.GET_prefs,1691,9,9,0,9,0,0
r2.controllers.front.FormsController.GET_register,1737,1,1,0,1,0,0
r2.controllers.front.FormsController.GET_resetpassword,1642,2,2,0,2,0,0
r2.controllers.front.FormsController.GET_subscription,2007,2,2,0,2,0,0
r2.controllers.front.FormsController.GET_try_compact,1806,1,1,0,1,0,0
r2.controllers.front.FormsController.GET_unsubscribe_emails,1669,5,5,0,5,0,0
r2.controllers.front.FormsController.GET_verify,1594,5,5,0,5,0,0
r2.controllers.front.FormsController.GET_verify_email,1614,7,7,0,7,0,0
r2.controllers.front.FormsController.POST_logout,1752,2,2,0,2,0,0
r2.controllers.front.FormsController._render_opt_in_out,1778,5,3,2,3,0,0
r2.controllers.front.FrontController.GET_about,934,3,3,0,3,0,0
r2.controllers.front.FrontController.GET_account_activity,1472,1,1,0,1,0,0
r2.controllers.front.FrontController.GET_awards,1010,2,2,0,2,0,0
r2.controllers.front.FrontController.GET_catchall,1428,1,1,0,1,0,0
r2.controllers.front.FrontController.GET_comment_by_id,1350,1,1,0,1,0,0
r2.controllers.front.FrontController.GET_comments,231,30,30,0,30,0,0
r2.controllers.front.FrontController.GET_confirm_award_claim,1521,3,3,0,3,0,0
r2.controllers.front.FrontController.GET_contact_us,1475,1,1,0,1,0,0
r2.controllers.front.FrontController.GET_details,165,4,4,0,4,0,0
r2.controllers.front.FrontController.GET_duplicates,1032,6,6,0,6,0,0
r2.controllers.front.FrontController.GET_editreddit,916,2,2,0,2,0,0
r2.controllers.front.FrontController.GET_explore,193,3,3,0,3,0,0
r2.controllers.front.FrontController.GET_flairlisting,898,2,2,0,2,0,0
r2.controllers.front.FrontController.GET_gilding,1554,1,1,0,1,0,0
r2.controllers.front.FrontController.GET_goldthanks,1484,2,2,0,2,0,0
r2.controllers.front.FrontController.GET_link_id_redirect,77,5,5,0,5,0,0
r2.controllers.front.FrontController.GET_moderationlog,615,8,8,0,8,0,0
r2.controllers.front.FrontController.GET_newreddit,558,3,3,0,3,0,0
r2.controllers.front.FrontController.GET_oldinfo,96,4,4,0,4,0,0
r2.controllers.front.FrontController.GET_random,127,3,3,0,3,0,0
r2.controllers.front.FrontController.GET_received_award,1550,1,1,0,1,0,0
r2.controllers.front.FrontController.GET_related,1017,3,3,0,3,0,0
r2.controllers.front.FrontController.GET_rules,962,3,3,0,3,0,0
r2.controllers.front.FrontController.GET_search,1122,11,11,0,11,0,0
r2.controllers.front.FrontController.GET_search_reddits,1059,5,5,0,5,0,0
r2.controllers.front.FrontController.GET_shirt,206,3,3,0,3,0,0
r2.controllers.front.FrontController.GET_sidebar,955,2,2,0,2,0,0
r2.controllers.front.FrontController.GET_spamlisting,847,7,7,0,7,0,0
r2.controllers.front.FrontController.GET_sticky,992,2,2,0,2,0,0
r2.controllers.front.FrontController.GET_stylesheet,572,3,3,0,3,0,0
r2.controllers.front.FrontController.GET_submit,1358,11,11,0,11,0,0
r2.controllers.front.FrontController.GET_traffic,1437,2,2,0,2,0,0
r2.controllers.front.FrontController.POST_claim_award,1534,4,4,0,4,0,0
r2.controllers.front.FrontController._add_show_comments_link,538,1,0,1,0,0,0
r2.controllers.front.FrontController._edit_normal_reddit,791,11,10,1,10,0,0
r2.controllers.front.FrontController._legacy_search_builder_wrapper,1304,2,1,1,1,0,0
r2.controllers.front.FrontController._make_moderationlog,595,3,2,1,2,0,0
r2.controllers.front.FrontController._make_spamlisting,703,3,2,1,2,0,0
r2.controllers.front.FrontController._modify_hsts_grant,1564,6,6,0,6,0,0
r2.controllers.front.FrontController._search,1313,9,7,2,7,0,0
r2.controllers.front.FrontController._search_builder_wrapper,1287,1,0,1,0,0,0
r2.controllers.googletagmanager.GoogleTagManagerController.pre,39,2,2,0,2,0,0
r2.controllers.health.HealthController.GET_health,42,1,1,0,1,0,0
r2.controllers.ipn.CoinbaseController.process_response,1198,2,2,0,2,0,0
r2.controllers.ipn.GoldPaymentController.POST_goldwebhook,691,4,4,0,4,0,0
r2.controllers.ipn.GoldPaymentController.complete_gold_purchase,791,12,11,1,11,0,0
r2.controllers.ipn.GoldPaymentController.process_response,714,1,0,1,0,0,0
r2.controllers.ipn.GoldPaymentController.process_webhook,718,7,6,1,6,0,0
r2.controllers.ipn.GoldPaymentController.validate_secret,707,3,2,1,2,0,0
r2.controllers.ipn.IpnController.POST_ipn,461,12,12,0,12,0,0
r2.controllers.ipn.IpnController.POST_spendcreddits,369,8,8,0,8,0,0
r2.controllers.ipn.IpnController.finish,532,11,9,2,9,0,0
r2.controllers.ipn.RedditGiftsController.process_response,1240,2,2,0,2,0,0
r2.controllers.ipn.StripeController.POST_cancel_subscription,1176,3,3,0,3,0,0
r2.controllers.ipn.StripeController.POST_goldcharge,1092,9,9,0,9,0,0
r2.controllers.ipn.StripeController.POST_modify_subscription,1166,2,2,0,2,0,0
r2.controllers.ipn.StripeController.cancel_subscription,1072,3,2,1,2,0,0
r2.controllers.ipn.StripeController.charge_customer,1043,1,0,1,0,0,0
r2.controllers.ipn.StripeController.create_customer,1025,2,1,1,1,0,0
r2.controllers.ipn.StripeController.process_response,935,6,6,0,6,0,0
r2.controllers.ipn.StripeController.set_creditcard,1055,2,1,1,1,0,0
r2.controllers.ipn.StripeController.set_subscription,1066,1,0,1,0,0,0
r2.controllers.ipn.Webhook.__init__,649,3,0,3,0,0,0
r2.controllers.ipn.Webhook.load_blob,668,2,1,1,1,0,0
r2.controllers.ipn.cancel_stripe_subscription,1383,3,0,3,0,0,0
r2.controllers.ipn.check_payment_status,135,1,0,1,0,0,0
r2.controllers.ipn.check_txn_type,160,1,0,1,0,0,0
r2.controllers.ipn.days_from_months,1322,1,0,1,0,0,0
r2.controllers.ipn.dump_parameters,131,3,1,2,1,0,0
r2.controllers.ipn.existing_subscription,187,4,3,1,3,0,0
r2.controllers.ipn.generate_blob,88,3,1,2,1,0,0
r2.controllers.ipn.get_blob,97,2,0,2,0,0,0
r2.controllers.ipn.handle_stripe_error,877,1,1,0,1,0,0
r2.controllers.ipn.has_blob,124,1,0,1,0,0,0
r2.controllers.ipn.months_and_days_from_pennies,227,5,1,4,1,0,0
r2.controllers.ipn.reverse_gold_purchase,1343,8,7,1,7,0,0
r2.controllers.ipn.send_gift,244,10,6,4,6,0,0
r2.controllers.ipn.send_gold_code,324,7,4,3,4,0,0
r2.controllers.ipn.subscr_pm,1391,3,0,3,0,0,0
r2.controllers.ipn.subtract_gold_creddits,1339,1,0,1,0,0,0
r2.controllers.ipn.subtract_gold_days,1332,1,0,1,0,0,0
r2.controllers.ipn.update_blob,111,2,1,1,1,0,0
r2.controllers.ipn.validate_blob,1269,4,1,3,1,0,0
r2.controllers.listingcontroller.AdsController.GET_listing,706,2,2,0,2,0,0
r2.controllers.listingcontroller.AdsController.listing,702,1,1,0,1,0,0
r2.controllers.listingcontroller.AdsController.query,696,1,1,0,1,0,0
r2.controllers.listingcontroller.BrowseController.GET_listing,655,2,2,0,2,0,0
r2.controllers.listingcontroller.BrowseController.POST_listing,645,2,2,0,2,0,0
r2.controllers.listingcontroller.BrowseController.keep_fn,622,2,2,0,2,0,0
r2.controllers.listingcontroller.ByIDController.GET_listing,745,2,2,0,2,0,0
r2.controllers.listingcontroller.CommentsController.GET_listing,1731,1,1,0,1,0,0
r2.controllers.listingcontroller.GildedController.GET_listing,2045,2,2,0,2,0,0
r2.controllers.listingcontroller.GildedController.infotext,2014,1,1,0,1,0,0
r2.controllers.listingcontroller.GildedController.query,2038,1,1,0,1,0,0
r2.controllers.listingcontroller.HotController.GET_listing,571,1,1,0,1,0,0
r2.controllers.listingcontroller.HotController.content,537,4,4,0,4,0,0
r2.controllers.listingcontroller.HotController.query,489,3,3,0,3,0,0
r2.controllers.listingcontroller.HotController.trending_info,521,1,0,1,0,0,0
r2.controllers.listingcontroller.ListingController.GET_listing,255,15,2,13,2,0,0
r2.controllers.listingcontroller.ListingController.build_listing,123,11,7,4,7,0,0
r2.controllers.listingcontroller.ListingController.builder,168,4,2,2,2,0,0
r2.controllers.listingcontroller.ListingController.can_send_referrer,117,1,0,1,0,0,0
r2.controllers.listingcontroller.ListingController.content,160,1,0,1,0,0,0
r2.controllers.listingcontroller.ListingController.keep_fn,197,4,0,4,0,0,0
r2.controllers.listingcontroller.ListingController.listing,221,7,4,3,4,0,0
r2.controllers.listingcontroller.ListingController.prewrap_fn,218,3,0,3,0,0,0
r2.controllers.listingcontroller.ListingController.query,164,1,0,1,0,0,0
r2.controllers.listingcontroller.ListingController.title,243,1,0,1,0,0,0
r2.controllers.listingcontroller.ListingWithPromos.content,454,4,4,0,4,0,0
r2.controllers.listingcontroller.ListingWithPromos.make_requested_ad,379,5,4,1,4,0,0
r2.controllers.listingcontroller.ListingWithPromos.make_single_ad,396,3,2,1,2,0,0
r2.controllers.listingcontroller.ListingWithPromos.make_spotlight,402,5,4,1,4,0,0
r2.controllers.listingcontroller.MessageController.GET_compose,1410,9,9,0,9,0,0
r2.controllers.listingcontroller.MessageController.GET_listing,1359,5,5,0,5,0,0
r2.controllers.listingcontroller.MessageController._verify_inbox_count,1249,1,0,1,0,0,0
r2.controllers.listingcontroller.MessageController.builder,1188,3,3,0,3,0,0
r2.controllers.listingcontroller.MessageController.keep_fn,1131,2,1,1,1,0,0
r2.controllers.listingcontroller.MessageController.listing,1270,3,3,0,3,0,0
r2.controllers.listingcontroller.MessageController.menus,1107,2,2,0,2,0,0
r2.controllers.listingcontroller.MessageController.query,1290,2,2,0,2,0,0
r2.controllers.listingcontroller.MessageController.title,1128,1,0,1,0,0,0
r2.controllers.listingcontroller.MyredditsController.GET_listing,1682,1,1,0,1,0,0
r2.controllers.listingcontroller.MyredditsController.build_listing,1653,2,2,0,2,0,0
r2.controllers.listingcontroller.MyredditsController.content,1636,4,4,0,4,0,0
r2.controllers.listingcontroller.MyredditsController.menus,1596,2,2,0,2,0,0
r2.controllers.listingcontroller.MyredditsController.query,1615,2,2,0,2,0,0
r2.controllers.listingcontroller.NewController.GET_listing,600,1,1,0,1,0,0
r2.controllers.listingcontroller.NewController.POST_listing,594,1,1,0,1,0,0
r2.controllers.listingcontroller.RandomrisingController.query,718,1,1,0,1,0,0
r2.controllers.listingcontroller.RedditsController.GET_listing,1579,1,1,0,1,0,0
r2.controllers.listingcontroller.RedditsController.keep_fn,1464,1,1,0,1,0,0
r2.controllers.listingcontroller.RedditsController.query,1475,4,4,0,4,0,0
r2.controllers.listingcontroller.RisingController.query,608,3,3,0,3,0,0
r2.controllers.listingcontroller.SubredditListingController._build_og_description,314,3,2,1,2,0,0
r2.controllers.listingcontroller.SubredditListingController._build_og_title,275,3,2,1,2,0,0
r2.controllers.listingcontroller.SubredditListingController.canonical_link,295,2,1,1,1,0,0
r2.controllers.listingcontroller.SubredditListingController.render_params,321,5,5,0,5,0,0
r2.controllers.listingcontroller.UserController.GET_about,1053,3,3,0,3,0,0
r2.controllers.listingcontroller.UserController.GET_listing,925,8,8,0,8,0,0
r2.controllers.listingcontroller.UserController.GET_rel_user_redirect,1075,1,1,0,1,0,0
r2.controllers.listingcontroller.UserController.GET_saved_redirect,1061,3,3,0,3,0,0
r2.controllers.listingcontroller.UserController.GET_trophies,1084,4,4,0,4,0,0
r2.controllers.listingcontroller.UserController.menus,763,6,6,0,6,0,0
r2.controllers.listingcontroller.UserController.query,868,2,2,0,2,0,0
r2.controllers.listingcontroller.UserListListingController.GET_listing,1926,5,5,0,5,0,0
r2.controllers.listingcontroller.UserListListingController.GET_user_prefs,1887,2,2,0,2,0,0
r2.controllers.listingcontroller.UserListListingController.content,1861,4,4,0,4,0,0
r2.controllers.listingcontroller.UserListListingController.invited_mod_listing,1849,3,2,1,2,0,0
r2.controllers.listingcontroller.UserListListingController.moderator_wrap,1764,1,0,1,0,0,0
r2.controllers.listingcontroller.UserListListingController.name,1808,1,0,1,0,0,0
r2.controllers.listingcontroller.UserListListingController.query,1822,3,3,0,3,0,0
r2.controllers.listingcontroller.UserListListingController.rel,1803,1,0,1,0,0,0
r2.controllers.listingcontroller.UserListListingController.render_cls,1759,1,0,1,0,0,0
r2.controllers.login.handle_login,37,5,3,2,3,0,0
r2.controllers.login.handle_register,87,6,4,2,4,0,0
r2.controllers.mailgun.MailgunWebhookController.POST_zendeskreply,84,7,7,0,7,0,0
r2.controllers.mailgun.validate_mailgun_webhook,54,3,2,1,2,0,0
r2.controllers.mediaembed.MediaembedController.GET_mediaembed,44,3,3,0,3,0,0
r2.controllers.multi.(global),0,4,4,0,4,0,0
r2.controllers.multi.MultiApiController.DELETE_multi_subreddit,418,1,1,0,1,0,0
r2.controllers.multi.MultiApiController.GET_list_multis,110,2,2,0,2,0,0
r2.controllers.multi.MultiApiController.GET_multi,137,1,1,0,1,0,0
r2.controllers.multi.MultiApiController.GET_multi_description,436,1,1,0,1,0,0
r2.controllers.multi.MultiApiController.GET_multi_subreddit,382,1,1,0,1,0,0
r2.controllers.multi.MultiApiController.GET_my_multis,118,2,2,0,2,0,0
r2.controllers.multi.MultiApiController.POST_multi,207,8,8,0,8,0,0
r2.controllers.multi.MultiApiController.POST_multi_copy,300,5,5,0,5,0,0
r2.controllers.multi.MultiApiController.POST_multi_rename,349,5,5,0,5,0,0
r2.controllers.multi.MultiApiController.PUT_multi,241,5,5,0,5,0,0
r2.controllers.multi.MultiApiController.PUT_multi_description,448,1,1,0,1,0,0
r2.controllers.multi.MultiApiController.PUT_multi_subreddit,395,3,3,0,3,0,0
r2.controllers.multi.MultiApiController._add_multi_srs,147,5,3,2,3,0,0
r2.controllers.multi.MultiApiController._check_new_multi_path,141,4,1,3,1,0,0
r2.controllers.multi.MultiApiController._copy_multi,266,6,4,2,4,0,0
r2.controllers.multi.MultiApiController._format_multi,123,8,3,5,3,0,0
r2.controllers.multi.MultiApiController._format_multi_description,423,4,2,2,2,0,0
r2.controllers.multi.MultiApiController._format_multi_list,98,5,3,2,3,0,0
r2.controllers.multi.MultiApiController._get_multi_subreddit,367,4,2,2,2,0,0
r2.controllers.multi.MultiApiController._write_multi_data,175,7,5,2,5,0,0
r2.controllers.multi.MultiApiController.on_validation_error,91,1,1,0,1,0,0
r2.controllers.multi.MultiApiController.pre,94,2,2,0,2,0,0
r2.controllers.newsletter.NewsletterController.GET_newsletter,28,1,1,0,1,0,0
r2.controllers.oauth2.OAuth2AccessController.OPTIONS_access_token,292,1,0,1,0,0,0
r2.controllers.oauth2.OAuth2AccessController.OPTIONS_revoke_token,572,1,0,1,0,0,0
r2.controllers.oauth2.OAuth2AccessController.POST_access_token,323,7,7,0,7,0,0
r2.controllers.oauth2.OAuth2AccessController.POST_revoke_token,597,3,3,0,3,0,0
r2.controllers.oauth2.OAuth2AccessController._access_token_client_credentials,506,8,7,1,7,0,0
r2.controllers.oauth2.OAuth2AccessController._access_token_code,401,7,6,1,6,0,0
r2.controllers.oauth2.OAuth2AccessController._access_token_extension_client_credentials,539,6,5,1,5,0,0
r2.controllers.oauth2.OAuth2AccessController._access_token_password,467,8,7,1,7,0,0
r2.controllers.oauth2.OAuth2AccessController._access_token_refresh,439,5,4,1,4,0,0
r2.controllers.oauth2.OAuth2AccessController._check_for_errors,371,3,0,3,0,0,0
r2.controllers.oauth2.OAuth2AccessController._get_client_auth,278,7,6,1,6,0,0
r2.controllers.oauth2.OAuth2AccessController._make_new_token_response,380,6,0,6,0,0,0
r2.controllers.oauth2.OAuth2AccessController.pre,268,4,4,0,4,0,0
r2.controllers.oauth2.OAuth2FrontendController.GET_authorize,154,6,6,0,6,0,0
r2.controllers.oauth2.OAuth2FrontendController.POST_authorize,199,13,13,0,13,0,0
r2.controllers.oauth2.OAuth2FrontendController._abort_oauth_error,86,6,2,4,2,0,0
r2.controllers.oauth2.OAuth2FrontendController._check_client_type_and_duration,104,4,2,2,2,0,0
r2.controllers.oauth2.OAuth2FrontendController._check_employee_grants,128,3,1,2,1,0,0
r2.controllers.oauth2.OAuth2FrontendController._check_redirect_uri,90,3,1,2,1,0,0
r2.controllers.oauth2.OAuth2FrontendController._check_response_type_and_scope,97,3,1,2,1,0,0
r2.controllers.oauth2.OAuth2FrontendController._error_response,114,3,2,1,2,0,0
r2.controllers.oauth2.OAuth2FrontendController.pre,82,1,1,0,1,0,0
r2.controllers.oauth2._update_redirect_uri,64,5,3,2,3,0,0
r2.controllers.oauth2.get_device_id,73,5,1,4,1,0,0
r2.controllers.oembed.(global),0,1,1,0,1,0,0
r2.controllers.oembed.OEmbedController.GET_oembed,175,4,4,0,4,0,0
r2.controllers.oembed._oembed_comment,117,7,6,1,6,0,0
r2.controllers.oembed._oembed_for,56,3,2,1,2,0,0
r2.controllers.oembed._oembed_post,70,9,8,1,8,0,0
r2.controllers.policies.PoliciesController.GET_policy_page,40,12,12,0,12,0,0
r2.controllers.policies.PoliciesController._linkify_headings,114,1,0,1,0,0,0
r2.controllers.policies.PoliciesController._number_sections,101,1,0,1,0,0,0
r2.controllers.post.PostController.GET_login,202,2,2,0,2,0,0
r2.controllers.post.PostController.GET_over18,81,1,1,0,1,0,0
r2.controllers.post.PostController.GET_quarantine,90,7,7,0,7,0,0
r2.controllers.post.PostController.POST_explore_settings,213,1,1,0,1,0,0
r2.controllers.post.PostController.POST_login,178,2,2,0,2,0,0
r2.controllers.post.PostController.POST_optin,166,3,3,0,3,0,0
r2.controllers.post.PostController.POST_options,59,8,8,0,8,0,0
r2.controllers.post.PostController.POST_optout,155,3,3,0,3,0,0
r2.controllers.post.PostController.POST_over18,116,3,3,0,3,0,0
r2.controllers.post.PostController.POST_quarantine,138,1,1,0,1,0,0
r2.controllers.post.PostController.POST_reg,191,2,2,0,2,0,0
r2.controllers.post.PostController.POST_unlogged_options,50,2,2,0,2,0,0
r2.controllers.promotecontroller.PromoteApiController.GET_ad_s3_callback,1675,6,6,0,6,0,0
r2.controllers.promotecontroller.PromoteApiController.GET_check_inventory,737,3,3,0,3,0,0
r2.controllers.promotecontroller.PromoteApiController.POST_ad_s3_params,1632,5,5,0,5,0,0
r2.controllers.promotecontroller.PromoteApiController.POST_create_promo,869,2,2,0,2,0,0
r2.controllers.promotecontroller.PromoteApiController.POST_delete_campaign,1486,1,1,0,1,0,0
r2.controllers.promotecontroller.PromoteApiController.POST_edit_campaign,1199,5,5,0,5,0,0
r2.controllers.promotecontroller.PromoteApiController.POST_edit_promo,915,2,2,0,2,0,0
r2.controllers.promotecontroller.PromoteApiController.POST_freebie,759,4,4,0,4,0,0
r2.controllers.promotecontroller.PromoteApiController.POST_promote_note,775,1,1,0,1,0,0
r2.controllers.promotecontroller.PromoteApiController.POST_refund_campaign,816,2,2,0,2,0,0
r2.controllers.promotecontroller.PromoteApiController.POST_review_fraud,787,1,1,0,1,0,0
r2.controllers.promotecontroller.PromoteApiController.POST_terminate_campaign,1515,2,2,0,2,0,0
r2.controllers.promotecontroller.PromoteApiController.POST_toggle_pause_campaign,1498,2,2,0,2,0,0
r2.controllers.promotecontroller.PromoteApiController.POST_update_pay,1537,6,6,0,6,0,0
r2.controllers.promotecontroller.PromoteApiController._edit_promo,935,14,12,2,12,0,0
r2.controllers.promotecontroller.PromoteApiController._lowest_max_cpm_bid_dollars,1163,1,1,0,1,0,0
r2.controllers.promotecontroller.PromoteController.GET_edit_promo,298,5,5,0,5,0,0
r2.controllers.promotecontroller.PromoteController.GET_new_promo,286,4,4,0,4,0,0
r2.controllers.promotecontroller.PromoteController.GET_pay,320,5,5,0,5,0,0
r2.controllers.promotecontroller.PromoteController.GET_refund,310,3,3,0,3,0,0
r2.controllers.promotecontroller.PromoteListingController.GET_listing,540,1,1,0,1,0,0
r2.controllers.promotecontroller.PromoteListingController.builder_wrapper,500,1,1,0,1,0,0
r2.controllers.promotecontroller.PromoteListingController.keep_fn,507,1,0,1,0,0,0
r2.controllers.promotecontroller.PromoteListingController.menus,480,2,2,0,2,0,0
r2.controllers.promotecontroller.SponsorController.GET_lookup_user,433,1,1,0,1,0,0
r2.controllers.promotecontroller.SponsorController.GET_promote_inventory,399,4,4,0,4,0,0
r2.controllers.promotecontroller.SponsorController.GET_report,352,4,4,0,4,0,0
r2.controllers.promotecontroller.SponsorListingController.GET_listing,699,1,1,0,1,0,0
r2.controllers.promotecontroller.SponsorListingController._live_by_subreddit,607,1,0,1,0,0,0
r2.controllers.promotecontroller.SponsorListingController.get_house_link_names,616,1,0,1,0,0,0
r2.controllers.promotecontroller.SponsorListingController.keep_fn,626,1,1,0,1,0,0
r2.controllers.promotecontroller.SponsorListingController.live_by_subreddit,611,2,1,1,1,0,0
r2.controllers.promotecontroller.SponsorListingController.menus,559,4,4,0,4,0,0
r2.controllers.promotecontroller.SponsorListingController.query,644,2,2,0,2,0,0
r2.controllers.promotecontroller._clear_ads_images,275,4,3,1,3,0,0
r2.controllers.promotecontroller._force_images,174,1,0,1,0,0,0
r2.controllers.promotecontroller._format_expires,162,2,0,2,0,0,0
r2.controllers.promotecontroller._get_ads_images,253,7,4,3,4,0,0
r2.controllers.promotecontroller._get_ads_keyspace,249,3,0,3,0,0,0
r2.controllers.promotecontroller._get_callback_hmac,166,4,2,2,2,0,0
r2.controllers.promotecontroller._key_to_dict,227,4,2,2,2,0,0
r2.controllers.promotecontroller.allowed_location_and_target,718,2,0,2,0,0,0
r2.controllers.promotecontroller.campaign_has_oversold_error,188,3,1,2,1,0,0
r2.controllers.promotecontroller.has_oversold_error,204,5,3,2,3,0,0
r2.controllers.reddit_base.(global),0,1,1,0,1,0,0
r2.controllers.reddit_base.MinimalController.OPTIONS,1096,1,1,0,1,0,0
r2.controllers.reddit_base.MinimalController.abort403,1052,19,1,18,1,0,0
r2.controllers.reddit_base.MinimalController.abort404,1049,46,1,45,1,0,0
r2.controllers.reddit_base.MinimalController.api_wrapper,1105,27,1,26,1,0,0
r2.controllers.reddit_base.MinimalController.check_cors,1062,6,3,3,3,0,0
r2.controllers.reddit_base.MinimalController.on_validation_error,1043,1,1,0,1,0,0
r2.controllers.reddit_base.MinimalController.post,952,6,5,1,5,0,0
r2.controllers.reddit_base.MinimalController.pre,886,16,13,3,13,0,0
r2.controllers.reddit_base.MinimalController.run_sitewide_ratelimits,800,5,2,3,2,0,0
r2.controllers.reddit_base.MinimalController.should_update_last_visit,1110,1,0,1,0,0,0
r2.controllers.reddit_base.OAuth2OnlyController.on_validation_error,1205,4,1,3,1,0,0
r2.controllers.reddit_base.OAuth2OnlyController.pre,1198,4,4,0,4,0,0
r2.controllers.reddit_base.OAuth2ResourceController._auth_error,1166,4,1,3,1,0,0
r2.controllers.reddit_base.OAuth2ResourceController._get_bearer_token,1169,5,3,2,3,0,0
r2.controllers.reddit_base.OAuth2ResourceController.authenticate_with_token,1126,15,13,2,13,0,0
r2.controllers.reddit_base.OAuth2ResourceController.check_for_bearer_token,1162,3,2,1,2,0,0
r2.controllers.reddit_base.OAuth2ResourceController.set_up_user_context,1183,2,0,2,0,0,0
r2.controllers.reddit_base.RedditController._embed_html_timing_data,1479,3,2,1,2,0,0
r2.controllers.reddit_base.RedditController.disable_admin_mode,1249,3,1,2,1,0,0
r2.controllers.reddit_base.RedditController.enable_admin_mode,1229,4,2,2,2,0,0
r2.controllers.reddit_base.RedditController.login,1212,8,4,4,4,0,0
r2.controllers.reddit_base.RedditController.logout,1224,3,2,1,2,0,0
r2.controllers.reddit_base.RedditController.post,1460,5,5,0,5,0,0
r2.controllers.reddit_base.RedditController.pre,1252,31,30,1,30,0,0
r2.controllers.reddit_base.RedditController.remember_otp,1239,3,2,1,2,0,0
r2.controllers.reddit_base.RedditController.search_fail,1502,2,1,1,1,0,0
r2.controllers.reddit_base.UnloggedUser.__init__,151,8,1,7,1,0,0
r2.controllers.reddit_base.UnloggedUser._commit,208,2,2,0,2,0,0
r2.controllers.reddit_base.UnloggedUser._decode_json,164,2,1,1,1,0,0
r2.controllers.reddit_base.UnloggedUser._from_cookie,176,5,4,1,4,0,0
r2.controllers.reddit_base.UnloggedUser._to_cookie,196,4,2,2,2,0,0
r2.controllers.reddit_base.abort_with_error,783,5,2,3,2,0,0
r2.controllers.reddit_base.base_listing,637,1,1,0,1,0,0
r2.controllers.reddit_base.cross_domain,648,3,3,0,3,0,0
r2.controllers.reddit_base.delete_obsolete_cookies,254,2,1,1,1,0,0
r2.controllers.reddit_base.delete_over18_cookie,275,3,1,2,1,0,0
r2.controllers.reddit_base.enforce_https,700,5,4,1,4,0,0
r2.controllers.reddit_base.flatten_response,776,4,2,2,2,0,0
r2.controllers.reddit_base.generate_modhash,686,4,1,3,1,0,0
r2.controllers.reddit_base.get_browser_langs,497,3,0,3,0,0,0
r2.controllers.reddit_base.is_trusted_origin,640,1,1,0,1,0,0
r2.controllers.reddit_base.make_url_https,677,4,2,2,2,0,0
r2.controllers.reddit_base.over18,259,2,1,1,1,0,0
r2.controllers.reddit_base.paginated_listing,591,6,5,1,5,0,0
r2.controllers.reddit_base.ratelimit_agent,549,2,1,1,1,0,0
r2.controllers.reddit_base.ratelimit_agents,565,2,1,1,1,0,0
r2.controllers.reddit_base.ratelimit_throttled,585,3,2,1,2,0,0
r2.controllers.reddit_base.read_user_cookie,214,2,0,2,0,0,0
r2.controllers.reddit_base.request_timer_name,772,1,0,1,0,0,0
r2.controllers.reddit_base.require_domain,757,4,3,1,3,0,0
r2.controllers.reddit_base.require_https,752,6,2,4,2,0,0
r2.controllers.reddit_base.set_colors,539,1,0,1,0,0,0
r2.controllers.reddit_base.set_content_type,439,11,9,2,9,0,0
r2.controllers.reddit_base.set_iface_lang,518,3,2,1,2,0,0
r2.controllers.reddit_base.set_multireddit,374,6,5,1,5,0,0
r2.controllers.reddit_base.set_obey_over18,279,1,0,1,0,0,0
r2.controllers.reddit_base.set_over18_cookie,271,1,0,1,0,0,0
r2.controllers.reddit_base.set_recent_clicks,228,5,4,1,4,0,0
r2.controllers.reddit_base.set_subreddit,284,9,8,1,8,0,0
r2.controllers.reddit_base.set_user_cookie,222,4,1,3,1,0,0
r2.controllers.redirect.RedirectController.GET_redirect,37,1,1,0,1,0,0
r2.controllers.redirect.RedirectController.GET_timereddit_redirect,51,2,2,0,2,0,0
r2.controllers.redirect.RedirectController.GET_user_redirect,40,3,3,0,3,0,0
r2.controllers.redirect.RedirectController.pre,33,1,1,0,1,0,0
r2.controllers.robots.RobotsController.GET_crossdomain,63,1,1,0,1,0,0
r2.controllers.robots.RobotsController.GET_robots,56,2,2,0,2,0,0
r2.controllers.robots.RobotsController.on_crawlable_domain,38,1,0,1,0,0,0
r2.controllers.toolbar.ToolbarController.GET_goto,86,3,3,0,3,0,0
r2.controllers.toolbar.ToolbarController.GET_redirect,120,1,1,0,1,0,0
r2.controllers.toolbar.ToolbarController.GET_s,94,7,7,0,7,0,0
r2.controllers.toolbar.demangle_url,44,1,0,1,0,0,0
r2.controllers.toolbar.force_html,67,1,0,1,0,0,0
r2.controllers.web.WebLogController.OPTIONS_report_cache_poisoning,97,3,2,1,2,0,0
r2.controllers.web.WebLogController.POST_message,65,1,1,0,1,0,0
r2.controllers.web.WebLogController.POST_report_cache_poisoning,133,6,6,0,6,0,0
r2.controllers.wiki.WikiApiController.POST_wiki_allow_editor,471,3,3,0,3,0,0
r2.controllers.wiki.WikiApiController.POST_wiki_edit,388,7,7,0,7,0,0
r2.controllers.wiki.WikiApiController.POST_wiki_revision_delete,493,1,1,0,1,0,0
r2.controllers.wiki.WikiApiController.POST_wiki_revision_hide,508,2,2,0,2,0,0
r2.controllers.wiki.WikiApiController.POST_wiki_revision_revert,523,2,2,0,2,0,0
r2.controllers.wiki.WikiApiController.pre,550,2,2,0,2,0,0
r2.controllers.wiki.WikiController.GET_faq,374,1,1,0,1,0,0
r2.controllers.wiki.WikiController.GET_wiki_create,204,5,5,0,5,0,0
r2.controllers.wiki.WikiController.GET_wiki_discussions,279,5,5,0,5,0,0
r2.controllers.wiki.WikiController.GET_wiki_listing,265,3,3,0,3,0,0
r2.controllers.wiki.WikiController.GET_wiki_page,126,9,9,0,9,0,0
r2.controllers.wiki.WikiController.GET_wiki_recent,251,3,3,0,3,0,0
r2.controllers.wiki.WikiController.GET_wiki_redirect,272,2,1,1,1,0,0
r2.controllers.wiki.WikiController.GET_wiki_revise,233,3,3,0,3,0,0
r2.controllers.wiki.WikiController.GET_wiki_revisions,190,5,5,0,5,0,0
r2.controllers.wiki.WikiController.GET_wiki_settings,291,4,3,1,3,0,0
r2.controllers.wiki.WikiController.POST_wiki_settings,313,4,4,0,4,0,0
r2.controllers.wiki.WikiController.handle_error,347,13,2,11,2,0,0
r2.controllers.wiki.WikiController.on_validation_error,342,1,1,0,1,0,0
r2.controllers.wiki.WikiController.pre,350,3,2,1,2,0,0
r2.lib.amqp.Config.__init__,64,1,0,1,0,0,0
r2.lib.amqp.ConnectionManager.__init__,109,1,0,1,0,0,0
r2.lib.amqp.ConnectionManager.get_channel,138,8,2,6,2,0,3
r2.lib.amqp.ConnectionManager.get_connection,114,2,1,1,1,0,3
r2.lib.amqp.ConnectionManager.init_queue,158,2,1,1,1,0,3
r2.lib.amqp.Worker.__init__,78,2,1,1,1,0,0
r2.lib.amqp.Worker.do,96,1,0,1,0,0,0
r2.lib.amqp.Worker.join,100,165,1,164,1,1,1
r2.lib.amqp._add_item,181,5,4,1,4,0,0
r2.lib.amqp.add_item,220,4,2,2,2,0,0
r2.lib.amqp.add_kw,232,1,1,0,1,0,0
r2.lib.amqp.black_hole,363,1,1,0,1,0,0
r2.lib.amqp.consume_items,235,3,2,1,2,0,0
r2.lib.amqp.dedup_queue,370,3,3,0,3,0,0
r2.lib.amqp.empty_queue,357,1,1,0,1,0,0
r2.lib.amqp.handle_items,288,1,1,0,1,0,0
r2.lib.amqp.initialize,54,4,3,1,3,0,0
r2.lib.app_globals.Globals.__init__,429,11,10,1,10,0,0
r2.lib.app_globals.Globals.load_db_params,1000,8,7,1,7,0,0
r2.lib.app_globals.Globals.record_repo_version,979,2,0,2,0,0,0
r2.lib.app_globals.Globals.search,1083,1,1,0,1,0,0
r2.lib.app_globals.Globals.setup,515,27,26,1,26,0,0
r2.lib.app_globals.Globals.setup_complete,962,4,3,1,3,0,0
r2.lib.app_globals.PermissionFilteredEmployeeList.__init__,143,1,0,1,0,0,0
r2.lib.app_globals.PermissionFilteredEmployeeList.__iter__,147,1,1,0,1,0,0
r2.lib.app_globals._decode_secrets,117,3,1,2,1,0,0
r2.lib.app_globals.extract_live_config,100,3,2,1,2,0,0
r2.lib.app_globals.extract_secrets,121,2,1,1,1,0,0
r2.lib.app_globals.fetch_secrets,129,2,1,1,1,0,0
r2.lib.authorize.api.Address.__init__,183,3,1,2,1,0,0
r2.lib.authorize.api.AuthorizeNetException.__init__,75,12,0,12,0,0,0
r2.lib.authorize.api.AuthorizeNetRequest._wrapper,281,2,2,0,2,0,0
r2.lib.authorize.api.AuthorizeNetRequest.handle_response,304,3,2,1,2,0,0
r2.lib.authorize.api.AuthorizeNetRequest.is_error_code,296,2,0,2,0,0,0
r2.lib.authorize.api.AuthorizeNetRequest.make_request,286,11,2,9,2,0,0
r2.lib.authorize.api.AuthorizeNetRequest.process_error,317,1,0,1,0,0,0
r2.lib.authorize.api.AuthorizeNetRequest.process_response,314,1,0,1,0,0,0
r2.lib.authorize.api.CreateCustomerPaymentProfileRequest.__init__,354,2,1,1,1,0,0
r2.lib.authorize.api.CreateCustomerPaymentProfileRequest.process_error,363,1,1,0,1,0,0
r2.lib.authorize.api.CreateCustomerProfileRequest.__init__,326,2,1,1,1,0,0
r2.lib.authorize.api.CreateCustomerProfileRequest.process_error,334,2,2,0,2,0,0
r2.lib.authorize.api.CreateCustomerProfileTransactionRequest.__init__,482,5,1,4,1,0,0
r2.lib.authorize.api.CreateCustomerProfileTransactionRequest.extraOptions,487,2,2,0,2,0,0
r2.lib.authorize.api.CreateCustomerProfileTransactionRequest.package_response,497,3,1,2,1,0,0
r2.lib.authorize.api.CreateCustomerProfileTransactionRequest.process_error,494,1,1,0,1,0,0
r2.lib.authorize.api.CreateCustomerProfileTransactionRequest.process_response,491,1,1,0,1,0,0
r2.lib.authorize.api.DeleteCustomerPaymentProfileRequest.__init__,412,2,1,1,1,0,0
r2.lib.authorize.api.DeleteCustomerPaymentProfileRequest.process_error,420,2,2,0,2,0,0
r2.lib.authorize.api.DuplicateTransactionError.__init__,93,2,0,2,0,0,0
r2.lib.authorize.api.GetCustomerProfileRequest.__init__,371,2,1,1,1,0,0
r2.lib.authorize.api.GetCustomerProfileRequest.process_error,401,1,1,0,1,0,0
r2.lib.authorize.api.GetCustomerProfileRequest.process_response,375,3,3,0,3,0,0
r2.lib.authorize.api.GetSettledBatchListRequest.__init__,512,1,1,0,1,0,0
r2.lib.authorize.api.GetSettledBatchListRequest.process_error,522,1,1,0,1,0,0
r2.lib.authorize.api.PaymentProfile.__init__,214,5,1,4,1,0,0
r2.lib.authorize.api.PaymentProfile.fromXML,225,1,1,0,1,0,0
r2.lib.authorize.api.Profile.__init__,199,3,1,2,1,0,0
r2.lib.authorize.api.SimpleXMLObject.__init__,114,14,1,13,1,0,0
r2.lib.authorize.api.SimpleXMLObject.__repr__,159,1,1,0,1,0,0
r2.lib.authorize.api.SimpleXMLObject._name,164,2,0,2,0,0,0
r2.lib.authorize.api.SimpleXMLObject._wrapper,168,1,0,1,0,0,0
r2.lib.authorize.api.SimpleXMLObject.fromXML,150,2,0,2,0,0,0
r2.lib.authorize.api.SimpleXMLObject.simple_tag,121,6,2,4,2,0,0
r2.lib.authorize.api.SimpleXMLObject.toXML,128,12,4,8,4,1,1
r2.lib.authorize.api.Transaction.__init__,241,2,1,1,1,0,0
r2.lib.authorize.api.Transaction._wrapper,248,2,2,0,2,0,0
r2.lib.authorize.api.TransactionError.__init__,88,8,0,8,0,0,0
r2.lib.authorize.api.UpdateCustomerPaymentProfileRequest.__init__,432,2,1,1,1,0,0
r2.lib.authorize.api.UpdateCustomerPaymentProfileRequest.process_error,440,1,1,0,1,0,0
r2.lib.authorize.api.capture_authorization_hold,634,4,3,1,3,0,0
r2.lib.authorize.api.create_authorization_hold,604,5,4,1,4,0,0
r2.lib.authorize.api.create_customer_profile,527,4,3,1,3,0,0
r2.lib.authorize.api.create_payment_profile,556,4,3,1,3,0,0
r2.lib.authorize.api.delete_payment_profile,590,3,2,1,2,0,0
r2.lib.authorize.api.get_customer_profile,545,3,2,1,2,0,0
r2.lib.authorize.api.refund_transaction,674,4,3,1,3,0,0
r2.lib.authorize.api.update_payment_profile,570,4,3,1,3,0,0
r2.lib.authorize.api.void_authorization_hold,656,4,3,1,3,0,0
r2.lib.authorize.interaction.add_or_update_payment_method,87,4,2,2,2,0,0
r2.lib.authorize.interaction.add_payment_method,60,4,2,2,2,0,0
r2.lib.authorize.interaction.auth_freebie_transaction,110,4,3,1,3,0,0
r2.lib.authorize.interaction.auth_transaction,128,5,4,1,4,0,0
r2.lib.authorize.interaction.charge_transaction,156,6,5,1,5,0,0
r2.lib.authorize.interaction.delete_payment_method,79,3,2,1,2,0,0
r2.lib.authorize.interaction.get_or_create_customer_profile,42,6,3,3,3,0,0
r2.lib.authorize.interaction.is_charged_transaction,96,3,3,0,3,0,0
r2.lib.authorize.interaction.refund_transaction,204,4,3,1,3,0,0
r2.lib.authorize.interaction.update_payment_method,70,3,1,2,1,0,0
r2.lib.authorize.interaction.void_transaction,186,4,3,1,3,0,0
r2.lib.automoderator.AutoModeratorSyntaxError.__init__,177,6,1,5,1,0,0
r2.lib.automoderator.Rule.__init__,1207,5,4,1,4,0,0
r2.lib.automoderator.Rule.build_message,1487,3,2,1,2,0,0
r2.lib.automoderator.Rule.check_item,1404,3,3,0,3,0,0
r2.lib.automoderator.Rule.get_target_item,1349,2,0,2,0,0,0
r2.lib.automoderator.Rule.has_any_actions,1339,1,0,1,0,0,0
r2.lib.automoderator.Rule.has_any_checks,1329,1,0,1,0,0,0
r2.lib.automoderator.Rule.item_is_correct_type,1358,1,0,1,0,0,0
r2.lib.automoderator.Rule.perform_actions,1418,6,6,0,6,0,0
r2.lib.automoderator.Rule.should_check_item,1370,2,1,1,1,0,0
r2.lib.automoderator.RuleTarget.__init__,585,3,2,1,2,0,0
r2.lib.automoderator.RuleTarget.check_account_thresholds,868,3,2,1,2,0,0
r2.lib.automoderator.RuleTarget.check_item,795,3,3,0,3,0,0
r2.lib.automoderator.RuleTarget.check_match_patterns,929,4,3,1,3,0,0
r2.lib.automoderator.RuleTarget.check_nonpattern_conditions,809,3,2,1,2,0,0
r2.lib.automoderator.RuleTarget.get_field_value_from_item,1123,7,3,4,3,1,1
r2.lib.automoderator.RuleTarget.get_match_patterns,722,4,3,1,3,0,0
r2.lib.automoderator.RuleTarget.needs_media_data,779,2,2,0,2,0,0
r2.lib.automoderator.RuleTarget.parse_match_fields_key,673,5,2,3,2,0,0
r2.lib.automoderator.RuleTarget.perform_actions,967,5,5,0,5,0,0
r2.lib.automoderator.RuleTarget.set_values,610,3,2,1,2,0,0
r2.lib.automoderator.Ruleset.__init__,194,7,5,2,5,0,0
r2.lib.automoderator.Ruleset.apply_to_item,315,1,1,0,1,0,0
r2.lib.automoderator.replace_placeholders,94,7,4,3,4,0,0
r2.lib.automoderator.run,1501,6,6,0,6,0,0
r2.lib.base.(global),0,1,1,0,1,0,0
r2.lib.base.BaseController.__after__,131,1,1,0,1,0,0
r2.lib.base.BaseController.__before__,72,5,5,0,5,0,0
r2.lib.base.BaseController.__call__,134,1,1,0,1,0,0
r2.lib.base.BaseController._get_action_handler,185,4,0,4,0,0,0
r2.lib.base.BaseController.fix_cookie_header,161,1,0,1,0,0,0
r2.lib.base.BaseController.format_output_url,192,11,6,5,6,0,0
r2.lib.base.BaseController.intermediate_redirect,222,9,4,5,4,0,0
r2.lib.base.BaseController.post,159,1,0,1,0,0,0
r2.lib.base.BaseController.pre,158,2,0,2,0,0,0
r2.lib.base.BaseController.redirect,239,69,1,68,1,0,0
r2.lib.base.abort,51,143,0,143,0,0,0
r2.lib.base.is_local_address,47,1,0,1,0,0,0
r2.lib.base.proxyurl,267,1,0,1,0,0,0
r2.lib.baseplate_integration.R2BaseplateObserver.on_server_span_created,80,1,1,0,1,0,0
r2.lib.baseplate_integration.R2ServerSpanObserver.on_child_span_created,86,2,2,0,2,0,0
r2.lib.baseplate_integration.R2SpanObserver.__init__,92,1,0,1,0,0,0
r2.lib.baseplate_integration.R2SpanObserver.on_finish,99,1,1,0,1,0,0
r2.lib.baseplate_integration.R2SpanObserver.on_start,96,1,1,0,1,0,0
r2.lib.baseplate_integration.make_server_span,39,1,0,1,0,0,0
r2.lib.baseplate_integration.with_server_span,48,1,1,0,1,0,0
r2.lib.butler.monitor_mentions,64,3,2,1,2,0,0
r2.lib.butler.notify_mention,33,1,0,1,0,0,0
r2.lib.butler.run,123,1,1,0,1,0,0
r2.lib.cache.CMemcache.__init__,70,1,0,1,0,0,0
r2.lib.cache.CMemcache.add_multi,139,1,1,0,1,0,0
r2.lib.cache.CMemcache.set,121,1,0,1,0,0,0
r2.lib.cache.CMemcache.set_multi,130,1,1,0,1,0,0
r2.lib.cache.CacheChain.__init__,589,1,0,1,0,0,0
r2.lib.cache.CacheChain.debug,729,7,0,7,0,0,0
r2.lib.cache.CacheChain.get,625,3,2,1,2,0,0
r2.lib.cache.CacheChain.get_multi,664,1,1,0,1,0,0
r2.lib.cache.CacheChain.make_set_fn,594,1,1,0,1,0,0
r2.lib.cache.CacheChain.simple_get_multi,669,5,4,1,4,0,0
r2.lib.cache.CacheUtils.add_multi,61,1,1,0,1,0,0
r2.lib.cache.CacheUtils.get_multi,65,1,0,1,0,0,0
r2.lib.cache.HardCache.__init__,249,2,1,1,1,0,0
r2.lib.cache.HardCache._split_key,252,6,0,6,0,0,0
r2.lib.cache.HardCache.add,301,3,2,1,2,1,1
r2.lib.cache.HardCache.delete,295,3,2,1,2,1,1
r2.lib.cache.HardCache.get,289,3,2,1,2,1,1
r2.lib.cache.HardCache.incr,305,3,2,1,2,1,1
r2.lib.cache.HardCache.set,260,4,2,2,2,1,1
r2.lib.cache.HardCache.set_multi,284,2,2,0,2,0,0
r2.lib.cache.HardCache.simple_get_multi,268,3,3,0,3,0,0
r2.lib.cache.HardcacheChain.accrue,754,1,1,0,1,0,0
r2.lib.cache.LocalCache.__init__,311,2,0,2,0,0,0
r2.lib.cache.LocalCache._check_key,314,2,0,2,0,0,0
r2.lib.cache.LocalCache.add,343,2,1,1,1,0,0
r2.lib.cache.LocalCache.flush_all,378,1,1,0,1,0,0
r2.lib.cache.LocalCache.reset,381,1,1,0,1,0,0
r2.lib.cache.LocalCache.set,334,3,1,2,1,0,0
r2.lib.cache.LocalCache.set_multi,339,2,2,0,2,0,0
r2.lib.cache.Mcrouter.set,234,1,1,0,1,0,0
r2.lib.cache.Permacache.__init__,898,1,0,1,0,0,0
r2.lib.cache.Permacache._backend_delete,939,1,0,1,0,0,0
r2.lib.cache.Permacache._backend_get,910,4,1,3,1,0,0
r2.lib.cache.Permacache._backend_set,925,4,1,3,1,0,0
r2.lib.cache.Permacache._backend_set_multi,930,3,1,2,1,0,0
r2.lib.cache.Permacache._setup_column_family,904,1,0,1,0,0,0
r2.lib.cache.Permacache.delete,985,4,2,2,2,1,1
r2.lib.cache.Permacache.get,942,5,3,2,3,1,1
r2.lib.cache.Permacache.get_multi,970,1,1,0,1,0,0
r2.lib.cache.Permacache.mutate,989,4,4,0,4,0,0
r2.lib.cache.Permacache.pessimistically_set,961,2,2,0,2,0,0
r2.lib.cache.Permacache.set,952,5,2,3,2,1,1
r2.lib.cache.Permacache.set_multi,956,4,2,2,2,1,1
r2.lib.cache.Permacache.simple_get_multi,975,5,3,2,3,1,1
r2.lib.cache.SelfEmptyingCache.add,1095,2,2,0,2,0,0
r2.lib.cache.SelfEmptyingCache.maybe_reset,1087,3,1,2,1,0,0
r2.lib.cache.SelfEmptyingCache.set,1091,2,2,0,2,0,0
r2.lib.cache.StaleCacheChain.__init__,782,1,0,1,0,0,0
r2.lib.cache.StaleCacheChain._getstale,867,3,1,2,1,0,2
r2.lib.cache.StaleCacheChain.get,791,7,6,1,6,1,1
r2.lib.cache.StaleCacheChain.simple_get_multi,825,10,8,2,8,1,2
r2.lib.cache.TransitionalCache.make_get_fn,516,1,1,0,1,0,0
r2.lib.cache.TransitionalCache.make_set_fn,529,1,1,0,1,0,0
r2.lib.cache.TransitionalCache.transform_memcache_key,440,3,1,2,1,0,0
r2.lib.cache._make_hashable,1100,5,3,2,3,1,1
r2.lib.cache.cache_timer_decorator,558,3,2,1,2,0,0
r2.lib.cache.make_key_id,1114,3,1,2,1,0,0
r2.lib.cache.test_cache,1015,1,0,1,0,0,0
r2.lib.cache.test_multi,1061,3,3,0,3,0,0
r2.lib.cache.test_stale,1121,1,1,0,1,0,0
r2.lib.cache_poisoning.cache_headers_valid,51,2,1,1,1,0,0
r2.lib.cache_poisoning.make_poisoning_report_mac,26,3,1,2,1,0,0
r2.lib.captcha.get_iden,49,4,0,4,0,0,0
r2.lib.captcha.get_image,55,1,1,0,1,0,0
r2.lib.captcha.make_solution,52,2,0,2,0,0,0
r2.lib.captcha.valid_solution,64,1,1,0,1,0,0
r2.lib.comment_tree._add_message_nolock,215,4,2,2,2,0,0
r2.lib.comment_tree._calculate_qa_comment_scores,89,3,2,1,2,0,0
r2.lib.comment_tree._conversation,261,3,1,2,1,0,0
r2.lib.comment_tree._load_messages,294,2,0,2,0,0,0
r2.lib.comment_tree._populate,400,2,2,0,2,0,0
r2.lib.comment_tree.add_comments,43,9,7,2,7,0,0
r2.lib.comment_tree.add_message,197,5,4,1,4,0,0
r2.lib.comment_tree.add_message_nolock,258,3,2,1,2,0,0
r2.lib.comment_tree.add_sr_message_nolock,358,3,2,1,2,0,0
r2.lib.comment_tree.calculate_comment_scores,73,4,2,2,2,0,0
r2.lib.comment_tree.compute_message_trees,366,4,0,4,0,0,0
r2.lib.comment_tree.conversation,280,3,2,1,2,0,0
r2.lib.comment_tree.get_comment_scores,124,5,4,1,4,0,0
r2.lib.comment_tree.messages_key,191,3,0,3,0,0,0
r2.lib.comment_tree.messages_lock_key,194,1,0,1,0,0,0
r2.lib.comment_tree.moderator_messages,328,6,4,2,4,0,0
r2.lib.comment_tree.sr_conversation,361,5,2,3,2,0,0
r2.lib.comment_tree.sr_messages_key,313,3,0,3,0,0,0
r2.lib.comment_tree.sr_messages_lock_key,316,1,0,1,0,0,0
r2.lib.comment_tree.subreddit_messages,320,4,2,2,2,0,0
r2.lib.comment_tree.subreddit_messages_nocache,348,4,2,2,2,0,0
r2.lib.comment_tree.tree_sort_fn,396,1,0,1,0,0,0
r2.lib.comment_tree.user_messages,285,4,2,2,2,0,0
r2.lib.comment_tree.user_messages_nocache,303,3,2,1,2,0,0
r2.lib.comment_tree.write_comment_scores,37,4,2,2,2,0,0
r2.lib.configparse.ConfigValue.bool,42,2,0,2,0,0,0
r2.lib.configparse.ConfigValue.choice,81,2,1,1,1,0,0
r2.lib.configparse.ConfigValue.dict,73,3,2,1,2,0,0
r2.lib.configparse.ConfigValue.float,38,1,0,1,0,0,0
r2.lib.configparse.ConfigValue.int,34,1,0,1,0,0,0
r2.lib.configparse.ConfigValue.set,55,2,1,1,1,0,0
r2.lib.configparse.ConfigValue.set_of,59,2,1,1,1,0,0
r2.lib.configparse.ConfigValue.str,30,1,0,1,0,0,0
r2.lib.configparse.ConfigValue.timeinterval,94,1,0,1,0,0,0
r2.lib.configparse.ConfigValue.to_iter,90,6,0,6,0,0,0
r2.lib.configparse.ConfigValue.tuple,51,2,1,1,1,0,0
r2.lib.configparse.ConfigValue.tuple_of,66,3,1,2,1,0,0
r2.lib.configparse.ConfigValueParser.__init__,115,2,0,2,0,0,0
r2.lib.configparse.ConfigValueParser._update_values,130,1,0,1,0,0,0
r2.lib.configparse.ConfigValueParser.add_spec,120,6,2,4,2,0,0
r2.lib.contrib.ipaddress.IPv4Address.__init__,1225,12,3,9,3,0,0
r2.lib.contrib.ipaddress.IPv4Address.packed,1263,1,1,0,1,0,0
r2.lib.contrib.ipaddress.IPv4Interface.__eq__,1296,1,1,0,1,0,0
r2.lib.contrib.ipaddress.IPv4Interface.__init__,1273,3,2,1,2,0,0
r2.lib.contrib.ipaddress.IPv4Interface.ip,1359,1,1,0,1,0,0
r2.lib.contrib.ipaddress.IPv4Network.__init__,1392,15,8,7,8,0,0
r2.lib.contrib.ipaddress.IPv4Network._is_hostmask,1533,1,0,1,0,0,0
r2.lib.contrib.ipaddress.IPv4Network._is_valid_netmask,1507,1,0,1,0,0,0
r2.lib.contrib.ipaddress.IPv4Network.packed,1499,1,1,0,1,0,0
r2.lib.contrib.ipaddress.IPv6Address.__init__,1963,7,3,4,3,0,0
r2.lib.contrib.ipaddress.IPv6Interface.__eq__,2027,1,1,0,1,0,0
r2.lib.contrib.ipaddress.IPv6Interface.__init__,2008,3,2,1,2,0,0
r2.lib.contrib.ipaddress.IPv6Interface.ip,2041,1,1,0,1,0,0
r2.lib.contrib.ipaddress.IPv6Network.__init__,2070,13,6,7,6,0,0
r2.lib.contrib.ipaddress.IPv6Network._is_valid_netmask,2166,1,0,1,0,0,0
r2.lib.contrib.ipaddress._BaseAddress.__add__,573,1,1,0,1,0,0
r2.lib.contrib.ipaddress._BaseAddress.__eq__,524,3,0,3,0,0,0
r2.lib.contrib.ipaddress._BaseAddress.__ge__,543,1,1,0,1,0,0
r2.lib.contrib.ipaddress._BaseAddress.__gt__,560,1,0,1,0,0,0
r2.lib.contrib.ipaddress._BaseAddress.__init__,510,2,0,2,0,0,0
r2.lib.contrib.ipaddress._BaseAddress.__le__,537,1,1,0,1,0,0
r2.lib.contrib.ipaddress._BaseAddress.__lt__,549,1,0,1,0,0,0
r2.lib.contrib.ipaddress._BaseAddress.__ne__,531,1,1,0,1,0,0
r2.lib.contrib.ipaddress._BaseAddress.__sub__,578,1,1,0,1,0,0
r2.lib.contrib.ipaddress._BaseAddress._get_address_key,592,1,0,1,0,0,0
r2.lib.contrib.ipaddress._BaseNetwork.__eq__,692,1,0,1,0,0,0
r2.lib.contrib.ipaddress._BaseNetwork.__ge__,686,1,1,0,1,0,0
r2.lib.contrib.ipaddress._BaseNetwork.__getitem__,641,1,1,0,1,0,0
r2.lib.contrib.ipaddress._BaseNetwork.__gt__,667,1,0,1,0,0,0
r2.lib.contrib.ipaddress._BaseNetwork.__init__,609,2,0,2,0,0,0
r2.lib.contrib.ipaddress._BaseNetwork.__iter__,634,1,1,0,1,0,0
r2.lib.contrib.ipaddress._BaseNetwork.__le__,680,1,1,0,1,0,0
r2.lib.contrib.ipaddress._BaseNetwork.__lt__,654,1,0,1,0,0,0
r2.lib.contrib.ipaddress._BaseNetwork.__ne__,700,1,1,0,1,0,0
r2.lib.contrib.ipaddress._BaseNetwork._get_networks_key,911,1,0,1,0,0,0
r2.lib.contrib.ipaddress._BaseNetwork.address_exclude,781,2,2,0,2,0,0
r2.lib.contrib.ipaddress._BaseNetwork.broadcast_address,734,1,1,0,1,0,0
r2.lib.contrib.ipaddress._BaseNetwork.hostmask,743,1,1,0,1,0,0
r2.lib.contrib.ipaddress._BaseNetwork.hosts,621,1,1,0,1,0,0
r2.lib.contrib.ipaddress._BaseNetwork.masked,983,1,1,0,1,0,0
r2.lib.contrib.ipaddress._BaseNetwork.network,752,1,1,0,1,0,0
r2.lib.contrib.ipaddress._BaseNetwork.subnets,921,4,2,2,2,0,0
r2.lib.contrib.ipaddress._BaseNetwork.supernet,988,2,1,1,1,0,0
r2.lib.contrib.ipaddress._BaseV4.__init__,1045,2,0,2,0,0,0
r2.lib.contrib.ipaddress._BaseV4._ip_int_from_string,1052,3,1,2,1,0,0
r2.lib.contrib.ipaddress._BaseV4._parse_octet,1077,1,0,1,0,0,0
r2.lib.contrib.ipaddress._BaseV4._string_from_ip_int,1100,1,1,0,1,0,0
r2.lib.contrib.ipaddress._BaseV4.is_link_local,1207,1,1,0,1,0,0
r2.lib.contrib.ipaddress._BaseV4.is_loopback,1192,1,1,0,1,0,0
r2.lib.contrib.ipaddress._BaseV4.is_multicast,1162,1,1,0,1,0,0
r2.lib.contrib.ipaddress._BaseV4.is_private,1140,1,1,0,1,0,0
r2.lib.contrib.ipaddress._BaseV4.is_reserved,1125,1,1,0,1,0,0
r2.lib.contrib.ipaddress._BaseV4.is_unspecified,1177,1,1,0,1,0,0
r2.lib.contrib.ipaddress._BaseV6.__init__,1580,2,0,2,0,0,0
r2.lib.contrib.ipaddress._BaseV6._compress_hextets,1686,1,0,1,0,0,0
r2.lib.contrib.ipaddress._BaseV6._explode_shorthand_ip_string,1760,2,2,0,2,0,0
r2.lib.contrib.ipaddress._BaseV6._ip_int_from_string,1584,5,2,3,2,0,0
r2.lib.contrib.ipaddress._BaseV6._parse_hextet,1663,1,0,1,0,0,0
r2.lib.contrib.ipaddress._BaseV6._string_from_ip_int,1733,2,2,0,2,0,0
r2.lib.contrib.ipaddress._BaseV6.ipv4_mapped,1886,1,1,0,1,0,0
r2.lib.contrib.ipaddress._BaseV6.is_link_local,1839,1,1,0,1,0,0
r2.lib.contrib.ipaddress._BaseV6.is_multicast,1801,1,1,0,1,0,0
r2.lib.contrib.ipaddress._BaseV6.is_private,1871,1,1,0,1,0,0
r2.lib.contrib.ipaddress._BaseV6.is_reserved,1816,1,1,0,1,0,0
r2.lib.contrib.ipaddress._BaseV6.is_site_local,1853,1,1,0,1,0,0
r2.lib.contrib.ipaddress._BaseV6.packed,1792,1,1,0,1,0,0
r2.lib.contrib.ipaddress._BaseV6.sixtofour,1914,1,1,0,1,0,0
r2.lib.contrib.ipaddress._BaseV6.teredo,1899,1,1,0,1,0,0
r2.lib.contrib.ipaddress._IPAddressBase._ip_int_from_prefix,453,3,0,3,0,0,0
r2.lib.contrib.ipaddress._IPAddressBase._ip_string_from_prefix,486,1,1,0,1,0,0
r2.lib.contrib.ipaddress._IPAddressBase._prefix_from_ip_int,467,1,0,1,0,0,0
r2.lib.contrib.ipaddress._collapse_addresses_recursive,311,5,3,2,3,1,1
r2.lib.contrib.ipaddress._count_righthand_zero_bits,230,1,0,1,0,0,0
r2.lib.contrib.ipaddress._find_address_range,195,1,0,1,0,0,0
r2.lib.contrib.ipaddress._get_prefix_length,213,1,0,1,0,0,0
r2.lib.contrib.ipaddress.collapse_addresses,357,4,4,0,4,0,0
r2.lib.contrib.ipaddress.get_mixed_type_key,414,2,2,0,2,0,0
r2.lib.contrib.ipaddress.ip_address,41,13,2,11,2,0,0
r2.lib.contrib.ipaddress.ip_interface,121,2,2,0,2,0,0
r2.lib.contrib.ipaddress.ip_network,81,7,2,5,2,0,0
r2.lib.contrib.ipaddress.summarize_address_range,248,4,3,1,3,0,0
r2.lib.contrib.ipaddress.v4_int_to_packed,165,2,0,2,0,0,0
r2.lib.contrib.ipaddress.v6_int_to_packed,183,1,0,1,0,0,0
r2.lib.contrib.rcssmin.(global),0,2,2,0,2,0,0
r2.lib.contrib.rcssmin._make_cssmin,80,2,0,2,0,0,0
r2.lib.contrib.rcssmin.main,345,2,1,1,1,0,0
r2.lib.contrib.simpleflake.binary,50,1,1,0,1,0,0
r2.lib.contrib.simpleflake.extract_bits,58,1,0,1,0,0,0
r2.lib.contrib.simpleflake.pad_bytes_to_64,46,1,0,1,0,0,0
r2.lib.contrib.simpleflake.parse_simpleflake,80,1,1,0,1,0,0
r2.lib.cookies.Cookie.__init__,43,16,0,16,0,0,0
r2.lib.cookies.Cookie.classify,56,1,0,1,0,0,0
r2.lib.cookies.Cookies.add,37,1,1,0,1,0,0
r2.lib.cookies.change_user_cookie_security,95,4,2,2,2,0,0
r2.lib.cookies.delete_secure_session_cookie,135,3,1,2,1,0,0
r2.lib.cookies.have_secure_session_cookie,90,2,0,2,0,0,0
r2.lib.cookies.set_secure_session_cookie,125,2,1,1,1,0,0
r2.lib.cookies.upgrade_cookie_security,143,13,2,11,2,0,0
r2.lib.count.incr_counts,34,1,0,1,0,0,0
r2.lib.csrf.check_controller_csrf_prevention,34,3,3,0,3,0,0
r2.lib.cssfilter.StylesheetValidator.__init__,414,1,0,1,0,0,0
r2.lib.cssfilter.StylesheetValidator.check_for_evil_codepoints,531,2,1,1,1,0,0
r2.lib.cssfilter.StylesheetValidator.parse_and_validate,546,4,3,1,3,0,0
r2.lib.cssfilter.StylesheetValidator.validate_at_rule,480,5,5,0,5,0,0
r2.lib.cssfilter.StylesheetValidator.validate_block,447,1,1,0,1,0,0
r2.lib.cssfilter.StylesheetValidator.validate_component_values,450,6,1,5,1,0,0
r2.lib.cssfilter.StylesheetValidator.validate_declaration,462,3,3,0,3,0,0
r2.lib.cssfilter.StylesheetValidator.validate_declaration_list,468,2,1,1,1,0,0
r2.lib.cssfilter.StylesheetValidator.validate_function,430,3,3,0,3,0,0
r2.lib.cssfilter.StylesheetValidator.validate_list,502,4,1,3,1,0,0
r2.lib.cssfilter.StylesheetValidator.validate_qualified_rule,474,3,2,1,2,0,0
r2.lib.cssfilter.StylesheetValidator.validate_rule_list,496,3,1,2,1,0,0
r2.lib.cssfilter.StylesheetValidator.validate_url,417,1,1,0,1,0,0
r2.lib.cssfilter.ValidationError.__init__,398,7,0,7,0,0,0
r2.lib.cssfilter.strip_vendor_prefix,390,3,0,3,0,0,0
r2.lib.cssfilter.validate_css,571,3,2,1,2,0,0
r2.lib.db.alter_db.dtables,37,1,0,1,0,0,0
r2.lib.db.alter_db.exec_all,44,3,3,0,3,0,0
r2.lib.db.alter_db.rel_tables,33,1,0,1,0,0,0
r2.lib.db.alter_db.thing_tables,26,1,0,1,0,0,0
r2.lib.db.operators.Slot.__init__,56,2,0,2,0,0,0
r2.lib.db.operators.Slot.in_,84,14,0,14,0,0,0
r2.lib.db.operators.Slots.__getattr__,88,1,1,0,1,0,0
r2.lib.db.operators.Slots.__getitem__,91,1,1,0,1,0,0
r2.lib.db.operators.op.__init__,35,1,0,1,0,0,0
r2.lib.db.operators.op_iter,94,5,1,4,1,1,1
r2.lib.db.operators.sort.__eq__,123,1,0,1,0,0,0
r2.lib.db.operators.sort.__init__,117,1,0,1,0,0,0
r2.lib.db.operators.sort.__ne__,126,1,1,0,1,0,0
r2.lib.db.operators.timeago.__init__,110,12,0,12,0,0,0
r2.lib.db.queries.(global),0,2,2,0,2,0,0
r2.lib.db.queries.CachedResults.__init__,118,2,1,1,1,0,0
r2.lib.db.queries.CachedResults.__iter__,291,1,1,0,1,0,0
r2.lib.db.queries.CachedResults._insert_tuples,222,5,2,3,2,0,0
r2.lib.db.queries.CachedResults._mutate,208,3,0,3,0,0,0
r2.lib.db.queries.CachedResults._replace,268,1,1,0,1,0,0
r2.lib.db.queries.CachedResults.can_delete,204,1,0,1,0,0,0
r2.lib.db.queries.CachedResults.can_insert,183,1,0,1,0,0,0
r2.lib.db.queries.CachedResults.delete,257,1,1,0,1,0,0
r2.lib.db.queries.CachedResults.fetch,147,2,1,1,1,0,0
r2.lib.db.queries.CachedResults.fetch_multi,152,3,0,3,0,0,0
r2.lib.db.queries.CachedResults.get_query_iden,128,1,0,1,0,0,0
r2.lib.db.queries.CachedResults.insert,217,2,2,0,2,0,0
r2.lib.db.queries.CachedResults.make_item_tuple,167,2,0,2,0,0,0
r2.lib.db.queries.CachedResults.update,281,1,1,0,1,0,0
r2.lib.db.queries.MergedCachedResults.__init__,304,5,4,1,4,0,0
r2.lib.db.queries._by_author,1395,2,1,1,1,0,0
r2.lib.db.queries._by_srid,1379,7,1,6,1,0,0
r2.lib.db.queries._by_thing1_id,1409,1,0,1,0,0,0
r2.lib.db.queries._by_type,1768,2,0,2,0,0,0
r2.lib.db.queries._common_del_ban,1546,9,7,2,7,0,0
r2.lib.db.queries._get_comments,569,2,1,1,1,0,0
r2.lib.db.queries._get_links,386,4,2,2,2,0,0
r2.lib.db.queries._get_sr_comments,563,5,1,4,1,0,0
r2.lib.db.queries._get_submitted,575,2,1,1,1,0,0
r2.lib.db.queries._promoted_link_query,805,13,1,12,1,0,0
r2.lib.db.queries._user_reported_query,738,4,1,3,1,0,0
r2.lib.db.queries.add_all_srs,1692,7,7,0,7,0,0
r2.lib.db.queries.add_all_users,1723,2,2,0,2,0,0
r2.lib.db.queries.add_queries,996,13,3,10,3,0,0
r2.lib.db.queries.add_to_commentstree_q,1067,2,0,2,0,0,0
r2.lib.db.queries.all_queries,1026,1,0,1,0,0,0
r2.lib.db.queries.ban,1490,9,9,0,9,0,0
r2.lib.db.queries.clear_reports,1652,6,6,0,6,0,0
r2.lib.db.queries.consume_deleted_accounts,1867,2,2,0,2,0,0
r2.lib.db.queries.consume_mark_all_read,1855,4,4,0,4,0,0
r2.lib.db.queries.db_sort,88,13,0,13,0,0,0
r2.lib.db.queries.delete,1424,18,18,0,18,0,0
r2.lib.db.queries.edit,1479,1,1,0,1,0,0
r2.lib.db.queries.get_accepted_links,866,3,1,2,1,0,0
r2.lib.db.queries.get_all_accepted_links,871,3,1,2,1,0,0
r2.lib.db.queries.get_all_comments,555,4,1,3,1,0,0
r2.lib.db.queries.get_all_edited_live_links,881,3,1,2,1,0,0
r2.lib.db.queries.get_all_gilded,948,2,2,0,2,0,0
r2.lib.db.queries.get_all_gilded_comments,938,2,1,1,1,0,0
r2.lib.db.queries.get_all_gilded_links,943,2,1,1,1,0,0
r2.lib.db.queries.get_all_live_links,861,3,1,2,1,0,0
r2.lib.db.queries.get_all_promoted_links,930,6,6,0,6,0,0
r2.lib.db.queries.get_all_rejected_links,851,3,1,2,1,0,0
r2.lib.db.queries.get_all_unapproved_links,841,3,1,2,1,0,0
r2.lib.db.queries.get_all_unpaid_links,831,3,1,2,1,0,0
r2.lib.db.queries.get_categorized_saved_comments,643,2,1,1,1,0,0
r2.lib.db.queries.get_categorized_saved_links,639,2,1,1,1,0,0
r2.lib.db.queries.get_comments,572,7,1,6,1,0,0
r2.lib.db.queries.get_deleted,378,2,2,0,2,0,0
r2.lib.db.queries.get_deleted_comments,370,3,1,2,1,0,0
r2.lib.db.queries.get_deleted_links,362,4,1,3,1,0,0
r2.lib.db.queries.get_disliked,628,3,1,2,1,0,0
r2.lib.db.queries.get_domain_links,536,4,2,2,2,0,0
r2.lib.db.queries.get_edited,423,1,1,0,1,0,0
r2.lib.db.queries.get_edited_comments,413,2,1,1,1,0,0
r2.lib.db.queries.get_edited_links,418,2,1,1,1,0,0
r2.lib.db.queries.get_edited_live_links,876,3,1,2,1,0,0
r2.lib.db.queries.get_gilded,963,2,0,2,0,0,0
r2.lib.db.queries.get_gilded_comments,953,1,1,0,1,0,0
r2.lib.db.queries.get_gilded_links,958,1,1,0,1,0,0
r2.lib.db.queries.get_gilded_user,992,2,2,0,2,0,0
r2.lib.db.queries.get_gilded_user_comments,970,2,1,1,1,0,0
r2.lib.db.queries.get_gilded_user_links,975,2,1,1,1,0,0
r2.lib.db.queries.get_gilded_users,980,1,0,1,0,0,0
r2.lib.db.queries.get_hidden,635,1,1,0,1,0,0
r2.lib.db.queries.get_hidden_links,632,2,1,1,1,0,0
r2.lib.db.queries.get_inbox,720,5,5,0,5,0,0
r2.lib.db.queries.get_inbox_comment_mentions,710,2,1,1,1,0,0
r2.lib.db.queries.get_inbox_comments,691,4,1,3,1,0,0
r2.lib.db.queries.get_inbox_messages,681,4,1,3,1,0,0
r2.lib.db.queries.get_inbox_selfreply,700,4,1,3,1,0,0
r2.lib.db.queries.get_liked,624,4,1,3,1,0,0
r2.lib.db.queries.get_likes,1794,6,6,0,6,0,0
r2.lib.db.queries.get_links,383,5,1,4,1,0,0
r2.lib.db.queries.get_live_links,856,3,1,2,1,0,0
r2.lib.db.queries.get_modqueue,518,1,1,0,1,0,0
r2.lib.db.queries.get_overview,602,3,3,0,3,0,0
r2.lib.db.queries.get_payment_flagged_links,886,3,1,2,1,0,0
r2.lib.db.queries.get_promoted_links,922,6,6,0,6,0,0
r2.lib.db.queries.get_rejected_links,846,3,1,2,1,0,0
r2.lib.db.queries.get_reported,496,1,1,0,1,0,0
r2.lib.db.queries.get_reported_comments,486,5,1,4,1,0,0
r2.lib.db.queries.get_reported_links,477,5,1,4,1,0,0
r2.lib.db.queries.get_saved,654,5,5,0,5,0,0
r2.lib.db.queries.get_saved_comments,651,2,1,1,1,0,0
r2.lib.db.queries.get_saved_links,647,2,1,1,1,0,0
r2.lib.db.queries.get_sent,727,2,0,2,0,0,0
r2.lib.db.queries.get_spam,445,1,1,0,1,0,0
r2.lib.db.queries.get_spam_comments,406,7,1,6,1,0,0
r2.lib.db.queries.get_spam_filtered,472,2,2,0,2,0,0
r2.lib.db.queries.get_spam_filtered_comments,465,7,1,6,1,0,0
r2.lib.db.queries.get_spam_filtered_links,456,6,1,5,1,0,0
r2.lib.db.queries.get_spam_links,400,7,1,6,1,0,0
r2.lib.db.queries.get_sr_comments,560,3,1,2,1,0,0
r2.lib.db.queries.get_stored_votes,1775,5,4,1,4,0,0
r2.lib.db.queries.get_submitted,578,7,1,6,1,0,0
r2.lib.db.queries.get_subreddit_messages,665,2,1,1,1,0,0
r2.lib.db.queries.get_unapproved_links,836,3,1,2,1,0,0
r2.lib.db.queries.get_underdelivered_campaigns,903,3,1,2,1,0,0
r2.lib.db.queries.get_unmoderated,531,1,1,0,1,0,0
r2.lib.db.queries.get_unmoderated_links,507,5,1,4,1,0,0
r2.lib.db.queries.get_unpaid_links,826,3,1,2,1,0,0
r2.lib.db.queries.get_unread_comment_mentions,715,3,1,2,1,0,0
r2.lib.db.queries.get_unread_comments,695,3,1,2,1,0,0
r2.lib.db.queries.get_unread_inbox,732,6,5,1,5,0,0
r2.lib.db.queries.get_unread_messages,685,3,1,2,1,0,0
r2.lib.db.queries.get_unread_selfreply,704,3,1,2,1,0,0
r2.lib.db.queries.get_unread_subreddit_messages,669,3,1,2,1,0,0
r2.lib.db.queries.get_unread_subreddit_messages_multi,673,2,2,0,2,0,0
r2.lib.db.queries.get_user_actions,582,3,3,0,3,0,0
r2.lib.db.queries.get_user_gildings,987,1,1,0,1,0,0
r2.lib.db.queries.get_user_reported,758,3,3,0,3,0,0
r2.lib.db.queries.get_user_reported_comments,750,3,1,2,1,0,0
r2.lib.db.queries.get_user_reported_links,746,3,1,2,1,0,0
r2.lib.db.queries.get_user_reported_messages,754,3,1,2,1,0,0
r2.lib.db.queries.make_results,335,7,1,6,1,0,0
r2.lib.db.queries.merge_results,338,6,1,5,1,0,0
r2.lib.db.queries.migrating_cached_query,343,2,2,0,2,0,0
r2.lib.db.queries.moderated_srids,434,6,1,5,1,0,0
r2.lib.db.queries.new_comment,1103,10,10,0,10,0,0
r2.lib.db.queries.new_link,1045,8,8,0,8,0,0
r2.lib.db.queries.new_message,1142,10,9,1,9,0,0
r2.lib.db.queries.new_report,1627,6,6,0,6,0,0
r2.lib.db.queries.notification_handler,1335,4,2,2,2,0,0
r2.lib.db.queries.rel_query,606,11,0,11,0,0,0
r2.lib.db.queries.renotify,1319,1,1,0,1,0,0
r2.lib.db.queries.run_commentstree,1750,1,1,0,1,0,0
r2.lib.db.queries.run_new_comments,1730,5,5,0,5,0,0
r2.lib.db.queries.set_payment_flagged_link,890,2,2,0,2,0,0
r2.lib.db.queries.set_promote_status,764,15,15,0,15,0,0
r2.lib.db.queries.set_sr_unread,1236,3,1,2,1,0,0
r2.lib.db.queries.set_underdelivered_campaigns,907,2,2,0,2,0,0
r2.lib.db.queries.set_unread,1194,4,1,3,1,0,0
r2.lib.db.queries.unban,1571,12,12,0,12,0,0
r2.lib.db.queries.unnotify,1304,1,1,0,1,0,0
r2.lib.db.queries.unread_handler,1265,6,5,1,5,0,0
r2.lib.db.queries.unset_payment_flagged_link,896,2,2,0,2,0,0
r2.lib.db.queries.unset_underdelivered_campaigns,914,2,2,0,2,0,0
r2.lib.db.queries.update_comment_notifications,1077,6,4,2,4,0,0
r2.lib.db.queries.update_unread_queries,1203,9,8,1,8,0,0
r2.lib.db.queries.update_unread_sr_queries,1245,6,5,1,5,0,0
r2.lib.db.queries.update_user,1706,9,8,1,8,0,0
r2.lib.db.queries.user_query,546,4,2,2,2,0,0
r2.lib.db.queries.was_spam_filtered,1416,1,0,1,0,0,0
r2.lib.db.tdb_cassandra.ColumnQuery.__iter__,1025,2,2,0,2,0,0
r2.lib.db.tdb_cassandra.ColumnQuery._after,1011,1,1,0,1,0,0
r2.lib.db.tdb_cassandra.DenormalizedRelation.create,877,1,1,0,1,0,0
r2.lib.db.tdb_cassandra.DenormalizedRelation.fast_query,910,11,2,9,2,0,0
r2.lib.db.tdb_cassandra.DenormalizedView._column_to_obj,1384,2,2,0,2,0,0
r2.lib.db.tdb_cassandra.DenormalizedView._obj_to_column,1370,1,1,0,1,0,0
r2.lib.db.tdb_cassandra.DenormalizedView._thing_dumper,1344,4,3,1,3,0,0
r2.lib.db.tdb_cassandra.DenormalizedView._thing_loader,1358,4,3,1,3,0,0
r2.lib.db.tdb_cassandra.DenormalizedView.is_date_prop,1337,2,0,2,0,0,0
r2.lib.db.tdb_cassandra.Query.__copy__,1175,1,1,0,1,0,0
r2.lib.db.tdb_cassandra.Query.__init__,1166,2,0,2,0,0,0
r2.lib.db.tdb_cassandra.Query.__iter__,1192,1,1,0,1,0,0
r2.lib.db.tdb_cassandra.Query._dump,1183,1,1,0,1,0,0
r2.lib.db.tdb_cassandra.ThingBase.__delitem__,725,1,0,1,0,0,0
r2.lib.db.tdb_cassandra.ThingBase.__getattr__,649,2,0,2,0,0,0
r2.lib.db.tdb_cassandra.ThingBase.__getitem__,719,1,1,0,1,0,0
r2.lib.db.tdb_cassandra.ThingBase.__init__,275,1,0,1,0,0,0
r2.lib.db.tdb_cassandra.ThingBase.__setattr__,671,1,0,1,0,0,0
r2.lib.db.tdb_cassandra.ThingBase.__setitem__,722,1,1,0,1,0,0
r2.lib.db.tdb_cassandra.ThingBase._all,760,2,1,1,1,0,0
r2.lib.db.tdb_cassandra.ThingBase._byID,300,2,2,0,2,0,0
r2.lib.db.tdb_cassandra.ThingBase._by_fullname,400,3,3,0,3,0,0
r2.lib.db.tdb_cassandra.ThingBase._cache_key,431,2,1,1,1,0,0
r2.lib.db.tdb_cassandra.ThingBase._cache_key_id,438,1,0,1,0,0,0
r2.lib.db.tdb_cassandra.ThingBase._commit,552,10,10,0,10,0,0
r2.lib.db.tdb_cassandra.ThingBase._deserialize_column,462,2,1,1,1,0,0
r2.lib.db.tdb_cassandra.ThingBase._deserialize_date,517,2,0,2,0,0,0
r2.lib.db.tdb_cassandra.ThingBase._destroy,645,1,0,1,0,0,0
r2.lib.db.tdb_cassandra.ThingBase._from_serialized_columns,531,5,2,3,2,0,0
r2.lib.db.tdb_cassandra.ThingBase._get,736,13,1,12,1,0,0
r2.lib.db.tdb_cassandra.ThingBase._get_column_validator,457,2,0,2,0,0,0
r2.lib.db.tdb_cassandra.ThingBase._on_commit,755,1,0,1,0,0,0
r2.lib.db.tdb_cassandra.ThingBase._on_create,749,1,0,1,0,0,0
r2.lib.db.tdb_cassandra.ThingBase._revert,637,2,1,1,1,0,0
r2.lib.db.tdb_cassandra.ThingBase._serialize_column,486,4,2,2,2,0,0
r2.lib.db.tdb_cassandra.ThingBase._serialize_date,513,2,0,2,0,0,0
r2.lib.db.tdb_cassandra.ThingBase._wcl,442,2,0,2,0,0,0
r2.lib.db.tdb_cassandra.ThingMeta.__init__,122,1,1,0,1,0,0
r2.lib.db.tdb_cassandra.UuidThing.__init__,805,1,1,0,1,0,0
r2.lib.db.tdb_cassandra.View._column_to_obj,1248,1,1,0,1,0,0
r2.lib.db.tdb_cassandra.View._remove,1329,9,0,9,0,0,0
r2.lib.db.tdb_cassandra.View._set_values,1294,42,3,39,3,0,0
r2.lib.db.tdb_cassandra.View._values,1279,12,0,12,0,0,0
r2.lib.db.tdb_cassandra.View.add_object,1260,6,1,5,1,0,0
r2.lib.db.tdb_cassandra.View.get_time_sorted_columns,1285,3,0,3,0,0,0
r2.lib.db.tdb_cassandra.get_manager,116,1,0,1,0,0,0
r2.lib.db.tdb_lite.tdb_lite.__init__,27,1,0,1,0,0,0
r2.lib.db.tdb_sql.(global),0,5,5,0,5,0,0
r2.lib.db.tdb_sql.TransactionSet.__init__,70,1,0,1,0,0,0
r2.lib.db.tdb_sql.TransactionSet._clear,103,3,1,2,1,0,0
r2.lib.db.tdb_sql.TransactionSet.add_engine,78,10,1,9,1,0,0
r2.lib.db.tdb_sql.TransactionSet.begin,74,5,0,5,0,0,0
r2.lib.db.tdb_sql.TransactionSet.commit,87,1,1,0,1,0,0
r2.lib.db.tdb_sql.TransactionSet.rollback,95,4,2,2,2,1,1
r2.lib.db.tdb_sql.add_request_info,362,6,2,4,2,0,0
r2.lib.db.tdb_sql.add_sort,753,5,2,3,2,0,0
r2.lib.db.tdb_sql.build_rel_tables,310,9,8,1,8,0,0
r2.lib.db.tdb_sql.build_thing_tables,278,8,7,1,7,0,0
r2.lib.db.tdb_sql.check_type,258,2,0,2,0,0,0
r2.lib.db.tdb_sql.create_data,560,5,3,2,3,0,0
r2.lib.db.tdb_sql.create_table,118,6,0,6,0,0,0
r2.lib.db.tdb_sql.db2py,524,1,0,1,0,0,0
r2.lib.db.tdb_sql.del_rel,688,2,2,0,2,0,0
r2.lib.db.tdb_sql.fetch_query,581,6,3,3,3,0,0
r2.lib.db.tdb_sql.find_data,855,10,10,0,10,0,0
r2.lib.db.tdb_sql.find_rels,959,12,12,0,12,0,0
r2.lib.db.tdb_sql.find_things,805,9,9,0,9,0,0
r2.lib.db.tdb_sql.get_data,601,4,2,2,2,0,0
r2.lib.db.tdb_sql.get_data_table,212,2,0,2,0,0,0
r2.lib.db.tdb_sql.get_rel,672,2,2,0,2,0,0
r2.lib.db.tdb_sql.get_rel_data,668,2,2,0,2,0,0
r2.lib.db.tdb_sql.get_rel_table,407,10,1,9,1,0,0
r2.lib.db.tdb_sql.get_rel_type_table,181,1,0,1,0,0,0
r2.lib.db.tdb_sql.get_table,383,4,2,2,2,0,0
r2.lib.db.tdb_sql.get_thing,633,2,2,0,2,0,0
r2.lib.db.tdb_sql.get_thing_data,629,2,2,0,2,0,0
r2.lib.db.tdb_sql.get_thing_table,402,13,1,12,1,0,0
r2.lib.db.tdb_sql.get_type_table,175,1,0,1,0,0,0
r2.lib.db.tdb_sql.get_write_table,356,1,0,1,0,0,0
r2.lib.db.tdb_sql.incr_data_prop,573,3,1,2,1,0,0
r2.lib.db.tdb_sql.incr_rel_data,664,2,2,0,2,0,0
r2.lib.db.tdb_sql.incr_thing_data,625,2,2,0,2,0,0
r2.lib.db.tdb_sql.incr_thing_prop,459,2,2,0,2,0,0
r2.lib.db.tdb_sql.index_commands,141,3,1,2,1,0,0
r2.lib.db.tdb_sql.index_str,128,3,0,3,0,0,0
r2.lib.db.tdb_sql.make_metadata,113,6,0,6,0,0,0
r2.lib.db.tdb_sql.make_rel_type_table,242,4,3,1,3,0,0
r2.lib.db.tdb_sql.make_relation,474,2,2,0,2,0,0
r2.lib.db.tdb_sql.make_thing,414,3,3,0,3,0,0
r2.lib.db.tdb_sql.make_type_table,235,4,3,1,3,0,0
r2.lib.db.tdb_sql.py2db,505,3,0,3,0,0,0
r2.lib.db.tdb_sql.sa_op,699,6,2,4,2,1,1
r2.lib.db.tdb_sql.set_rel_data,656,3,3,0,3,0,0
r2.lib.db.tdb_sql.set_rel_props,492,3,3,0,3,0,0
r2.lib.db.tdb_sql.set_thing_data,617,3,3,0,3,0,0
r2.lib.db.tdb_sql.set_thing_props,444,3,3,0,3,0,0
r2.lib.db.tdb_sql.sort_thing_ids_by_data_value,925,4,4,0,4,0,0
r2.lib.db.tdb_sql.translate_data_value,838,4,2,2,2,0,0
r2.lib.db.tdb_sql.translate_sort,731,7,1,6,1,1,1
r2.lib.db.tdb_sql.translate_thing_value,798,3,0,3,0,0,0
r2.lib.db.tdb_sql.update_data,540,5,3,2,3,0,0
r2.lib.db.thing.DataThing.__getattr__,120,1,0,1,0,0,0
r2.lib.db.thing.DataThing.__init__,85,3,1,2,1,0,0
r2.lib.db.thing.DataThing.__setattr__,94,5,0,5,0,0,0
r2.lib.db.thing.DataThing._byID,364,2,2,0,2,0,0
r2.lib.db.thing.DataThing._byID36,416,14,0,14,0,0,0
r2.lib.db.thing.DataThing._by_fullname,434,6,1,5,1,0,0
r2.lib.db.thing.DataThing._cache_key,157,2,1,1,1,0,0
r2.lib.db.thing.DataThing._cache_prefix,154,1,0,1,0,0,0
r2.lib.db.thing.DataThing._commit,277,10,8,2,8,0,0
r2.lib.db.thing.DataThing._fullname,360,1,1,0,1,0,0
r2.lib.db.thing.DataThing._fullname_from_id36,356,2,0,2,0,0,0
r2.lib.db.thing.DataThing.get_read_modify_write_lock,193,4,0,4,0,0,0
r2.lib.db.thing.DataThing.get_things_from_cache,167,2,0,2,0,0,0
r2.lib.db.thing.DataThing.record_cache_write,274,1,0,1,0,0,0
r2.lib.db.thing.DataThing.update_from_cache,241,7,3,4,3,0,0
r2.lib.db.thing.DataThing.write_changes_to_db,212,3,2,1,2,0,0
r2.lib.db.thing.DataThing.write_new_thing_to_db,204,1,0,1,0,0,0
r2.lib.db.thing.DataThing.write_props_to_db,208,1,0,1,0,0,0
r2.lib.db.thing.DataThing.write_thing_to_cache,227,3,1,2,1,0,0
r2.lib.db.thing.DataThing.write_things_to_cache,177,1,0,1,0,0,0
r2.lib.db.thing.MergeCursor._execute,1381,2,0,2,0,0,0
r2.lib.db.thing.MultiCursor.fetchall,1374,1,1,0,1,0,0
r2.lib.db.thing.MultiCursor.fetchone,1368,1,1,0,1,0,0
r2.lib.db.thing.MultiQuery.__init__,1438,1,1,0,1,0,0
r2.lib.db.thing.MultiRelation,1509,1,1,0,1,0,0
r2.lib.db.thing.Query.__init__,1085,4,1,3,1,0,0
r2.lib.db.thing.Query.__iter__,1208,4,4,0,4,0,0
r2.lib.db.thing.Query._after,1169,1,1,0,1,0,0
r2.lib.db.thing.Query._before,1166,1,1,0,1,0,0
r2.lib.db.thing.Query._cache_key,1178,3,0,3,0,0,0
r2.lib.db.thing.Query._cursor,1175,1,0,1,0,0,0
r2.lib.db.thing.Query._dir,1132,4,2,2,2,0,0
r2.lib.db.thing.Query._filter,1172,2,0,2,0,0,0
r2.lib.db.thing.Query._get_results,1192,2,1,1,1,0,0
r2.lib.db.thing.Query.get_from_cache,1196,3,2,1,2,0,0
r2.lib.db.thing.Query.set_to_cache,1204,2,1,1,1,0,0
r2.lib.db.thing.Relation,776,11,9,2,9,0,0
r2.lib.db.thing.Relations.__init__,1288,3,1,2,1,0,0
r2.lib.db.thing.Relations._make_rel,1302,1,1,0,1,0,0
r2.lib.db.thing.RelationsPropsOnly.__init__,1322,2,1,1,1,0,0
r2.lib.db.thing.RelationsPropsOnly._cache_key,1337,3,1,2,1,0,0
r2.lib.db.thing.RelationsPropsOnly._cursor,1326,1,0,1,0,0,0
r2.lib.db.thing.RelationsPropsOnly._get_results,1352,1,1,0,1,0,0
r2.lib.db.thing.RelationsPropsOnly.get_from_cache,1356,1,1,0,1,0,0
r2.lib.db.thing.RelationsPropsOnly.set_to_cache,1359,1,1,0,1,0,0
r2.lib.db.thing.SafeSetAttr.__init__,51,1,0,1,0,0,0
r2.lib.db.thing.Thing.__init__,522,4,3,1,3,0,0
r2.lib.db.thing.Thing._incr,621,16,5,11,5,0,0
r2.lib.db.thing.Thing._query,707,5,1,4,1,0,0
r2.lib.db.thing.Thing.get_things_from_db,557,1,1,0,1,0,0
r2.lib.db.thing.Thing.record_cache_write,547,1,0,1,0,0,0
r2.lib.db.thing.Thing.sort_ids_by_data_value,739,1,0,1,0,0,0
r2.lib.db.thing.Thing.update_search_index,744,1,0,1,0,0,0
r2.lib.db.thing.Things.__init__,1237,2,1,1,1,0,0
r2.lib.db.thing.load_things,1269,2,0,2,0,0,0
r2.lib.db.userrel.MemoizedUserRelManager.__init__,112,4,2,2,2,0,0
r2.lib.db.userrel.MemoizedUserRelManager._update_caches,128,3,2,1,2,0,0
r2.lib.db.userrel.MemoizedUserRelManager._update_caches_on_success,134,2,1,1,1,0,0
r2.lib.db.userrel.MigratingUserRel,186,1,1,0,1,0,0
r2.lib.db.userrel.UserRel,147,5,2,3,2,0,0
r2.lib.db.userrel.UserRelManager.add,46,3,2,1,2,0,0
r2.lib.db.userrel.UserRelManager.get,38,3,0,3,0,0,0
r2.lib.db.userrel.UserRelManager.ids,79,1,0,1,0,0,0
r2.lib.db.userrel.UserRelManager.mutate,68,3,3,0,3,0,0
r2.lib.db.userrel.UserRelManager.remove,61,1,1,0,1,0,0
r2.lib.db.userrel.UserRelManager.reverse_ids,88,1,0,1,0,0,0
r2.lib.einhorn.(global),0,1,1,0,1,0,0
r2.lib.einhorn.EinhornSyncWorker.__init__,58,1,0,1,0,0,0
r2.lib.einhorn.run_gunicorn_worker,84,2,1,1,1,0,0
r2.lib.emailer.(global),0,1,1,0,1,0,0
r2.lib.emailer._ads_email,64,1,0,1,0,0,0
r2.lib.emailer._community_email,78,1,0,1,0,0,0
r2.lib.emailer._fraud_email,71,2,0,2,0,0,0
r2.lib.emailer._promo_email,336,12,2,10,2,0,0
r2.lib.emailer._system_email,45,9,0,9,0,0,0
r2.lib.emailer.accept_promo,357,1,1,0,1,0,0
r2.lib.emailer.ads_email,233,1,1,0,1,0,0
r2.lib.emailer.community_email,229,1,1,0,1,0,0
r2.lib.emailer.edited_live_promo,363,1,1,0,1,0,0
r2.lib.emailer.email_change_email,221,1,1,0,1,0,0
r2.lib.emailer.finished_promo,373,1,1,0,1,0,0
r2.lib.emailer.fraud_alert,387,1,1,0,1,0,0
r2.lib.emailer.generate_notification_email_unsubscribe_token,186,2,0,2,0,0,0
r2.lib.emailer.live_promo,370,1,1,0,1,0,0
r2.lib.emailer.message_notification_email,141,2,2,0,2,0,0
r2.lib.emailer.new_promo,350,1,1,0,1,0,0
r2.lib.emailer.opt_in,327,2,1,1,1,0,0
r2.lib.emailer.opt_out,319,2,1,1,1,0,0
r2.lib.emailer.password_change_email,211,1,1,0,1,0,0
r2.lib.emailer.password_email,106,4,4,0,4,0,0
r2.lib.emailer.promo_total_budget,353,1,1,0,1,0,0
r2.lib.emailer.queue_promo,366,1,1,0,1,0,0
r2.lib.emailer.refunded_promo,377,1,1,0,1,0,0
r2.lib.emailer.reject_promo,360,1,1,0,1,0,0
r2.lib.emailer.send_html_email,399,1,1,0,1,0,0
r2.lib.emailer.send_queued_mail,247,4,4,0,4,0,0
r2.lib.emailer.share,237,1,1,0,1,0,0
r2.lib.emailer.suspicious_payment,390,2,2,0,2,0,0
r2.lib.emailer.verify_email,85,2,2,0,2,0,0
r2.lib.emailer.void_payment,381,1,1,0,1,0,0
r2.lib.embeds.edited_after,42,1,0,1,0,0,0
r2.lib.embeds.get_inject_template,30,1,1,0,1,0,0
r2.lib.embeds.prepare_embed_request,59,1,1,0,1,0,0
r2.lib.embeds.set_up_comment_embed,80,2,2,0,2,0,0
r2.lib.emr_helpers.EmrException.__init__,180,1,0,1,0,0,0
r2.lib.emr_helpers.EmrJob.__init__,120,1,0,1,0,0,0
r2.lib.emr_helpers.EmrJob.modify_slave_count,175,1,1,0,1,0,0
r2.lib.emr_helpers.EmrJob.run,148,2,1,1,1,0,0
r2.lib.emr_helpers.EmrJob.terminate,172,1,1,0,1,0,0
r2.lib.emr_helpers.get_jobflow_id,80,2,0,2,0,0,0
r2.lib.emr_helpers.get_live_clusters,35,1,0,1,0,0,0
r2.lib.emr_helpers.get_step_state,62,2,1,1,1,0,0
r2.lib.emr_helpers.get_step_states,41,2,1,1,1,0,0
r2.lib.emr_helpers.modify_slave_count,98,2,1,1,1,0,0
r2.lib.emr_helpers.terminate_jobflow,92,4,1,3,1,0,0
r2.lib.errors.(global),0,1,1,0,1,0,0
r2.lib.errors.BadRequestError.__init__,302,2,0,2,0,0,0
r2.lib.errors.ErrorSet.__init__,246,6,0,6,0,0,0
r2.lib.errors.ErrorSet.add,278,2,2,0,2,0,0
r2.lib.errors.ErrorSet.add_error,284,1,0,1,0,0,0
r2.lib.errors.ErrorSet.get,254,3,1,2,1,1,1
r2.lib.errors.ErrorSet.get_first,257,1,1,0,1,0,0
r2.lib.errors.ForbiddenError.__init__,296,5,0,5,0,0,0
r2.lib.errors.RedditError.__init__,214,11,0,11,0,0,0
r2.lib.errors.add_error_codes,197,1,1,0,1,0,0
r2.lib.errors.reddit_http_error,311,3,0,3,0,0,0
r2.lib.eventcollector.Event.__init__,812,18,3,15,3,0,0
r2.lib.eventcollector.Event.add,862,18,0,18,0,0,0
r2.lib.eventcollector.Event.add_subreddit_fields,930,9,1,8,1,0,0
r2.lib.eventcollector.Event.add_target_fields,879,12,5,7,5,0,0
r2.lib.eventcollector.Event.add_text,874,8,3,5,3,0,0
r2.lib.eventcollector.Event.dump,1002,1,0,1,0,0,0
r2.lib.eventcollector.Event.get,937,3,1,2,1,1,1
r2.lib.eventcollector.Event.get_context_data,944,5,3,2,3,0,0
r2.lib.eventcollector.Event.get_sensitive_context_data,987,3,1,2,1,0,0
r2.lib.eventcollector.EventPublisher.__init__,1059,1,0,1,0,0,0
r2.lib.eventcollector.EventPublisher._chunk_events,1104,2,1,1,1,0,0
r2.lib.eventcollector.EventPublisher._make_signature,1073,1,0,1,0,0,0
r2.lib.eventcollector.EventPublisher._publish,1077,5,4,1,4,0,0
r2.lib.eventcollector.EventPublisher.publish,1145,3,2,1,2,0,0
r2.lib.eventcollector.EventQueue.__init__,84,1,0,1,0,0,0
r2.lib.eventcollector.EventQueue.bucketing_event,758,4,4,0,4,0,0
r2.lib.eventcollector.EventQueue.cache_poisoning_event,243,5,5,0,5,0,0
r2.lib.eventcollector.EventQueue.comment_event,197,6,6,0,6,0,0
r2.lib.eventcollector.EventQueue.login_event,709,4,4,0,4,0,0
r2.lib.eventcollector.EventQueue.loid_event,692,4,4,0,4,0,0
r2.lib.eventcollector.EventQueue.message_event,627,5,5,0,5,0,0
r2.lib.eventcollector.EventQueue.mod_event,431,6,6,0,6,0,0
r2.lib.eventcollector.EventQueue.modmail_event,552,6,6,0,6,0,0
r2.lib.eventcollector.EventQueue.muted_forbidden_event,304,5,5,0,5,0,0
r2.lib.eventcollector.EventQueue.page_bucketing_event,784,3,3,0,3,0,0
r2.lib.eventcollector.EventQueue.quarantine_event,506,4,4,0,4,0,0
r2.lib.eventcollector.EventQueue.report_event,468,6,6,0,6,0,0
r2.lib.eventcollector.EventQueue.save_event,87,16,1,15,1,0,0
r2.lib.eventcollector.EventQueue.submit_event,161,6,6,0,6,0,0
r2.lib.eventcollector.EventQueue.timeout_forbidden_event,335,5,5,0,5,0,0
r2.lib.eventcollector.EventQueue.vote_event,103,8,8,0,8,0,0
r2.lib.eventcollector.PublishableEvent.__init__,1018,1,0,1,0,0,0
r2.lib.eventcollector.PublishableEvent.truncate_data,1025,1,0,1,0,0,0
r2.lib.eventcollector._get_reason,1154,1,0,1,0,0,0
r2.lib.eventcollector._make_http_date,57,1,0,1,0,0,0
r2.lib.eventcollector.process_events,1159,4,4,0,4,0,0
r2.lib.export.(global),0,1,1,0,1,0,0
r2.lib.export.ExportError.__init__,29,1,0,1,0,0,0
r2.lib.export.export,36,2,1,1,1,0,0
r2.lib.filters.conditional_websafe,110,3,1,2,1,0,0
r2.lib.filters.double_websafe,106,2,2,0,2,0,0
r2.lib.filters.generate_table_of_contents,270,4,2,2,2,0,0
r2.lib.filters.jssafe,156,1,1,0,1,0,0
r2.lib.filters.keep_space,330,3,2,1,2,0,0
r2.lib.filters.mako_websafe,126,1,1,0,1,0,0
r2.lib.filters.markdown_souptest,192,5,3,2,3,0,0
r2.lib.filters.python_websafe,53,1,0,1,0,0,0
r2.lib.filters.safemarkdown,205,14,1,13,1,0,0
r2.lib.filters.scriptsafe_dumps,171,6,1,5,1,0,0
r2.lib.filters.spaceCompress,62,10,0,10,0,0,0
r2.lib.filters.unkeep_space,337,1,0,1,0,0,0
r2.lib.filters.unsafe,100,10,1,9,1,0,0
r2.lib.filters.websafe,131,11,1,10,1,0,0
r2.lib.filters.websafe_json,103,5,1,4,1,0,0
r2.lib.filters.wikimarkdown,217,11,7,4,7,0,0
r2.lib.generate_strings.(global),0,1,1,0,1,0,0
r2.lib.generate_strings.generate_strings,30,2,1,1,1,0,0
r2.lib.geoip._location_by_ips,44,2,2,0,2,0,0
r2.lib.geoip._organization_by_ips,69,1,1,0,1,0,0
r2.lib.geoip.get_request_location,123,5,3,2,3,0,0
r2.lib.geoip.location_by_ips,91,3,0,3,0,0,0
r2.lib.geoip.organization_by_ips,107,2,0,2,0,0,0
r2.lib.gzipper.GzipMiddleware.__call__,150,3,3,0,3,0,0
r2.lib.gzipper.GzipMiddleware.__init__,58,1,0,1,0,0,0
r2.lib.gzipper.GzipMiddleware.content_length,79,1,0,1,0,0,0
r2.lib.gzipper.GzipMiddleware.request_accepts_gzip,146,1,0,1,0,0,0
r2.lib.gzipper.GzipMiddleware.should_gzip_response,102,2,1,1,1,0,0
r2.lib.gzipper.GzipMiddleware.update_vary_header,129,3,2,1,2,0,0
r2.lib.gzipper.make_gzip_middleware,188,1,1,0,1,0,0
r2.lib.hadoop_decompress.HadoopStreamDecompressor.__init__,42,2,0,2,0,0,0
r2.lib.hadoop_decompress.HadoopStreamDecompressor._decompress_block,61,2,1,1,1,0,0
r2.lib.hadoop_decompress.HadoopStreamDecompressor._decompress_subblock,81,1,0,1,0,0,0
r2.lib.hadoop_decompress.HadoopStreamDecompressor.copy,102,1,1,0,1,0,0
r2.lib.hadoop_decompress.HadoopStreamDecompressor.decompress,48,2,1,1,1,0,0
r2.lib.hadoop_decompress.HadoopStreamDecompressor.flush,97,1,0,1,0,0,0
r2.lib.hadoop_decompress.hadoop_decompress,111,4,3,1,3,0,0
r2.lib.hardcachebackend.HardCacheBackend.__init__,41,4,3,1,3,0,0
r2.lib.hardcachebackend.HardCacheBackend.add,163,7,6,1,6,0,3
r2.lib.hardcachebackend.HardCacheBackend.clause_from_expiration,296,2,0,2,0,0,0
r2.lib.hardcachebackend.HardCacheBackend.delete,277,4,3,1,3,0,0
r2.lib.hardcachebackend.HardCacheBackend.delete_if_expired,315,6,4,2,4,0,3
r2.lib.hardcachebackend.HardCacheBackend.engine_by_category,91,8,0,8,0,0,0
r2.lib.hardcachebackend.HardCacheBackend.expired,304,1,0,1,0,0,0
r2.lib.hardcachebackend.HardCacheBackend.get,225,5,3,2,3,0,3
r2.lib.hardcachebackend.HardCacheBackend.get_multi,252,3,3,0,3,0,0
r2.lib.hardcachebackend.HardCacheBackend.ids_by_category,285,3,3,0,3,0,0
r2.lib.hardcachebackend.HardCacheBackend.incr,189,7,6,1,6,0,3
r2.lib.hardcachebackend.HardCacheBackend.profile_start,102,8,0,8,0,0,0
r2.lib.hardcachebackend.HardCacheBackend.profile_stop,119,11,3,8,3,0,3
r2.lib.hardcachebackend.HardCacheBackend.set,141,5,5,0,5,0,0
r2.lib.hardcachebackend.delete_expired,325,2,2,0,2,0,0
r2.lib.hardcachebackend.expiration_from_time,35,3,0,3,0,0,0
r2.lib.hooks.Hook.__init__,60,1,0,1,0,0,0
r2.lib.hooks.Hook.call,67,54,0,54,0,0,0
r2.lib.hooks.Hook.call_until_return,76,19,0,19,0,0,0
r2.lib.hooks.Hook.register_handler,63,2,0,2,0,0,0
r2.lib.hooks.HookRegistrar.__init__,104,2,0,2,0,0,0
r2.lib.hooks.HookRegistrar.on,108,2,2,0,2,0,0
r2.lib.hooks.HookRegistrar.register_all,121,2,1,1,1,0,0
r2.lib.hooks.all_hooks,53,1,0,1,0,0,0
r2.lib.hooks.get_hook,90,9,1,8,1,0,0
r2.lib.inventory._min_daily_pageviews_by_sr,77,2,1,1,1,0,0
r2.lib.inventory.find_campaigns,204,2,1,1,1,0,0
r2.lib.inventory.get_available_pageviews,224,8,7,1,7,0,0
r2.lib.inventory.get_campaigns_by_date,107,4,3,1,3,0,0
r2.lib.inventory.get_date_range,101,2,0,2,0,0,0
r2.lib.inventory.get_oversold,320,2,2,0,2,0,0
r2.lib.inventory.get_predicted_pageviews,152,4,3,1,3,0,0
r2.lib.inventory.make_target_name,198,1,0,1,0,0,0
r2.lib.inventory.update_prediction_data,62,3,3,0,3,0,0
r2.lib.inventory_optimization.SimpleCampaign.__init__,28,5,0,5,0,0,0
r2.lib.inventory_optimization.SimpleCampaign.__repr__,33,1,1,0,1,0,0
r2.lib.inventory_optimization.SimpleTarget.__init__,40,3,0,3,0,0,0
r2.lib.inventory_optimization.System.__init__,56,3,1,2,1,0,0
r2.lib.inventory_optimization.System.__repr__,60,1,1,0,1,0,0
r2.lib.inventory_optimization.System.combine_campaigns,67,6,5,1,5,0,0
r2.lib.inventory_optimization.System.get_free_impressions,187,4,2,2,2,0,0
r2.lib.inventory_optimization.System.reduce_campaigns,88,2,1,1,1,0,0
r2.lib.inventory_optimization.System.reduce_targets,112,4,3,1,3,0,0
r2.lib.inventory_optimization.System.simplify,169,4,3,1,3,0,0
r2.lib.inventory_optimization.campaign_to_simple_campaign,295,1,1,0,1,0,0
r2.lib.inventory_optimization.get_maximized_pageviews,302,7,6,1,6,0,0
r2.lib.inventory_optimization.run_tests,314,5,5,0,5,0,0
r2.lib.ip_events.account_ids_by_ip,29,2,2,0,2,0,0
r2.lib.ip_events.ips_by_account_id,8,6,5,1,5,0,0
r2.lib.js.(global),0,4,4,0,4,0,0
r2.lib.js.DataSource.__init__,216,1,0,1,0,0,0
r2.lib.js.DataSource.get_content,220,1,0,1,0,0,0
r2.lib.js.DataSource.get_source,223,2,1,1,1,0,0
r2.lib.js.DataSource.use,228,2,2,0,2,0,0
r2.lib.js.FileSource.__init__,85,2,0,2,0,0,0
r2.lib.js.FileSource.dependencies,117,2,2,0,2,0,0
r2.lib.js.FileSource.get_source,91,3,3,0,3,0,0
r2.lib.js.FileSource.url,105,3,2,1,2,0,0
r2.lib.js.FileSource.use,113,1,1,0,1,0,0
r2.lib.js.LocalizedModule.__init__,359,3,2,1,2,0,0
r2.lib.js.LocalizedModule.build,372,6,6,0,6,0,0
r2.lib.js.LocalizedModule.languagize_path,368,3,0,3,0,0,0
r2.lib.js.LocalizedModule.outputs,425,2,2,0,2,0,0
r2.lib.js.LocalizedModule.use,399,7,7,0,7,0,0
r2.lib.js.Module.__init__,125,5,3,2,3,0,0
r2.lib.js.Module.build,174,3,2,1,2,0,0
r2.lib.js.Module.dependencies,203,1,1,0,1,0,0
r2.lib.js.Module.destination_path,170,2,2,0,2,0,0
r2.lib.js.Module.extend,166,44,1,43,1,1,1
r2.lib.js.Module.get_default_source,143,2,1,1,1,0,0
r2.lib.js.Module.get_flattened_sources,146,6,1,5,1,1,1
r2.lib.js.Module.get_source,159,4,2,2,2,0,0
r2.lib.js.Module.url,188,2,1,1,1,0,0
r2.lib.js.Module.use,195,4,3,1,3,0,0
r2.lib.js.PermissionsDataSource.__init__,242,1,0,1,0,0,0
r2.lib.js.PermissionsDataSource._make_marked_json,246,5,3,2,3,1,1
r2.lib.js.PermissionsDataSource.get_source,264,2,2,0,2,0,0
r2.lib.js.PluralForms.get_localized_source,344,2,2,0,2,0,0
r2.lib.js.StringsSource.__init__,310,2,0,2,0,0,0
r2.lib.js.StringsSource._check_formatting_specifiers,314,1,0,1,0,0,0
r2.lib.js.StringsSource.get_localized_source,321,2,2,0,2,0,0
r2.lib.js.TemplateFileSource.__init__,280,3,2,1,2,0,0
r2.lib.js.TemplateFileSource.get_content,285,3,3,0,3,0,0
r2.lib.js.Uglify.compile,51,1,0,1,0,0,0
r2.lib.js.build_command,770,1,1,0,1,0,0
r2.lib.js.enumerate_modules,779,1,1,0,1,0,0
r2.lib.js.load_plugin_modules,762,3,2,1,2,0,0
r2.lib.js.src,741,1,1,0,1,0,0
r2.lib.js.use,758,1,1,0,1,0,0
r2.lib.jsonresponse.JQueryResponse.__call__,173,1,1,0,1,0,0
r2.lib.jsonresponse.JQueryResponse.__getattr__,176,3,1,2,1,0,0
r2.lib.jsonresponse.JQueryResponse.__init__,144,3,2,1,2,0,0
r2.lib.jsonresponse.JQueryResponse._clear,152,3,1,2,1,0,0
r2.lib.jsonresponse.JQueryResponse._things,209,2,2,0,2,0,0
r2.lib.jsonresponse.JQueryResponse.focus_input,242,1,1,0,1,0,0
r2.lib.jsonresponse.JQueryResponse.get_input,232,2,0,2,0,0,0
r2.lib.jsonresponse.JQueryResponse.has_error,192,1,0,1,0,0,0
r2.lib.jsonresponse.JQueryResponse.insert_table_rows,214,2,1,1,1,0,0
r2.lib.jsonresponse.JQueryResponse.make_response,195,2,2,0,2,0,0
r2.lib.jsonresponse.JQueryResponse.new_captcha,227,1,1,0,1,0,0
r2.lib.jsonresponse.JQueryResponse.process_rendered,161,1,1,0,1,0,0
r2.lib.jsonresponse.JQueryResponse.refresh,261,16,1,15,1,0,0
r2.lib.jsonresponse.JQueryResponse.send_failure,167,2,2,0,2,0,0
r2.lib.jsonresponse.JQueryResponse.set,255,1,1,0,1,0,0
r2.lib.jsonresponse.JQueryResponse.set_html,245,2,0,2,0,0,0
r2.lib.jsonresponse.JQueryResponse.set_inputs,235,10,2,8,2,0,0
r2.lib.jsonresponse.JQueryResponse.set_text,250,36,1,35,1,0,0
r2.lib.jsonresponse.JQueryResponse.transform,180,3,0,3,0,0,0
r2.lib.jsonresponse.JsonResponse.__init__,46,3,1,2,1,0,0
r2.lib.jsonresponse.JsonResponse._clear,49,3,0,3,0,0,0
r2.lib.jsonresponse.JsonResponse._send_data,122,9,0,9,0,0,0
r2.lib.jsonresponse.JsonResponse._things,96,5,2,3,2,0,0
r2.lib.jsonresponse.JsonResponse.has_errors,83,1,1,0,1,0,0
r2.lib.jsonresponse.JsonResponse.insert_things,114,3,1,2,1,0,0
r2.lib.jsonresponse.JsonResponse.make_response,66,2,1,1,1,0,0
r2.lib.jsonresponse.JsonResponse.process_rendered,93,1,0,1,0,0,0
r2.lib.jsonresponse.JsonResponse.replace_things,117,4,1,3,1,0,0
r2.lib.jsonresponse.JsonResponse.send_failure,55,2,1,1,1,0,0
r2.lib.jsonresponse.JsonResponse.set_error,77,1,0,1,0,0,0
r2.lib.jsontemplates.AccountJsonTemplate.thing_attr,590,1,1,0,1,0,0
r2.lib.jsontemplates.CommentJsonTemplate.get_json,935,12,12,0,12,0,0
r2.lib.jsontemplates.CommentJsonTemplate.get_link_name,922,4,1,3,1,0,0
r2.lib.jsontemplates.CommentJsonTemplate.get_parent_id,913,5,1,4,1,0,0
r2.lib.jsontemplates.CommentJsonTemplate.get_rendered,989,6,6,0,6,0,0
r2.lib.jsontemplates.CommentJsonTemplate.render_child,927,2,0,2,0,0,0
r2.lib.jsontemplates.FlairCsvJsonTemplate.render,1361,1,1,0,1,0,0
r2.lib.jsontemplates.FlairListJsonTemplate.render,1341,1,1,0,1,0,0
r2.lib.jsontemplates.FlairSelectorJsonTemplate._template_dict,1366,1,0,1,0,0,0
r2.lib.jsontemplates.FlairSelectorJsonTemplate.render,1373,2,2,0,2,0,0
r2.lib.jsontemplates.FriendTableItemJsonTemplate.inject_data,1229,3,1,2,1,0,0
r2.lib.jsontemplates.FriendTableItemJsonTemplate.raw_data,1238,1,1,0,1,0,0
r2.lib.jsontemplates.FriendTableItemJsonTemplate.rendered_data,1234,1,1,0,1,0,0
r2.lib.jsontemplates.IdentityJsonTemplate.add_message_data,548,2,1,1,1,0,0
r2.lib.jsontemplates.IdentityJsonTemplate.raw_data,517,3,3,0,3,0,0
r2.lib.jsontemplates.IdentityJsonTemplate.thing_attr,553,6,3,3,3,0,0
r2.lib.jsontemplates.InvitedModTableItemJsonTemplate.thing_attr,1258,2,2,0,2,0,0
r2.lib.jsontemplates.JsonTemplate.render,85,1,1,0,1,0,0
r2.lib.jsontemplates.KarmaListJsonTemplate.data,1576,3,3,0,3,0,0
r2.lib.jsontemplates.LabeledMultiDescriptionJsonTemplate.thing_attr,386,2,2,0,2,0,0
r2.lib.jsontemplates.LabeledMultiJsonTemplate.__init__,413,2,0,2,0,0,0
r2.lib.jsontemplates.LabeledMultiJsonTemplate.sr_props,421,3,1,2,1,0,0
r2.lib.jsontemplates.LabeledMultiJsonTemplate.thing_attr,429,2,2,0,2,0,0
r2.lib.jsontemplates.LinkJsonTemplate.get_json,799,12,11,1,11,0,0
r2.lib.jsontemplates.LinkJsonTemplate.get_rendered,882,1,1,0,1,0,0
r2.lib.jsontemplates.ListingJsonTemplate.rendered_data,1141,2,1,1,1,0,0
r2.lib.jsontemplates.ListingJsonTemplate.thing_attr,1128,2,1,1,1,0,0
r2.lib.jsontemplates.MessageJsonTemplate.raw_data,1082,1,1,0,1,0,0
r2.lib.jsontemplates.MessageJsonTemplate.rendered_data,1089,3,3,0,3,0,0
r2.lib.jsontemplates.MessageJsonTemplate.thing_attr,1049,4,3,1,3,0,0
r2.lib.jsontemplates.ModActionTemplate.thing_attr,1531,1,1,0,1,0,0
r2.lib.jsontemplates.MoreCommentJsonTemplate.get_json,1007,1,1,0,1,0,0
r2.lib.jsontemplates.MoreCommentJsonTemplate.get_rendered,1018,3,3,0,3,0,0
r2.lib.jsontemplates.NullJsonTemplate.get_def,1117,2,0,2,0,0,0
r2.lib.jsontemplates.ObjectTemplate.__init__,60,15,0,15,0,0,0
r2.lib.jsontemplates.ObjectTemplate.finalize,78,7,1,6,1,0,0
r2.lib.jsontemplates.ObjectTemplate.update,63,4,3,1,3,0,0
r2.lib.jsontemplates.PanestackJsonTemplate.render,1106,1,1,0,1,0,0
r2.lib.jsontemplates.PrefsJsonTemplate.__init__,603,2,0,2,0,0,0
r2.lib.jsontemplates.PrefsJsonTemplate.thing_attr,612,1,1,0,1,0,0
r2.lib.jsontemplates.PromotedLinkJsonTemplate.get_json,892,1,1,0,1,0,0
r2.lib.jsontemplates.RedditJsonTemplate.render,1102,1,1,0,1,0,0
r2.lib.jsontemplates.RelTableItemJsonTemplate.thing_attr,1212,7,4,3,4,1,1
r2.lib.jsontemplates.RulesJsonTemplate.render,1634,2,2,0,2,0,0
r2.lib.jsontemplates.SearchListingJsonTemplate.raw_data,1149,1,1,0,1,0,0
r2.lib.jsontemplates.StylesheetTemplate.images,1431,3,2,1,2,0,0
r2.lib.jsontemplates.StylesheetTemplate.thing_attr,1440,2,2,0,2,0,0
r2.lib.jsontemplates.SubredditJsonTemplate.raw_data,313,3,3,0,3,0,0
r2.lib.jsontemplates.SubredditJsonTemplate.thing_attr,329,4,3,1,3,0,0
r2.lib.jsontemplates.SubredditSettingsTemplate.raw_data,1493,2,2,0,2,0,0
r2.lib.jsontemplates.SubredditSettingsTemplate.thing_attr,1485,3,2,1,2,0,0
r2.lib.jsontemplates.ThingJsonTemplate.data,235,5,3,2,3,0,0
r2.lib.jsontemplates.ThingJsonTemplate.kind,163,3,1,2,1,0,0
r2.lib.jsontemplates.ThingJsonTemplate.raw_data,189,8,2,6,2,0,0
r2.lib.jsontemplates.ThingJsonTemplate.render,241,3,3,0,3,0,0
r2.lib.jsontemplates.ThingJsonTemplate.rendered_data,171,3,1,2,1,0,0
r2.lib.jsontemplates.ThingJsonTemplate.thing_attr,203,14,0,14,0,0,0
r2.lib.jsontemplates.ThingTemplate.get_json,130,2,0,2,0,0,0
r2.lib.jsontemplates.ThingTemplate.get_kind,125,1,1,0,1,0,0
r2.lib.jsontemplates.ThingTemplate.get_rendered,141,3,0,3,0,0,0
r2.lib.jsontemplates.ThingTemplate.render,96,2,2,0,2,0,0
r2.lib.jsontemplates.TrafficJsonTemplate.render,1271,1,1,0,1,0,0
r2.lib.jsontemplates.TrophyJsonTemplate.kind,1621,1,1,0,1,0,0
r2.lib.jsontemplates.TrophyJsonTemplate.thing_attr,1610,2,2,0,2,0,0
r2.lib.jsontemplates.UploadedImageJsonTemplate.render,1506,1,1,0,1,0,0
r2.lib.jsontemplates.UserListJsonTemplate.rendered_data,1187,1,1,0,1,0,0
r2.lib.jsontemplates.UserListJsonTemplate.thing_attr,1178,2,1,1,1,0,0
r2.lib.jsontemplates.UserListingJsonTemplate.raw_data,1165,2,2,0,2,0,0
r2.lib.jsontemplates.UserTableItemJsonTemplate.render,1203,2,2,0,2,0,0
r2.lib.jsontemplates.UserTableItemJsonTemplate.thing_attr,1200,2,1,1,1,0,0
r2.lib.jsontemplates.WikiJsonTemplate.render,1286,1,1,0,1,0,0
r2.lib.jsontemplates.WikiRevisionJsonTemplate.render,1327,2,2,0,2,0,0
r2.lib.jsontemplates.generate_image_links,749,1,0,1,0,0,0
r2.lib.jsontemplates.get_author_attributes,642,3,1,2,1,0,0
r2.lib.jsontemplates.get_distinguished_attributes,666,2,0,2,0,0,0
r2.lib.jsontemplates.get_edited_attributes,673,2,0,2,0,0,0
r2.lib.jsontemplates.get_media_embed_attributes,706,2,1,1,1,0,0
r2.lib.jsontemplates.get_mod_attributes,618,2,0,2,0,0,0
r2.lib.jsontemplates.get_removal_reason_attributes,697,2,0,2,0,0,0
r2.lib.jsontemplates.get_report_reason_attributes,683,2,0,2,0,0,0
r2.lib.jsontemplates.get_selftext_attributes,738,2,1,1,1,0,0
r2.lib.jsontemplates.get_trimmed_sr_dicts,446,2,0,2,0,0,0
r2.lib.jsontemplates.get_usertrophies,1590,4,1,3,1,0,0
r2.lib.jsontemplates.make_fullname,55,10,1,9,1,0,0
r2.lib.jsontemplates.make_typename,52,3,0,3,0,0,0
r2.lib.language.(global),0,1,1,0,1,0,0
r2.lib.language.charset_name,9,2,1,1,1,0,0
r2.lib.language.charset_summary,188,2,1,1,1,0,0
r2.lib.language.symbology,171,2,1,1,1,0,0
r2.lib.lock.MemcacheLock.__enter__,64,1,1,0,1,0,0
r2.lib.lock.MemcacheLock.__exit__,68,1,1,0,1,0,0
r2.lib.lock.MemcacheLock.__init__,49,1,0,1,0,0,0
r2.lib.lock.MemcacheLock.acquire,71,5,4,1,4,0,0
r2.lib.lock.MemcacheLock.release,125,1,0,1,0,0,0
r2.lib.lock.make_lock_factory,140,2,1,1,1,0,0
r2.lib.log.LoggingErrorReporter.report,249,1,1,0,1,0,0
r2.lib.log.RavenErrorReporter.add_http_context,107,1,0,1,0,0,0
r2.lib.log.RavenErrorReporter.add_reddit_context,141,1,0,1,0,0,0
r2.lib.log.RavenErrorReporter.add_user_context,153,1,0,1,0,0,0
r2.lib.log.RavenErrorReporter.capture_exception,195,9,7,2,7,0,0
r2.lib.log.RavenErrorReporter.get_module_versions,100,1,0,1,0,0,0
r2.lib.log.RavenErrorReporter.get_raven_client,166,2,1,1,1,0,0
r2.lib.log.RavenErrorReporter.report,235,1,1,0,1,0,0
r2.lib.log.SanitizeStackLocalsProcessor.filter_stacktrace,71,1,1,0,1,0,0
r2.lib.log.get_operational_exceptions,37,1,0,1,0,0,0
r2.lib.log.write_error_summary,239,1,0,1,0,0,0
r2.lib.loid.LoId._create,95,3,2,1,2,0,0
r2.lib.loid.LoId._trigger_event,86,1,0,1,0,0,0
r2.lib.loid.LoId.load,115,9,3,6,3,0,0
r2.lib.loid.LoId.save,148,9,1,8,1,0,0
r2.lib.loid.LoId.to_dict,163,4,4,0,4,0,0
r2.lib.loid.ensure_unquoted,30,1,0,1,0,0,0
r2.lib.loid.isodate,22,2,0,2,0,0,0
r2.lib.manager.db_manager.db_manager.add_relation,88,1,0,1,0,0,0
r2.lib.manager.db_manager.db_manager.add_thing,82,1,0,1,0,0,0
r2.lib.manager.db_manager.db_manager.get_engines,137,1,0,1,0,0,0
r2.lib.manager.db_manager.db_manager.get_read_table,140,1,0,1,0,0,0
r2.lib.manager.db_manager.db_manager.mark_dead,116,6,1,5,1,0,0
r2.lib.manager.db_manager.db_manager.rels_iter,110,2,1,1,1,0,0
r2.lib.manager.db_manager.db_manager.setup_db,93,3,2,1,2,0,0
r2.lib.manager.db_manager.db_manager.test_engine,120,3,2,1,2,0,0
r2.lib.manager.db_manager.db_manager.things_iter,103,2,1,1,1,0,0
r2.lib.manager.db_manager.get_engine,37,3,2,1,2,0,0
r2.lib.manager.tp_manager.tp_manager.add_handler,41,3,0,3,0,0,0
r2.lib.manager.tp_manager.tp_manager.cache_template,49,2,0,2,0,0,0
r2.lib.manager.tp_manager.tp_manager.get,79,3,2,1,2,0,2
r2.lib.manager.tp_manager.tp_manager.get_template,59,3,2,1,2,0,2
r2.lib.media.MediaEmbed.__init__,610,3,0,3,0,0,0
r2.lib.media.Scraper.for_url,636,7,6,1,6,0,0
r2.lib.media._EmbedlyScraper.__init__,784,1,0,1,0,0,0
r2.lib.media._EmbedlyScraper._fetch_from_embedly,792,3,2,1,2,0,0
r2.lib.media._EmbedlyScraper._make_media_object,811,2,1,1,1,0,0
r2.lib.media._EmbedlyScraper.media_embed,873,2,1,1,1,0,0
r2.lib.media._EmbedlyScraper.scrape,819,8,8,0,8,0,0
r2.lib.media._EmbedlyScraper.validate_secure_oembed,856,2,1,1,1,0,0
r2.lib.media._ThumbnailOnlyScraper.__init__,665,3,1,2,1,0,0
r2.lib.media._ThumbnailOnlyScraper._extract_image_urls,702,1,0,1,0,0,0
r2.lib.media._ThumbnailOnlyScraper._find_thumbnail_image,706,5,4,1,4,0,0
r2.lib.media._ThumbnailOnlyScraper.scrape,671,8,7,1,7,0,0
r2.lib.media._YouTubeScraper.__init__,895,1,0,1,0,0,0
r2.lib.media._YouTubeScraper._fetch_from_youtube,903,1,0,1,0,0,0
r2.lib.media._YouTubeScraper._make_media_object,915,1,0,1,0,0,0
r2.lib.media._YouTubeScraper.matches,900,1,0,1,0,0,0
r2.lib.media._YouTubeScraper.media_embed,955,2,1,1,1,0,0
r2.lib.media._YouTubeScraper.scrape,923,7,7,0,7,0,0
r2.lib.media._apply_exif_orientation,130,1,0,1,0,0,0
r2.lib.media._clean_url,192,2,1,1,1,0,0
r2.lib.media._crop_image_vertically,101,3,1,2,1,0,0
r2.lib.media._fetch_embedly_service_data,975,2,1,1,1,0,0
r2.lib.media._fetch_embedly_services,980,3,2,1,2,0,0
r2.lib.media._fetch_image_size,230,2,1,1,1,0,0
r2.lib.media._fetch_url,215,6,2,4,2,0,0
r2.lib.media._filename_from_content,273,6,0,6,0,0,0
r2.lib.media._get_scrape_url,396,13,8,5,8,0,0
r2.lib.media._image_entropy,92,2,1,1,1,0,0
r2.lib.media._image_to_str,80,2,1,1,1,0,0
r2.lib.media._initialize_request,199,3,1,2,1,0,0
r2.lib.media._make_custom_media_embed,574,2,1,1,1,0,0
r2.lib.media._prepare_image,172,6,2,4,2,0,0
r2.lib.media._scrape_media,320,8,7,1,7,0,0
r2.lib.media._set_media,426,6,6,0,6,0,0
r2.lib.media._square_image,124,2,1,1,1,0,0
r2.lib.media.allowed_media_preview_url,507,3,3,0,3,0,0
r2.lib.media.force_mobile_ad_image,484,3,3,0,3,0,0
r2.lib.media.force_thumbnail,474,3,3,0,3,0,0
r2.lib.media.get_media_embed,583,6,4,2,4,0,0
r2.lib.media.get_preview_image,517,1,1,0,1,0,0
r2.lib.media.optimize_jpeg,257,1,0,1,0,0,0
r2.lib.media.run,997,1,1,0,1,0,0
r2.lib.media.str_to_image,86,8,0,8,0,0,0
r2.lib.media.upload_icon,498,3,3,0,3,0,0
r2.lib.media.upload_media,278,11,5,6,5,0,0
r2.lib.media.upload_stylesheet,315,2,1,1,1,0,0
r2.lib.memoize.memoize,31,3,1,2,1,0,0
r2.lib.menus.CommentSortMenu.__init__,590,1,0,1,0,0,0
r2.lib.menus.CommentSortMenu.visible_options,595,2,0,2,0,0,0
r2.lib.menus.JsButton.__init__,483,5,1,4,1,0,0
r2.lib.menus.JsButton.build,491,1,0,1,0,0,0
r2.lib.menus.MenuHandler.__getattr__,42,1,1,0,1,0,0
r2.lib.menus.ModeratorMailButton.is_selected,404,1,1,0,1,0,0
r2.lib.menus.NamedButton.__init__,465,14,1,13,1,0,0
r2.lib.menus.NavButton.__init__,282,21,1,20,1,0,0
r2.lib.menus.NavButton.build,301,2,2,0,2,0,0
r2.lib.menus.NavButton.is_selected,314,2,1,1,1,0,0
r2.lib.menus.NavMenu.__init__,221,29,2,27,2,0,0
r2.lib.menus.NavMenu.find_selected,248,1,0,1,0,0,0
r2.lib.menus.PostButton.__init__,375,1,1,0,1,0,0
r2.lib.menus.QueryButton.__init__,348,6,1,5,1,0,0
r2.lib.menus.QueryButton.build,355,2,1,1,1,0,0
r2.lib.menus.SortMenu.__init__,531,2,2,0,2,0,0
r2.lib.menus.SortMenu.make_buttons,541,2,1,1,1,0,0
r2.lib.menus.SortMenu.make_title,550,1,0,1,0,0,0
r2.lib.menus.SortMenu.operator,566,2,0,2,0,0,0
r2.lib.menus.SortMenu.sort,570,1,0,1,0,0,0
r2.lib.menus.SubredditButton.__init__,435,5,1,4,1,0,0
r2.lib.menus.TimeMenu.operator,655,1,1,0,1,0,0
r2.lib.menus.menu_style,199,1,0,1,0,0,0
r2.lib.merge.(global),0,1,1,0,1,0,0
r2.lib.merge.ConflictException.__init__,34,2,1,1,1,0,0
r2.lib.merge.make_htmldiff,42,2,0,2,0,0,0
r2.lib.merge.threewaymerge,55,3,1,2,1,0,0
r2.lib.message_to_email.get_email_ids,118,1,0,1,0,0,0
r2.lib.message_to_email.get_message_subject,105,3,1,2,1,0,0
r2.lib.message_to_email.get_reply_to_address,41,1,0,1,0,0,0
r2.lib.message_to_email.get_system_from_address,135,1,0,1,0,0,0
r2.lib.message_to_email.parse_and_validate_reply_to_address,75,3,2,1,2,0,0
r2.lib.message_to_email.process_modmail_email,248,2,2,0,2,0,0
r2.lib.message_to_email.queue_blocked_muted_email,235,1,0,1,0,0,0
r2.lib.message_to_email.queue_modmail_email,225,1,0,1,0,0,0
r2.lib.message_to_email.send_blocked_muted_email,207,3,2,1,2,0,0
r2.lib.message_to_email.send_modmail_email,140,5,4,1,4,0,0
r2.lib.migrate.migrate.add_allow_top_to_srs,28,1,1,0,1,0,0
r2.lib.migrate.migrate.convert_query_cache_to_json,229,1,1,0,1,0,0
r2.lib.migrate.migrate.populate_spam_filtered,244,6,6,0,6,0,0
r2.lib.migrate.migrate.port_cassaurls,188,3,3,0,3,0,0
r2.lib.migrate.migrate.port_deleted_links,210,5,5,0,5,0,0
r2.lib.migrate.migrate.pushup_permacache,97,4,4,0,4,0,0
r2.lib.migrate.migrate.recompute_unread,64,1,1,0,1,0,0
r2.lib.migrate.mr_domains.store_keys,102,1,1,0,1,0,0
r2.lib.migrate.mr_domains.time_listings,65,5,5,0,5,0,0
r2.lib.migrate.mr_permacache.comment_listings,148,1,1,0,1,0,0
r2.lib.migrate.mr_permacache.insert_to_query,176,2,1,1,1,0,0
r2.lib.migrate.mr_permacache.link_listings,113,2,2,0,2,0,0
r2.lib.migrate.mr_permacache.linkvote_listings,168,1,1,0,1,0,0
r2.lib.migrate.mr_permacache.rel_listings,158,3,1,2,1,0,0
r2.lib.migrate.mr_permacache.savehide_listings,172,1,1,0,1,0,0
r2.lib.migrate.mr_permacache.store_keys,179,1,1,0,1,0,0
r2.lib.migrate.mr_permacache.top1k_writefiles,216,1,1,0,1,0,0
r2.lib.migrate.mr_permacache.top1k_writepermacache,259,1,0,1,0,0,0
r2.lib.migrate.mr_permacache.write_permacache_from_dir,264,2,2,0,2,0,0
r2.lib.migrate.mr_permacache.write_permacache_from_file,294,2,1,1,1,0,0
r2.lib.migrate.vote_details_ip_backfill.(global),0,1,1,0,1,0,0
r2.lib.migrate.vote_details_ip_backfill.backfill_vote_details,13,5,4,1,4,0,0
r2.lib.migrate.vote_details_ip_backfill.main,52,2,1,1,1,0,0
r2.lib.mr_tools.mr_tools.Mapper.__call__,93,1,1,0,1,0,0
r2.lib.mr_tools.mr_tools.Mapper.__init__,87,1,0,1,0,0,0
r2.lib.mr_tools.mr_tools.Mapper.process,90,1,0,1,0,0,0
r2.lib.mr_tools.mr_tools.mr_map_parallel,98,1,0,1,0,0,0
r2.lib.mr_tools.mr_tools.test_parallel,128,1,1,0,1,0,0
r2.lib.mr_top._get_cutoffs,59,2,1,1,1,0,0
r2.lib.mr_top.join_things,55,1,1,0,1,0,0
r2.lib.mr_top.time_listings,70,6,6,0,6,0,0
r2.lib.newsletter.add_subscriber,45,2,2,0,2,0,0
r2.lib.normalized_hot.get_hot_factor,63,1,0,1,0,0,0
r2.lib.normalized_hot.get_hot_tuples,38,5,4,1,4,0,0
r2.lib.normalized_hot.normalized_hot,82,8,3,5,3,0,0
r2.lib.nymph.(global),0,1,1,0,1,0,0
r2.lib.nymph.SpritableImage.__init__,62,1,0,1,0,0,0
r2.lib.nymph.SpritableImage.stretch_to_width,75,1,0,1,0,0,0
r2.lib.nymph.SpriteBin.__init__,80,1,0,1,0,0,0
r2.lib.nymph.SpriteBin.add_image,91,1,0,1,0,0,0
r2.lib.nymph.SpriteBin.has_space_for,87,1,0,1,0,0,0
r2.lib.nymph._extract_css_info,48,2,0,2,0,0,0
r2.lib.nymph._generate_sprite,120,8,7,1,7,0,0
r2.lib.nymph._load_spritable_images,96,3,2,1,2,0,0
r2.lib.nymph._rewrite_css,168,3,2,1,2,0,0
r2.lib.nymph.optimize_png,43,2,0,2,0,0,0
r2.lib.nymph.spritify,202,4,3,1,3,0,0
r2.lib.organic.cached_organic_links,34,4,3,1,3,0,0
r2.lib.organic.organic_links,59,2,2,0,2,0,0
r2.lib.pages.admin_pages.AdminLinkMenu.__init__,84,2,1,1,1,0,0
r2.lib.pages.admin_pages.AdminNotesSidebar.__init__,103,3,1,2,1,0,0
r2.lib.pages.admin_pages.AdminPage.__init__,74,5,0,5,0,0,0
r2.lib.pages.admin_pages.AdminProfileMenu.__init__,78,2,1,1,1,0,0
r2.lib.pages.admin_pages.AdminSidebar.__init__,51,1,0,1,0,0,0
r2.lib.pages.admin_pages.Details.__init__,63,1,0,1,0,0,0
r2.lib.pages.admin_pages.SponsorSidebar.__init__,57,1,0,1,0,0,0
r2.lib.pages.admin_pages.admin_menu,39,2,2,0,2,0,0
r2.lib.pages.pages.(global),0,1,1,0,1,0,0
r2.lib.pages.pages.AccountActivityBox.__init__,1079,1,0,1,0,0,0
r2.lib.pages.pages.AccountActivityPage.__init__,5406,1,0,1,0,0,0
r2.lib.pages.pages.AccountActivityPage.content,5409,1,1,0,1,0,0
r2.lib.pages.pages.AdminAwardGive.__init__,3722,1,0,1,0,0,0
r2.lib.pages.pages.AdminAwardWinners.__init__,3738,1,0,1,0,0,0
r2.lib.pages.pages.AdminAwards.__init__,3715,1,0,1,0,0,0
r2.lib.pages.pages.AdminCreddits.__init__,3745,1,0,1,0,0,0
r2.lib.pages.pages.AdminGold.__init__,3752,1,0,1,0,0,0
r2.lib.pages.pages.Ads.__init__,3758,1,0,1,0,0,0
r2.lib.pages.pages.AllInfoBar.__init__,2981,2,1,1,1,0,0
r2.lib.pages.pages.ApiHelp.__init__,5426,1,0,1,0,0,0
r2.lib.pages.pages.ArchivedInterstitial.__init__,2769,1,0,1,0,0,0
r2.lib.pages.pages.AutoModeratorConfig.__init__,3100,1,0,1,0,0,0
r2.lib.pages.pages.Bookings.__add__,5000,2,1,1,1,0,0
r2.lib.pages.pages.Bookings.__init__,4996,2,0,2,0,0,0
r2.lib.pages.pages.Bookings.__radd__,5010,1,1,0,1,0,0
r2.lib.pages.pages.Bookings.__repr__,5013,1,1,0,1,0,0
r2.lib.pages.pages.BoringPage.__init__,1438,39,1,38,1,0,0
r2.lib.pages.pages.BoringPage.build_toolbars,1448,1,0,1,0,0,0
r2.lib.pages.pages.Button.__init__,3648,1,1,0,1,0,0
r2.lib.pages.pages.Button.add_props,3656,1,0,1,0,0,0
r2.lib.pages.pages.Button.render,3666,1,1,0,1,0,0
r2.lib.pages.pages.Captcha.__init__,3482,5,1,4,1,0,0
r2.lib.pages.pages.ClickGadget.__init__,1136,3,1,2,1,0,0
r2.lib.pages.pages.ClickGadget.make_content,1143,4,2,2,2,0,0
r2.lib.pages.pages.ClientInfoBar.__init__,2618,2,1,1,1,0,0
r2.lib.pages.pages.CommentPane.__init__,2018,13,11,2,11,0,0
r2.lib.pages.pages.CommentPane.cache_key,1983,2,1,1,1,0,0
r2.lib.pages.pages.CommentPane.listing_iter,2181,2,1,1,1,1,1
r2.lib.pages.pages.CommentVisitsBox.__init__,1638,1,0,1,0,0,0
r2.lib.pages.pages.CreateSubreddit.__init__,3006,4,2,2,2,0,0
r2.lib.pages.pages.CssError.__init__,3112,2,0,2,0,0,0
r2.lib.pages.pages.DebugFooter.__init__,1070,1,0,1,0,0,0
r2.lib.pages.pages.DetailsPage.__init__,4321,8,7,1,7,0,0
r2.lib.pages.pages.DetailsPage.rightbox,4349,1,1,0,1,0,0
r2.lib.pages.pages.EditReddit.__init__,2205,5,1,4,1,0,0
r2.lib.pages.pages.Embed.__init__,3773,1,0,1,0,0,0
r2.lib.pages.pages.ErrorPage.__init__,2654,1,0,1,0,0,0
r2.lib.pages.pages.ExploreItem.__init__,5752,3,0,3,0,0,0
r2.lib.pages.pages.ExploreItem.is_over18,5771,1,0,1,0,0,0
r2.lib.pages.pages.ExploreItemListing.__init__,5776,3,2,1,2,0,0
r2.lib.pages.pages.FilteredInfoBar.__init__,2973,1,0,1,0,0,0
r2.lib.pages.pages.FlairCsv.__init__,4165,1,0,1,0,0,0
r2.lib.pages.pages.FlairCsv.add_line,4168,1,0,1,0,0,0
r2.lib.pages.pages.FlairList.__init__,4072,2,0,2,0,0,0
r2.lib.pages.pages.FlairList.flair,4077,2,2,0,2,0,0
r2.lib.pages.pages.FlairListRow.__init__,4132,1,0,1,0,0,0
r2.lib.pages.pages.FlairNextLink.__init__,4147,1,0,1,0,0,0
r2.lib.pages.pages.FlairPane.__init__,4046,4,3,1,3,0,0
r2.lib.pages.pages.FlairPrefs.__init__,4215,2,1,1,1,0,0
r2.lib.pages.pages.FlairSelector.__init__,4248,5,4,1,4,0,0
r2.lib.pages.pages.FlairSelector._get_templates,4304,2,1,1,1,0,0
r2.lib.pages.pages.FlairSelector.render,4301,1,1,0,1,0,0
r2.lib.pages.pages.FlairSelectorLinkSample.__init__,4232,2,1,1,1,0,0
r2.lib.pages.pages.FlairTemplateEditor.__init__,4184,3,1,2,1,0,0
r2.lib.pages.pages.FlairTemplateEditor.render,4195,1,1,0,1,0,0
r2.lib.pages.pages.FlairTemplateList.__init__,4173,1,0,1,0,0,0
r2.lib.pages.pages.FlairTemplateList.templates,4177,1,1,0,1,0,0
r2.lib.pages.pages.FlairTemplateSample.__init__,4203,2,1,1,1,0,0
r2.lib.pages.pages.FormPage.__init__,1462,3,1,2,1,0,0
r2.lib.pages.pages.GeotargetNotice.__init__,5802,1,0,1,0,0,0
r2.lib.pages.pages.Gold.__init__,3147,1,0,1,0,0,0
r2.lib.pages.pages.GoldPayment.__init__,3171,4,2,2,2,0,0
r2.lib.pages.pages.GoldSubscription.__init__,3318,3,2,1,2,0,0
r2.lib.pages.pages.Goldvertisement.__init__,5459,6,5,1,5,0,0
r2.lib.pages.pages.HelpLink.__init__,1219,2,0,2,0,0,0
r2.lib.pages.pages.InTimeoutInterstitial.__init__,2728,1,0,1,0,0,0
r2.lib.pages.pages.InfoBar.__init__,2590,9,0,9,0,0,0
r2.lib.pages.pages.InterestBar.__init__,5454,2,0,2,0,0,0
r2.lib.pages.pages.Interstitial.__init__,2693,1,0,1,0,0,0
r2.lib.pages.pages.InterstitialPage.__init__,2672,5,1,4,1,0,0
r2.lib.pages.pages.InvitedModTableItem.__init__,3999,3,3,0,3,0,0
r2.lib.pages.pages.InvitedModTableItem.is_editable,3992,1,0,1,0,0,0
r2.lib.pages.pages.LinkChild.__init__,4752,1,0,1,0,0,0
r2.lib.pages.pages.LinkCommentsSettings.__init__,5499,3,2,1,2,0,0
r2.lib.pages.pages.LinkInfoBar.__init__,2196,1,0,1,0,0,0
r2.lib.pages.pages.LinkInfoPage.__init__,1657,14,9,5,9,0,0
r2.lib.pages.pages.LinkInfoPage._build_og_data,1763,5,4,1,4,0,0
r2.lib.pages.pages.LinkInfoPage._build_og_description,1833,1,0,1,0,0,0
r2.lib.pages.pages.LinkInfoPage._build_og_image,1790,3,2,1,2,0,0
r2.lib.pages.pages.LinkInfoPage._build_twitter_card_data,1842,2,1,1,1,0,0
r2.lib.pages.pages.LinkInfoPage.build_popup_panes,1915,1,1,0,1,0,0
r2.lib.pages.pages.LinkInfoPage.build_toolbars,1863,6,6,0,6,0,0
r2.lib.pages.pages.LinkInfoPage.content,1893,3,3,0,3,0,0
r2.lib.pages.pages.LinkInfoPage.page_classes,1952,1,1,0,1,0,0
r2.lib.pages.pages.LinkInfoPage.rightbox,1924,4,3,1,3,0,0
r2.lib.pages.pages.ListingChooser.__init__,5536,3,3,0,3,0,0
r2.lib.pages.pages.ListingChooser.add_item,5583,2,0,2,0,0,0
r2.lib.pages.pages.ListingChooser.add_samples,5594,2,1,1,1,0,0
r2.lib.pages.pages.ListingChooser.find_selected,5602,1,0,1,0,0,0
r2.lib.pages.pages.Login.__init__,1516,3,2,1,2,0,0
r2.lib.pages.pages.LoginPage.__init__,1471,7,4,3,4,0,0
r2.lib.pages.pages.LoginPage.content,1496,2,2,0,2,0,0
r2.lib.pages.pages.LoginPage.login_template,1504,2,1,1,1,0,0
r2.lib.pages.pages.MediaChild.__init__,4860,2,1,1,1,0,0
r2.lib.pages.pages.MediaEmbed.__init__,4872,1,0,1,0,0,0
r2.lib.pages.pages.MediaEmbedBody.render,4972,1,1,0,1,0,0
r2.lib.pages.pages.MediaPreview.__init__,4886,1,0,1,0,0,0
r2.lib.pages.pages.MenuArea.__init__,2584,1,0,1,0,0,0
r2.lib.pages.pages.MessageCompose.__init__,1411,2,0,2,0,0,0
r2.lib.pages.pages.MessagePage.__init__,1354,4,3,1,3,0,0
r2.lib.pages.pages.MessagePage.build_toolbars,1380,2,2,0,2,0,0
r2.lib.pages.pages.MessagePage.content,1374,1,1,0,1,0,0
r2.lib.pages.pages.ModToolsPage.__init__,4026,1,0,1,0,0,0
r2.lib.pages.pages.ModeratorMessageCompose.__init__,1424,2,1,1,1,0,0
r2.lib.pages.pages.ModeratorPermissions.__init__,5525,2,0,2,0,0,0
r2.lib.pages.pages.ModeratorPermissions.items,5532,19,1,18,1,0,0
r2.lib.pages.pages.MultiInfoBar.__init__,2899,4,3,1,3,0,0
r2.lib.pages.pages.MySubredditsPage.content,2290,1,1,0,1,0,0
r2.lib.pages.pages.NewLink.__init__,3589,3,2,1,2,0,0
r2.lib.pages.pages.Newsletter.__init__,5652,2,1,1,1,0,0
r2.lib.pages.pages.OAuth2AuthorizationPage.__init__,1545,2,1,1,1,0,0
r2.lib.pages.pages.PaneStack.__init__,3496,15,0,15,0,0,0
r2.lib.pages.pages.PaneStack.append,3507,10,1,9,1,1,1
r2.lib.pages.pages.PaneStack.insert,3515,3,1,2,1,1,1
r2.lib.pages.pages.PaneStack.push,3511,2,1,1,1,0,0
r2.lib.pages.pages.Password.__init__,3429,1,0,1,0,0,0
r2.lib.pages.pages.PaymentForm.__init__,4982,1,0,1,0,0,0
r2.lib.pages.pages.PermalinkMessage.__init__,3490,2,0,2,0,0,0
r2.lib.pages.pages.PolicyPage.__init__,5623,2,1,1,1,0,0
r2.lib.pages.pages.PolicyPage.build_toolbars,5628,3,3,0,3,0,0
r2.lib.pages.pages.Popup.__init__,2784,2,0,2,0,0,0
r2.lib.pages.pages.PrefApps.__init__,1324,3,0,3,0,0,0
r2.lib.pages.pages.PrefApps.render_developed_app,1329,3,2,1,2,0,0
r2.lib.pages.pages.PrefApps.render_editable_developer,1335,3,2,1,2,0,0
r2.lib.pages.pages.PrefDeactivate.__init__,1344,2,1,1,1,0,0
r2.lib.pages.pages.PrefOptions.__init__,1283,1,0,1,0,0,0
r2.lib.pages.pages.PrefUpdate.__init__,1312,3,0,3,0,0,0
r2.lib.pages.pages.PrefsPage.__init__,1253,2,1,1,1,0,0
r2.lib.pages.pages.PrefsPage.build_toolbars,1259,4,4,0,4,0,0
r2.lib.pages.pages.ProfileBar.__init__,2454,3,2,1,2,0,0
r2.lib.pages.pages.ProfilePage.__init__,2316,1,1,0,1,0,0
r2.lib.pages.pages.ProfilePage.build_toolbars,2320,5,5,0,5,0,0
r2.lib.pages.pages.ProfilePage.page_classes,2349,1,1,0,1,0,0
r2.lib.pages.pages.ProfilePage.rightbox,2367,14,14,0,14,0,0
r2.lib.pages.pages.Promo_Email.__init__,3459,1,0,1,0,0,0
r2.lib.pages.pages.PromoteInventory.__init__,5026,2,1,1,1,0,0
r2.lib.pages.pages.PromoteInventory.as_csv,5046,2,1,1,1,0,0
r2.lib.pages.pages.PromoteInventory.setup,5062,8,7,1,7,0,0
r2.lib.pages.pages.PromoteLinkBase.__init__,4407,5,0,5,0,0,0
r2.lib.pages.pages.PromoteLinkBase.get_collections,4458,3,1,2,1,0,0
r2.lib.pages.pages.PromoteLinkBase.get_locations,4411,3,1,2,1,0,0
r2.lib.pages.pages.PromoteLinkBase.get_mobile_versions,4461,1,0,1,0,0,0
r2.lib.pages.pages.PromoteLinkEdit.__init__,4474,3,2,1,2,0,0
r2.lib.pages.pages.PromoteLinkEdit.setup,4478,9,8,1,8,0,0
r2.lib.pages.pages.PromoteLinkNew.__init__,4467,2,1,1,1,0,0
r2.lib.pages.pages.PromotePage.__init__,4388,7,2,5,2,0,0
r2.lib.pages.pages.PromotePage.get_menu,4366,4,3,1,3,0,0
r2.lib.pages.pages.PromotePost.__init__,4719,1,1,0,1,0,0
r2.lib.pages.pages.PromoteReport.__init__,5149,2,1,1,1,0,0
r2.lib.pages.pages.PromoteReport.as_csv,5170,2,1,1,1,0,0
r2.lib.pages.pages.PromoteReport.get_traffic,5219,2,1,1,1,0,0
r2.lib.pages.pages.PromoteReport.make_report,5284,3,2,1,2,0,0
r2.lib.pages.pages.QuarantineInterstitial.__init__,2747,2,1,1,1,0,0
r2.lib.pages.pages.RawCode.__init__,3106,1,0,1,0,0,0
r2.lib.pages.pages.RawString.__init__,5384,1,0,1,0,0,0
r2.lib.pages.pages.RawString.render,5387,1,1,0,1,0,0
r2.lib.pages.pages.ReadNext.__init__,3765,1,0,1,0,0,0
r2.lib.pages.pages.Reddit.__init__,255,34,18,16,18,0,0
r2.lib.pages.pages.Reddit.build_popup_panes,1006,4,3,1,3,0,0
r2.lib.pages.pages.Reddit.build_toolbars,923,4,3,1,3,0,0
r2.lib.pages.pages.Reddit.content,991,2,1,1,1,0,0
r2.lib.pages.pages.Reddit.content_stack,987,8,1,7,1,0,0
r2.lib.pages.pages.Reddit.corner_buttons,893,4,4,0,4,0,0
r2.lib.pages.pages.Reddit.get_subreddit_stylesheet_url,457,3,1,2,1,0,0
r2.lib.pages.pages.Reddit.page_classes,1023,2,0,2,0,0,0
r2.lib.pages.pages.Reddit.render,879,6,2,4,2,0,0
r2.lib.pages.pages.Reddit.rightbox,634,25,22,3,22,0,0
r2.lib.pages.pages.Reddit.sr_admin_menu,507,6,5,1,5,0,0
r2.lib.pages.pages.Reddit.wiki_actions_menu,470,4,3,1,3,0,0
r2.lib.pages.pages.RedditError.__init__,2638,2,2,0,2,0,0
r2.lib.pages.pages.RedditFooter.__init__,1088,3,2,1,2,0,0
r2.lib.pages.pages.RedditInfoBar.__init__,2595,2,0,2,0,0,0
r2.lib.pages.pages.RefundPage.__init__,4700,3,2,1,2,0,0
r2.lib.pages.pages.RegistrationInfo.__init__,1527,3,2,1,2,0,0
r2.lib.pages.pages.RegistrationInfo.get_registration_info_html,1533,3,2,1,2,0,0
r2.lib.pages.pages.RelTableItem.__init__,3920,2,1,1,1,0,0
r2.lib.pages.pages.RenderableCampaign.__init__,4575,3,3,0,3,0,0
r2.lib.pages.pages.RenderableCampaign.from_campaigns,4661,3,2,1,2,0,0
r2.lib.pages.pages.RenderableCampaign.render_html,4695,4,1,3,1,0,0
r2.lib.pages.pages.ReportForm.__init__,3367,1,0,1,0,0,0
r2.lib.pages.pages.ReportFormTemplates.__init__,3416,1,0,1,0,0,0
r2.lib.pages.pages.Robots.__init__,210,1,0,1,0,0,0
r2.lib.pages.pages.Rules.__init__,4035,1,0,1,0,0,0
r2.lib.pages.pages.SearchBar.__init__,3557,3,1,2,1,0,0
r2.lib.pages.pages.SearchForm.__init__,3528,6,4,2,4,0,0
r2.lib.pages.pages.SearchPage.__init__,1573,8,7,1,7,0,0
r2.lib.pages.pages.SearchPage.content,1605,1,1,0,1,0,0
r2.lib.pages.pages.SelfTextChild.content,4897,1,1,0,1,0,0
r2.lib.pages.pages.ServerSecondsBar.__init__,2545,7,6,1,6,0,0
r2.lib.pages.pages.ServerSecondsBar.make_message,2532,2,1,1,1,0,0
r2.lib.pages.pages.SideBox.__init__,1237,1,0,1,0,0,0
r2.lib.pages.pages.SideContentBox.__init__,1226,5,0,5,0,0,0
r2.lib.pages.pages.SidebarMessage.__init__,2631,1,0,1,0,0,0
r2.lib.pages.pages.SidebarModList.__init__,2445,1,0,1,0,0,0
r2.lib.pages.pages.SidebarMultiList.__init__,2438,1,0,1,0,0,0
r2.lib.pages.pages.SponsorLookupUser.__init__,4724,1,1,0,1,0,0
r2.lib.pages.pages.SponsorLookupUser.__init__,4732,1,1,0,1,0,0
r2.lib.pages.pages.SubredditFacets.__init__,3581,1,0,1,0,0,0
r2.lib.pages.pages.SubredditInfoBar.__init__,1165,5,4,1,4,0,0
r2.lib.pages.pages.SubredditInfoBar.creator_text,1205,1,1,0,1,0,0
r2.lib.pages.pages.SubredditReportForm.__init__,3393,1,0,1,0,0,0
r2.lib.pages.pages.SubredditSelector.__init__,5676,5,1,4,1,0,0
r2.lib.pages.pages.SubredditStylesheet.__init__,3041,1,0,1,0,0,0
r2.lib.pages.pages.SubredditStylesheet.find_preview_links,3060,1,1,0,1,0,0
r2.lib.pages.pages.SubredditStylesheet.rendered_comment,3085,1,1,0,1,0,0
r2.lib.pages.pages.SubredditStylesheet.rendered_link,3073,1,1,0,1,0,0
r2.lib.pages.pages.SubredditStylesheetBase.__init__,3028,3,3,0,3,0,0
r2.lib.pages.pages.SubredditTopBar.__init__,2797,2,1,1,1,0,0
r2.lib.pages.pages.SubredditTopBar.my_reddits_dropdown,2829,3,2,1,2,0,0
r2.lib.pages.pages.SubredditTopBar.popular_reddits,2851,3,2,1,2,0,0
r2.lib.pages.pages.SubredditTopBar.special_reddits,2860,3,2,1,2,0,0
r2.lib.pages.pages.SubredditTopBar.sr_bar,2878,4,4,0,4,0,0
r2.lib.pages.pages.SubredditTopBar.subscribed_reddits,2841,3,2,1,2,0,0
r2.lib.pages.pages.SubredditsPage.__init__,2232,5,4,1,4,0,0
r2.lib.pages.pages.SubredditsPage.build_toolbars,2248,3,3,0,3,0,0
r2.lib.pages.pages.SubredditsPage.content,2271,1,1,0,1,0,0
r2.lib.pages.pages.SubredditsPage.rightbox,2276,3,3,0,3,0,0
r2.lib.pages.pages.SubscriptionBox.__init__,2932,3,1,2,1,0,0
r2.lib.pages.pages.SubscriptionBox.reddits,2964,1,1,0,1,0,0
r2.lib.pages.pages.SuspiciousPaymentEmail.__init__,3469,1,0,1,0,0,0
r2.lib.pages.pages.TabbedPane.__init__,4738,2,1,1,1,0,0
r2.lib.pages.pages.TakedownPage.__init__,1620,2,2,0,2,0,0
r2.lib.pages.pages.TakedownPage.render,1624,1,1,0,1,0,0
r2.lib.pages.pages.TakedownPane.__init__,1630,1,0,1,0,0,0
r2.lib.pages.pages.Thanks.__init__,3132,1,0,1,0,0,0
r2.lib.pages.pages.TimeSeriesChart.__init__,5438,3,1,2,1,0,0
r2.lib.pages.pages.TrendingSubredditsBar.__init__,5792,2,1,1,1,0,0
r2.lib.pages.pages.TrophyCase.__init__,2423,1,0,1,0,0,0
r2.lib.pages.pages.TryCompact.__init__,5392,6,5,1,5,0,0
r2.lib.pages.pages.UploadedImage.__init__,3122,2,1,1,1,0,0
r2.lib.pages.pages.UploadedImage.render,3127,1,1,0,1,0,0
r2.lib.pages.pages.UserAwards.__init__,3689,1,0,1,0,0,0
r2.lib.pages.pages.UserIPHistory.__init__,5413,4,3,1,3,0,0
r2.lib.pages.pages.UserTableItem.__init__,3906,1,0,1,0,0,0
r2.lib.pages.pages.UserText.__init__,4907,8,0,8,0,0,0
r2.lib.pages.pages.WelcomeBar.__init__,2604,2,1,1,1,0,0
r2.lib.pages.pages.WrappedUser.__init__,3795,13,2,11,2,0,0
r2.lib.pages.pages.get_captcha,180,2,1,1,1,0,0
r2.lib.pages.pages.make_link_child,4763,4,3,1,3,0,0
r2.lib.pages.pages.responsive,184,10,4,6,4,0,0
r2.lib.pages.pages.votes_visible,2294,3,0,3,0,0,0
r2.lib.pages.pages.wrapped_flair,3777,2,1,1,1,0,0
r2.lib.pages.things.BanButtons.__init__,81,1,1,0,1,0,0
r2.lib.pages.things.CommentButtons.__init__,195,3,3,0,3,0,0
r2.lib.pages.things.LinkButtons.__init__,86,5,5,0,5,0,0
r2.lib.pages.things.MessageButtons.__init__,269,3,3,0,3,0,0
r2.lib.pages.things.PrintableButtons.__init__,45,4,0,4,0,0,0
r2.lib.pages.things.default_thing_wrapper,344,11,1,10,1,0,0
r2.lib.pages.things.hot_links_by_url_listing,370,5,1,4,1,0,0
r2.lib.pages.things.make_wrapper,334,2,1,1,1,0,0
r2.lib.pages.things.wrap_links,359,17,0,17,0,0,0
r2.lib.pages.things.wrap_things,381,3,0,3,0,0,0
r2.lib.pages.trafficpages.AdvertTraffic.__init__,399,3,2,1,2,0,0
r2.lib.pages.trafficpages.AdvertTrafficPage.__init__,100,3,3,0,3,0,0
r2.lib.pages.trafficpages.AdvertTrafficSummary.__init__,270,2,1,1,1,0,0
r2.lib.pages.trafficpages.AdvertTrafficSummary.get_ad_name,331,5,3,2,3,0,0
r2.lib.pages.trafficpages.AdvertTrafficSummary.get_ad_url,368,1,0,1,0,0,0
r2.lib.pages.trafficpages.AdvertTrafficSummary.get_sr_name,323,1,0,1,0,0,0
r2.lib.pages.trafficpages.AdvertTrafficSummary.get_things,315,3,1,2,1,0,0
r2.lib.pages.trafficpages.AdvertTrafficSummary.make_tables,273,4,4,0,4,0,0
r2.lib.pages.trafficpages.AdvertTrafficSummary.split_codename,307,4,1,3,1,0,0
r2.lib.pages.trafficpages.LanguageTraffic.__init__,377,3,2,1,2,0,0
r2.lib.pages.trafficpages.LanguageTraffic.get_language_name,386,3,1,2,1,0,0
r2.lib.pages.trafficpages.LanguageTrafficPage.__init__,88,3,3,0,3,0,0
r2.lib.pages.trafficpages.LanguageTrafficSummary.__init__,256,2,1,1,1,0,0
r2.lib.pages.trafficpages.PromotedLinkTraffic.__init__,531,2,2,0,2,0,0
r2.lib.pages.trafficpages.PromotedLinkTraffic.as_csv,758,1,1,0,1,0,0
r2.lib.pages.trafficpages.PromotedLinkTraffic.check_dates,672,2,1,1,1,0,0
r2.lib.pages.trafficpages.PromotedLinkTraffic.get_hourly_traffic,720,4,2,2,2,0,0
r2.lib.pages.trafficpages.PromotedLinkTraffic.make_campaign_table,592,7,6,1,6,0,0
r2.lib.pages.trafficpages.PromotedLinkTraffic.make_campaign_table_row,553,3,2,1,2,0,0
r2.lib.pages.trafficpages.PromotedLinkTraffic.make_hourly_table,738,5,4,1,4,0,0
r2.lib.pages.trafficpages.RedditTraffic.__init__,113,6,1,5,1,0,0
r2.lib.pages.trafficpages.RedditTraffic.get_data_for_interval,200,1,0,1,0,0,0
r2.lib.pages.trafficpages.RedditTraffic.get_dow_summary,191,1,0,1,0,0,0
r2.lib.pages.trafficpages.RedditTraffic.make_tables,124,5,4,1,4,0,0
r2.lib.pages.trafficpages.SitewideTraffic.__init__,242,3,2,1,2,0,0
r2.lib.pages.trafficpages.SitewideTrafficPage.__init__,81,2,2,0,2,0,0
r2.lib.pages.trafficpages.SubredditTraffic.__init__,421,2,2,0,2,0,0
r2.lib.pages.trafficpages.SubredditTrafficReport.__init__,782,2,2,0,2,0,0
r2.lib.pages.trafficpages.TrafficPage.__init__,62,4,1,3,1,0,0
r2.lib.pages.trafficpages.TrafficPage.build_toolbars,65,3,3,0,3,0,0
r2.lib.pages.trafficpages._clickthrough_rate,471,3,0,3,0,0,0
r2.lib.pages.trafficpages._is_promo_preliminary,479,1,0,1,0,0,0
r2.lib.pages.trafficpages.get_billable_traffic,513,2,1,1,1,0,0
r2.lib.pages.trafficpages.get_promo_traffic,490,3,0,3,0,0,0
r2.lib.pages.trafficpages.is_early_campaign,519,1,0,1,0,0,0
r2.lib.pages.trafficpages.is_launched_campaign,524,1,0,1,0,0,0
r2.lib.pages.trafficpages.make_subreddit_traffic_report,211,2,0,2,0,0,0
r2.lib.pages.wiki.WikiBasePage.__init__,109,10,1,9,1,0,0
r2.lib.pages.wiki.WikiCreate.__init__,173,3,2,1,2,0,0
r2.lib.pages.wiki.WikiDiscussions.__init__,213,3,2,1,2,0,0
r2.lib.pages.wiki.WikiEdit.__init__,180,3,2,1,2,0,0
r2.lib.pages.wiki.WikiEditPage.__init__,75,2,0,2,0,0,0
r2.lib.pages.wiki.WikiListing.__init__,206,3,2,1,2,0,0
r2.lib.pages.wiki.WikiNotFound.__init__,166,3,2,1,2,0,0
r2.lib.pages.wiki.WikiPageDiscussions.__init__,101,1,0,1,0,0,0
r2.lib.pages.wiki.WikiPageListing.__init__,67,1,0,1,0,0,0
r2.lib.pages.wiki.WikiPageNotFound.__init__,61,1,0,1,0,0,0
r2.lib.pages.wiki.WikiPageRevisions.__init__,95,2,0,2,0,0,0
r2.lib.pages.wiki.WikiPageSettings.__init__,83,1,0,1,0,0,0
r2.lib.pages.wiki.WikiPageView.__init__,156,3,2,1,2,0,0
r2.lib.pages.wiki.WikiRecent.__init__,200,3,2,1,2,0,0
r2.lib.pages.wiki.WikiRevisions.__init__,194,3,2,1,2,0,0
r2.lib.pages.wiki.WikiSettings.__init__,186,3,2,1,2,0,0
r2.lib.pages.wiki.WikiView.__init__,37,5,4,1,4,0,0
r2.lib.permissions.ModeratorPermissionSet.loads,103,1,0,1,0,0,0
r2.lib.permissions.PermissionSet.__getitem__,67,1,1,0,1,0,0
r2.lib.permissions.PermissionSet.__init__,31,5,0,5,0,0,0
r2.lib.permissions.PermissionSet.dumps,46,9,3,6,3,0,0
r2.lib.permissions.PermissionSet.get,62,2,1,1,1,0,0
r2.lib.permissions.PermissionSet.is_superuser,51,4,0,4,0,0,0
r2.lib.permissions.PermissionSet.is_valid,54,1,0,1,0,0,0
r2.lib.permissions.PermissionSet.loads,35,1,0,1,0,0,0
r2.lib.plugin.Plugin.add_js,62,4,2,2,2,0,0
r2.lib.plugin.Plugin.add_routes,76,1,0,1,0,0,0
r2.lib.plugin.Plugin.on_load,59,1,0,1,0,0,0
r2.lib.plugin.Plugin.static_dir,56,1,1,0,1,0,0
r2.lib.plugin.Plugin.template_dir,51,1,1,0,1,0,0
r2.lib.plugin.PluginLoader.__init__,87,4,2,2,2,0,0
r2.lib.plugin.PluginLoader.available_plugins,130,1,0,1,0,0,0
r2.lib.plugin.PluginLoader.load_plugins,137,6,5,1,5,0,0
r2.lib.promote.(global),0,1,1,0,1,0,0
r2.lib.promote.Run,1277,1,1,0,1,0,0
r2.lib.promote._base_host,115,4,0,4,0,0,0
r2.lib.promote._get_live_promotions,1114,3,3,0,3,0,0
r2.lib.promote._is_geotargeted_promo,775,2,1,1,1,0,0
r2.lib.promote._mark_promos_updated,82,2,1,1,1,0,0
r2.lib.promote.accept_promotion,648,8,8,0,8,0,0
r2.lib.promote.add_trackers,229,4,4,0,4,0,0
r2.lib.promote.all_live_promo_srnames,1008,8,3,5,3,0,0
r2.lib.promote.auth_campaign,523,4,3,1,3,0,0
r2.lib.promote.authed_or_not_needed,736,1,0,1,0,0,0
r2.lib.promote.charge_campaign,824,6,4,2,4,0,0
r2.lib.promote.charge_pending,856,3,2,1,2,0,0
r2.lib.promote.charged_or_not_needed,742,5,0,5,0,0,0
r2.lib.promote.delete_campaign,481,2,2,0,2,0,0
r2.lib.promote.edit_campaign,370,6,5,1,5,0,0
r2.lib.promote.edited_live_promotion,731,1,1,0,1,0,0
r2.lib.promote.failed_payment_method,1272,1,1,0,1,0,0
r2.lib.promote.finalize_completed_campaigns,910,5,4,1,4,0,0
r2.lib.promote.free_campaign,366,3,1,2,1,0,0
r2.lib.promote.get_accepted_promos,803,4,3,1,3,0,0
r2.lib.promote.get_billable_amount,1221,2,0,2,0,0,0
r2.lib.promote.get_billable_impressions,1209,4,2,2,2,0,0
r2.lib.promote.get_click_url_hmac,222,3,1,2,1,0,0
r2.lib.promote.get_date_limits,598,2,2,0,2,0,0
r2.lib.promote.get_live_promotions,1130,2,1,1,1,0,0
r2.lib.promote.get_nsfw_collections_srnames,1017,3,0,3,0,0,0
r2.lib.promote.get_promos,793,6,0,6,0,0,0
r2.lib.promote.get_refund_amount,964,2,0,2,0,0,0
r2.lib.promote.get_scheduled_promos,810,4,3,1,3,0,0
r2.lib.promote.get_served_promos,817,3,3,0,3,0,0
r2.lib.promote.get_spent_amount,1234,2,2,0,2,0,0
r2.lib.promote.get_total_run,1162,3,1,2,1,0,0
r2.lib.promote.get_traffic_dates,1201,2,1,1,1,0,0
r2.lib.promote.get_transactions,324,1,0,1,0,0,0
r2.lib.promote.health_check,86,1,1,0,1,0,0
r2.lib.promote.is_accepted,159,3,1,2,1,0,0
r2.lib.promote.is_accepted_promo,754,5,2,3,2,0,0
r2.lib.promote.is_awaiting_fraud_review,152,1,0,1,0,0,0
r2.lib.promote.is_complete_promo,770,2,2,0,2,0,0
r2.lib.promote.is_edited_live,177,2,1,1,1,0,0
r2.lib.promote.is_finished,180,3,1,2,1,0,0
r2.lib.promote.is_geotargeted_promo,782,2,1,1,1,0,0
r2.lib.promote.is_live_on_sr,183,2,1,1,1,0,0
r2.lib.promote.is_live_promo,765,8,3,5,3,0,0
r2.lib.promote.is_pending,186,3,2,1,2,0,0
r2.lib.promote.is_promo,155,7,0,7,0,0,0
r2.lib.promote.is_promoted,174,8,1,7,1,0,0
r2.lib.promote.is_rejected,171,2,1,1,1,0,0
r2.lib.promote.is_scheduled_promo,760,4,2,2,2,0,0
r2.lib.promote.is_served_promo,749,1,0,1,0,0,0
r2.lib.promote.is_site_over18,1027,3,1,2,1,0,0
r2.lib.promote.is_unapproved,168,1,1,0,1,0,0
r2.lib.promote.is_unpaid,165,2,1,1,1,0,0
r2.lib.promote.is_valid_click_url,216,3,2,1,2,0,0
r2.lib.promote.keywords_from_context,1074,5,3,2,3,0,0
r2.lib.promote.live_campaigns_by_link,861,6,4,2,4,0,0
r2.lib.promote.lottery_promoted_links,1147,2,2,0,2,0,0
r2.lib.promote.make_daily_promotions,884,9,8,1,8,0,0
r2.lib.promote.new_campaign,343,2,2,0,2,0,0
r2.lib.promote.new_payment_method,1267,1,1,0,1,0,0
r2.lib.promote.new_promotion,291,1,1,0,1,0,0
r2.lib.promote.pay_url,144,1,1,0,1,0,0
r2.lib.promote.payment_url,140,2,0,2,0,0,0
r2.lib.promote.promo_datetime_now,588,11,0,11,0,0,0
r2.lib.promote.promo_edit_url,130,2,1,1,1,0,0
r2.lib.promote.promo_keep_fn,107,1,1,0,1,0,0
r2.lib.promote.promo_traffic_url,124,2,1,1,1,0,0
r2.lib.promote.promote_link,872,4,2,2,2,0,0
r2.lib.promote.promotraffic_url,127,1,1,0,1,0,0
r2.lib.promote.refund_campaign,973,2,0,2,0,0,0
r2.lib.promote.refund_url,147,1,1,0,1,0,0
r2.lib.promote.reject_promotion,702,5,4,1,4,0,0
r2.lib.promote.review_fraud,691,2,2,0,2,0,0
r2.lib.promote.srnames_from_site,1034,12,2,10,2,0,0
r2.lib.promote.successful_payment,1248,1,1,0,1,0,0
r2.lib.promote.terminate_campaign,447,5,5,0,5,0,0
r2.lib.promote.toggle_pause_campaign,489,1,1,0,1,0,0
r2.lib.promote.unapprove_promotion,719,3,3,0,3,0,0
r2.lib.promote.update_promote_status,286,11,1,10,1,0,0
r2.lib.promote.update_query,190,2,1,1,1,0,0
r2.lib.promote.view_live_url,133,1,1,0,1,0,0
r2.lib.promote.void_campaign,500,4,1,3,1,0,0
r2.lib.providers.__init__.select_provider,23,4,2,2,2,0,0
r2.lib.providers.auth.cookie.CookieAuthenticationProvider.get_authenticated_account,47,2,2,0,2,0,0
r2.lib.providers.auth.http.HttpAuthenticationProvider.get_authenticated_account,57,3,3,0,3,0,0
r2.lib.providers.cdn.cloudflare.CloudFlareCdnProvider._do_content_purge,37,3,2,1,2,0,0
r2.lib.providers.cdn.cloudflare.CloudFlareCdnProvider.get_client_ip,58,1,1,0,1,0,0
r2.lib.providers.cdn.cloudflare.CloudFlareCdnProvider.purge_content,76,1,1,0,1,0,0
r2.lib.providers.cdn.fastly.FastlyCdnProvider.get_client_ip,34,1,1,0,1,0,0
r2.lib.providers.email.mailgun.MailgunEmailProvider.send_email,47,1,1,0,1,0,0
r2.lib.providers.image_resizing.imgix.ImgixImageResizingProvider._sign_url,75,3,1,2,1,0,0
r2.lib.providers.image_resizing.imgix.ImgixImageResizingProvider.resize_image,43,4,4,0,4,0,0
r2.lib.providers.media.s3.S3MediaProvider._get_bucket,78,3,0,3,0,0,0
r2.lib.providers.media.s3.S3MediaProvider._get_bucket_key_from_url,85,2,0,2,0,0,0
r2.lib.providers.media.s3.S3MediaProvider.make_inaccessible,96,5,5,0,5,0,0
r2.lib.providers.media.s3.S3MediaProvider.purge,154,5,5,0,5,0,0
r2.lib.providers.media.s3.S3MediaProvider.put,114,1,1,0,1,0,0
r2.lib.providers.search.cloudsearch.CloudSearchQuery.__repr__,630,1,1,0,1,0,0
r2.lib.providers.search.cloudsearch.CloudSearchQuery._parse,585,3,2,1,2,0,0
r2.lib.providers.search.cloudsearch.CloudSearchQuery._run,601,4,3,1,3,0,0
r2.lib.providers.search.cloudsearch.CloudSearchQuery._run_cached,644,4,3,1,3,0,0
r2.lib.providers.search.cloudsearch.CloudSearchQuery.create_boolean_query,622,3,1,2,1,0,0
r2.lib.providers.search.cloudsearch.CloudSearchQuery.customize_query,618,1,0,1,0,0,0
r2.lib.providers.search.cloudsearch.CloudSearchQuery.preprocess_query,615,1,0,1,0,0,0
r2.lib.providers.search.cloudsearch.CloudSearchQuery.run,580,2,2,0,2,0,0
r2.lib.providers.search.cloudsearch.CloudSearchSubredditSearchQuery.customize_query,802,1,1,0,1,0,0
r2.lib.providers.search.cloudsearch.CloudSearchUploader.add_xml,104,4,3,1,3,0,0
r2.lib.providers.search.cloudsearch.CloudSearchUploader.batch_lookups,168,2,1,1,1,0,0
r2.lib.providers.search.cloudsearch.CloudSearchUploader.delete_ids,123,2,2,0,2,0,0
r2.lib.providers.search.cloudsearch.CloudSearchUploader.delete_xml,114,1,0,1,0,0,0
r2.lib.providers.search.cloudsearch.CloudSearchUploader.desired_fullnames,80,1,0,1,0,0,0
r2.lib.providers.search.cloudsearch.CloudSearchUploader.fields,179,1,0,1,0,0,0
r2.lib.providers.search.cloudsearch.CloudSearchUploader.inject,182,6,3,3,3,0,0
r2.lib.providers.search.cloudsearch.CloudSearchUploader.send_documents,218,3,1,2,1,0,0
r2.lib.providers.search.cloudsearch.CloudSearchUploader.should_index,165,1,0,1,0,0,0
r2.lib.providers.search.cloudsearch.CloudSearchUploader.xml_from_things,135,5,4,1,4,0,0
r2.lib.providers.search.cloudsearch.LinkSearchQuery._restrict_recent,747,1,0,1,0,0,0
r2.lib.providers.search.cloudsearch.LinkSearchQuery._restrict_sr,753,2,1,1,1,0,0
r2.lib.providers.search.cloudsearch.LinkSearchQuery.customize_query,731,3,3,0,3,0,0
r2.lib.providers.search.cloudsearch.LinkUploader.__init__,251,2,0,2,0,0,0
r2.lib.providers.search.cloudsearch.LinkUploader.batch_lookups,262,1,1,0,1,0,0
r2.lib.providers.search.cloudsearch.LinkUploader.fields,256,1,1,0,1,0,0
r2.lib.providers.search.cloudsearch.SubredditUploader.fields,295,1,1,0,1,0,0
r2.lib.providers.search.cloudsearch._encode_query,503,3,2,1,2,0,0
r2.lib.providers.search.cloudsearch._run_changed,327,3,3,0,3,0,0
r2.lib.providers.search.cloudsearch.basic_query,438,4,3,1,3,0,0
r2.lib.providers.search.cloudsearch.chunk_xml,302,4,2,2,2,1,1
r2.lib.providers.search.cloudsearch.test_run_link,415,2,2,0,2,0,0
r2.lib.providers.search.cloudsearch.test_run_srs,425,1,1,0,1,0,0
r2.lib.providers.search.common.FieldsBase.cloudsearch_fieldnames,152,1,1,0,1,0,0
r2.lib.providers.search.common.FieldsBase.cloudsearch_fields,142,1,0,1,0,0,0
r2.lib.providers.search.common.FieldsBase.lucene_fieldnames,157,1,1,0,1,0,0
r2.lib.providers.search.common.FieldsBase.lucene_fields,147,1,0,1,0,0,0
r2.lib.providers.search.common.LinkFields.__init__,162,2,0,2,0,0,0
r2.lib.providers.search.common.LinkFields.site,233,1,1,0,1,0,0
r2.lib.providers.search.common.Results.__init__,324,5,0,5,0,0,0
r2.lib.providers.search.common.SubredditFields.__init__,271,2,0,2,0,0,0
r2.lib.providers.search.common.safe_get,65,4,0,4,0,0,0
r2.lib.providers.search.common.safe_xml_str,47,2,0,2,0,0,0
r2.lib.providers.search.solr.LinkSearchQuery._get_sr_restriction,338,3,2,1,2,0,0
r2.lib.providers.search.solr.LinkSearchQuery._restrict_recent,332,1,0,1,0,0,0
r2.lib.providers.search.solr.LinkSearchQuery.create_boolean_query,323,2,1,1,1,0,0
r2.lib.providers.search.solr.LinkSearchQuery.customize_query,312,3,3,0,3,0,0
r2.lib.providers.search.solr.SolrLinkUploader.__init__,652,2,0,2,0,0,0
r2.lib.providers.search.solr.SolrLinkUploader.batch_lookups,663,1,1,0,1,0,0
r2.lib.providers.search.solr.SolrLinkUploader.fields,657,1,1,0,1,0,0
r2.lib.providers.search.solr.SolrSearchProvider.rebuild_link_index,835,1,1,0,1,0,0
r2.lib.providers.search.solr.SolrSearchQuery.__init__,142,1,1,0,1,0,0
r2.lib.providers.search.solr.SolrSearchQuery.__repr__,204,1,1,0,1,0,0
r2.lib.providers.search.solr.SolrSearchQuery._run,190,3,2,1,2,0,0
r2.lib.providers.search.solr.SolrSearchQuery._run_cached,217,3,2,1,2,0,0
r2.lib.providers.search.solr.SolrSearchQuery.customize_query,201,1,0,1,0,0,0
r2.lib.providers.search.solr.SolrSearchQuery.run,179,2,2,0,2,0,0
r2.lib.providers.search.solr.SolrSearchUploader.add_xml,433,3,2,1,2,0,0
r2.lib.providers.search.solr.SolrSearchUploader.batch_lookups,466,2,1,1,1,0,0
r2.lib.providers.search.solr.SolrSearchUploader.delete_ids,453,2,2,0,2,0,0
r2.lib.providers.search.solr.SolrSearchUploader.delete_xml,445,1,0,1,0,0,0
r2.lib.providers.search.solr.SolrSearchUploader.desired_fullnames,422,1,0,1,0,0,0
r2.lib.providers.search.solr.SolrSearchUploader.inject,520,6,3,3,3,0,0
r2.lib.providers.search.solr.SolrSearchUploader.send_documents,560,3,1,2,1,0,0
r2.lib.providers.search.solr.SolrSearchUploader.xml_from_things,477,4,3,1,3,0,0
r2.lib.providers.search.solr.SolrSubredditUploader.fields,695,1,1,0,1,0,0
r2.lib.providers.search.solr._encode_query,376,3,2,1,2,0,0
r2.lib.providers.search.solr._rebuild_link_index,706,1,0,1,0,0,0
r2.lib.providers.search.solr._run_changed,620,3,3,0,3,0,0
r2.lib.providers.search.solr._translate_raw_sort,764,1,0,1,0,0,0
r2.lib.providers.search.solr.basic_query,77,4,3,1,3,0,0
r2.lib.providers.search.solr.chunk_xml,594,3,1,2,1,1,1
r2.lib.providers.search.solr.test_run_link,747,2,2,0,2,0,0
r2.lib.providers.search.solr.test_run_srs,757,1,1,0,1,0,0
r2.lib.providers.support.zendesk.ZenDeskProvider.create,41,1,1,0,1,0,0
r2.lib.providers.support.zendesk.ZenDeskProvider.get,103,2,2,0,2,0,0
r2.lib.providers.support.zendesk.ZenDeskProvider.update,129,2,2,0,2,0,0
r2.lib.ratelimit.LiveConfigRateLimit.limit,299,6,0,6,0,0,0
r2.lib.ratelimit.RateLimit._check,249,3,1,2,1,0,0
r2.lib.ratelimit.RateLimit._record_event,239,2,0,2,0,0,0
r2.lib.ratelimit.RateLimit.check,256,5,2,3,2,0,0
r2.lib.ratelimit.RateLimit.check_multi,261,2,2,0,2,0,0
r2.lib.ratelimit.RateLimit.get_usage,266,1,1,0,1,0,0
r2.lib.ratelimit.RateLimit.record_multi,276,1,1,0,1,0,0
r2.lib.ratelimit.RateLimit.record_usage,270,3,2,1,2,0,0
r2.lib.ratelimit.RateLimit.timeslice,246,1,1,0,1,0,0
r2.lib.ratelimit.RatelimitError.__init__,52,4,0,4,0,0,0
r2.lib.ratelimit.SimpleRateLimit.__init__,311,3,0,3,0,0,0
r2.lib.ratelimit.SimpleRateLimit.record_and_check,320,6,2,4,2,0,0
r2.lib.ratelimit._make_ratelimit_cache_key,59,4,0,4,0,0,0
r2.lib.ratelimit.get_timeslice,71,1,0,1,0,0,0
r2.lib.ratelimit.get_usage,162,4,2,2,2,0,0
r2.lib.ratelimit.get_usage_multi,175,3,2,1,2,0,0
r2.lib.ratelimit.record_usage,87,3,2,1,2,0,0
r2.lib.ratelimit.record_usage_multi,114,3,2,1,2,0,0
r2.lib.recommender.SRRecommendation._merge_and_sort_by_count,324,3,2,1,2,0,0
r2.lib.recommender.SRRecommendation._merge_roundrobin,310,3,2,1,2,0,0
r2.lib.recommender.SRRecommendation.for_srs,282,3,2,1,2,0,0
r2.lib.recommender.get_comment_items,224,6,5,1,5,0,0
r2.lib.recommender.get_discovery_srid36s,248,1,0,1,0,0,0
r2.lib.recommender.get_hot_items,199,3,2,1,2,0,0
r2.lib.recommender.get_recommendations,58,3,2,1,2,0,0
r2.lib.recommender.get_recommended_content,123,9,8,1,8,0,0
r2.lib.recommender.get_recommended_content_for_user,99,3,3,0,3,0,0
r2.lib.recommender.get_rising_items,210,3,2,1,2,0,0
r2.lib.recommender.is_visible,260,2,0,2,0,0,0
r2.lib.recommender.random_sample,254,2,0,2,0,0,0
r2.lib.require.require,26,6,0,6,0,0,0
r2.lib.require.require_split,37,4,1,3,1,0,0
r2.lib.rising.calc_rising,33,2,1,1,1,0,0
r2.lib.rising.get_all_rising,56,2,0,2,0,0,0
r2.lib.rising.get_rising,60,3,1,2,1,0,0
r2.lib.rising.get_rising_tuples,65,1,1,0,1,0,0
r2.lib.rising.normalized_rising,84,1,0,1,0,0,0
r2.lib.rising.set_rising,52,1,1,0,1,0,0
r2.lib.s3_helpers._derive_v4_signature_key,238,2,1,1,1,0,0
r2.lib.s3_helpers._from_path,49,5,0,5,0,0,0
r2.lib.s3_helpers._get_upload_policy,174,3,2,1,2,0,0
r2.lib.s3_helpers._get_upload_signature,245,3,2,1,2,0,0
r2.lib.s3_helpers._get_v4_credential,166,1,0,1,0,0,0
r2.lib.s3_helpers._sign,234,1,0,1,0,0,0
r2.lib.s3_helpers.copy_to_s3,113,1,1,0,1,0,0
r2.lib.s3_helpers.delete_keys,159,2,2,0,2,0,0
r2.lib.s3_helpers.get_connection,137,6,0,6,0,0,0
r2.lib.s3_helpers.get_key,141,4,1,3,1,0,0
r2.lib.s3_helpers.get_keys,147,2,1,1,1,0,0
r2.lib.s3_helpers.get_post_args,261,5,5,0,5,0,0
r2.lib.s3_helpers.get_text_from_s3,84,2,1,1,1,0,0
r2.lib.s3_helpers.mv_file_s3,94,1,1,0,1,0,0
r2.lib.s3_helpers.parse_s3_path,76,2,1,1,1,0,0
r2.lib.s3_helpers.s3_key_exists,106,6,1,5,1,0,0
r2.lib.signing.SigningResult.__init__,68,1,0,1,0,0,0
r2.lib.signing.SigningResult.__repr__,86,1,1,0,1,0,0
r2.lib.signing.SigningResult.add_error,92,2,0,2,0,0,0
r2.lib.signing.SigningResult.add_ignore,108,1,0,1,0,0,0
r2.lib.signing.SigningResult.has_errors,116,1,0,1,0,0,0
r2.lib.signing.SigningResult.is_valid,129,1,1,0,1,0,0
r2.lib.signing.SigningResult.update,137,3,2,1,2,1,1
r2.lib.signing.current_epoch,168,3,1,2,1,0,0
r2.lib.signing.epoch_wrap,179,2,0,2,0,0,0
r2.lib.signing.get_secret_token,197,3,1,2,1,0,0
r2.lib.signing.is_invalid_token,218,1,0,1,0,0,0
r2.lib.signing.sign_v1_message,341,4,4,0,4,0,0
r2.lib.signing.valid_epoch,172,2,1,1,1,0,0
r2.lib.signing.valid_post_signature,223,1,1,0,1,0,0
r2.lib.signing.valid_signature,249,10,8,2,8,0,0
r2.lib.signing.valid_ua_signature,232,2,2,0,2,0,0
r2.lib.signing.versioned_hmac,183,3,0,3,0,0,0
r2.lib.sitemaps.data._read_subreddit_etl_from_s3,36,2,1,1,1,0,0
r2.lib.sitemaps.data.find_all_subreddits,70,2,1,1,1,0,0
r2.lib.sitemaps.generate._absolute_url,76,2,1,1,1,0,0
r2.lib.sitemaps.generate._stringify_xml,80,2,0,2,0,0,0
r2.lib.sitemaps.generate._subreddit_links,89,2,1,1,1,0,0
r2.lib.sitemaps.generate._subreddit_sitemap,95,3,2,1,2,0,0
r2.lib.sitemaps.generate.sitemap_index,114,2,1,1,1,0,0
r2.lib.sitemaps.generate.subreddit_sitemaps,104,3,2,1,2,0,0
r2.lib.sitemaps.store.store_sitemap_index,80,3,2,1,2,0,0
r2.lib.sitemaps.store.store_sitemaps_in_s3,88,4,3,1,3,0,0
r2.lib.sitemaps.store.store_subreddit_sitemap,72,2,1,1,1,0,0
r2.lib.sitemaps.store.upload_sitemap,68,3,1,2,1,0,0
r2.lib.sitemaps.store.zip_string,61,1,0,1,0,0,0
r2.lib.sitemaps.watcher._before_last_sitemap,41,3,2,1,2,0,0
r2.lib.sitemaps.watcher._create_test_message,87,2,2,0,2,0,0
r2.lib.sitemaps.watcher._current_timestamp,83,1,0,1,0,0,0
r2.lib.sitemaps.watcher._datetime_from_timestamp,37,1,0,1,0,0,0
r2.lib.sitemaps.watcher._process_message,51,5,4,1,4,0,0
r2.lib.sitemaps.watcher._subreddit_sitemap_key,31,2,1,1,1,0,0
r2.lib.sitemaps.watcher.watcher,25,1,1,0,1,0,0
r2.lib.souptest.SoupReprError.__init__,187,1,0,1,0,0,0
r2.lib.souptest.SoupUnsupportedEntityError.__init__,239,1,1,0,1,0,0
r2.lib.souptest.souptest_fragment,122,4,2,2,2,0,0
r2.lib.souptest.souptest_sniff_node,78,2,1,1,1,0,0
r2.lib.sr_pops.run,38,1,1,0,1,0,0
r2.lib.sr_pops.set_downs,27,2,1,1,1,0,0
r2.lib.static.(global),0,1,1,0,1,0,0
r2.lib.static.generate_static_name,49,2,0,2,0,0,0
r2.lib.static.locate_static_file,32,3,0,3,0,0,0
r2.lib.static.static_mtime,43,2,1,1,1,0,0
r2.lib.static.update_static_names,66,2,1,1,1,0,0
r2.lib.stats.CacheStats.__init__,441,2,0,2,0,0,0
r2.lib.stats.CacheStats.cache_hit,451,5,1,4,1,0,0
r2.lib.stats.CacheStats.cache_miss,464,5,1,4,1,0,0
r2.lib.stats.Counter.__add__,222,1,1,0,1,0,0
r2.lib.stats.Counter.__init__,208,6,0,6,0,0,0
r2.lib.stats.Counter.__sub__,226,1,1,0,1,0,0
r2.lib.stats.Counter._send,212,3,1,2,1,0,0
r2.lib.stats.Counter.decrement,219,3,1,2,1,0,0
r2.lib.stats.Counter.increment,216,8,1,7,1,0,0
r2.lib.stats.CountingStatBuffer.__init__,91,1,0,1,0,0,0
r2.lib.stats.CountingStatBuffer.flush,97,1,1,0,1,0,0
r2.lib.stats.StaleCacheStats.__init__,479,2,1,1,1,0,0
r2.lib.stats.StaleCacheStats.stale_hit,488,3,1,2,1,0,0
r2.lib.stats.StaleCacheStats.stale_miss,501,3,1,2,1,0,0
r2.lib.stats.Stats.__init__,295,2,1,1,1,0,0
r2.lib.stats.Stats.action_count,312,3,2,1,2,0,0
r2.lib.stats.Stats.action_event_count,318,1,1,0,1,0,0
r2.lib.stats.Stats.amqp_processor,351,2,2,0,2,0,0
r2.lib.stats.Stats.cache_count_multi,343,7,3,4,3,0,0
r2.lib.stats.Stats.cassandra_counter,396,2,1,1,1,0,0
r2.lib.stats.Stats.cassandra_timing,390,2,1,1,1,0,0
r2.lib.stats.Stats.cf_key_iter,382,3,1,2,1,0,0
r2.lib.stats.Stats.end_logging_timings,379,1,1,0,1,0,0
r2.lib.stats.Stats.event_count,335,4,2,2,2,0,0
r2.lib.stats.Stats.flush,373,3,1,2,1,1,1
r2.lib.stats.Stats.get_counter,309,5,1,4,1,0,0
r2.lib.stats.Stats.get_timer,298,6,1,5,1,0,0
r2.lib.stats.Stats.pg_after_cursor_execute,416,2,2,0,2,0,0
r2.lib.stats.Stats.pg_before_cursor_execute,400,1,1,0,1,0,0
r2.lib.stats.Stats.pg_event,430,2,1,1,1,0,0
r2.lib.stats.Stats.quick_time,302,1,1,0,1,0,0
r2.lib.stats.Stats.simple_event,326,3,3,0,3,0,0
r2.lib.stats.Stats.start_logging_timings,376,1,1,0,1,0,0
r2.lib.stats.Stats.transact,305,2,1,1,1,0,0
r2.lib.stats.StatsCollectingConnectionPool.__init__,516,1,0,1,0,0,0
r2.lib.stats.StatsCollectingConnectionPool._get_new_wrapper,520,5,5,0,5,0,0
r2.lib.stats.StatsdClient.__init__,179,5,4,1,4,0,0
r2.lib.stats.StatsdClient.connect,186,2,1,1,1,0,0
r2.lib.stats.StatsdClient.disconnect,189,1,1,0,1,0,0
r2.lib.stats.StatsdClient.flush,192,4,3,1,3,1,1
r2.lib.stats.StatsdConnection.__init__,133,2,2,0,2,0,0
r2.lib.stats.StatsdConnection._compress,151,1,0,1,0,0,0
r2.lib.stats.StatsdConnection._make_socket,142,1,0,1,0,0,0
r2.lib.stats.StatsdConnection._parse_addr,146,1,0,1,0,0,0
r2.lib.stats.StatsdConnection.send,165,3,3,0,3,0,0
r2.lib.stats.StringCountBuffer.__init__,107,1,0,1,0,0,0
r2.lib.stats.StringCountBuffer._encode_string,112,1,0,1,0,0,0
r2.lib.stats.StringCountBuffer.flush,123,2,2,0,2,0,0
r2.lib.stats.Timer.__enter__,243,1,1,0,1,0,0
r2.lib.stats.Timer.__exit__,247,1,1,0,1,0,0
r2.lib.stats.Timer.__init__,234,1,0,1,0,0,0
r2.lib.stats.Timer.elapsed_seconds,255,1,0,1,0,0,0
r2.lib.stats.Timer.flush,250,2,1,1,1,0,0
r2.lib.stats.Timer.intermediate,270,17,0,17,0,0,0
r2.lib.stats.Timer.send,262,3,1,2,1,0,0
r2.lib.stats.Timer.start,267,41,0,41,0,0,0
r2.lib.stats.Timer.stop,278,31,2,29,2,0,0
r2.lib.stats.TimingStatBuffer.__init__,49,1,0,1,0,0,0
r2.lib.stats.TimingStatBuffer.end_logging,82,1,0,1,0,0,0
r2.lib.stats.TimingStatBuffer.start_logging,79,1,0,1,0,0,0
r2.lib.stats._get_stat_name,199,3,1,2,1,0,0
r2.lib.strings.(global),0,3,3,0,3,0,0
r2.lib.strings.P_,217,1,0,1,0,0,0
r2.lib.strings.PluralManager.__init__,233,1,0,1,0,0,0
r2.lib.strings.Score._people,304,5,2,3,2,0,0
r2.lib.strings.Score.points,295,1,0,1,0,0,0
r2.lib.strings.Score.readers,314,1,1,0,1,0,0
r2.lib.strings.Score.safepoints,300,1,1,0,1,0,0
r2.lib.strings.Score.somethings,318,1,0,1,0,0,0
r2.lib.strings.Score.subscribers,310,1,1,0,1,0,0
r2.lib.strings.Score.users_here_now,324,1,1,0,1,0,0
r2.lib.strings.StringHandler.__getattr__,199,3,1,2,1,0,0
r2.lib.strings.StringHandler.__getitem__,193,1,1,0,1,0,0
r2.lib.strings.StringHandler.__init__,184,2,0,2,0,0,0
r2.lib.strings.StringHandler.keys,211,71,1,70,1,1,1
r2.lib.strings.fallback_trans,332,2,1,1,1,0,0
r2.lib.strings.get_funny_translated_string,347,3,1,2,1,0,0
r2.lib.subreddit_search.load_all_reddits,36,3,2,1,2,0,0
r2.lib.subreddit_search.popular_searches,68,2,1,1,1,0,0
r2.lib.subreddit_search.search_reddits,57,2,0,2,0,0,0
r2.lib.support_tickets.get_support_ticket,58,1,0,1,0,0,0
r2.lib.support_tickets.update_support_ticket,64,1,1,0,1,0,0
r2.lib.system_messages.notify_user_added,71,2,0,2,0,0,0
r2.lib.system_messages.send_ban_message,135,2,1,1,1,0,0
r2.lib.system_messages.send_mod_removal_message,113,1,0,1,0,0,0
r2.lib.takedowns.post_takedown_notice_to_external_site,28,2,2,0,2,0,0
r2.lib.template_helpers.JSPreload.__init__,306,1,0,1,0,0,0
r2.lib.template_helpers.JSPreload.set_wrapped,314,2,2,0,2,0,0
r2.lib.template_helpers.JSPreload.use,320,1,1,0,1,0,0
r2.lib.template_helpers._ws,751,3,2,1,2,0,0
r2.lib.template_helpers._wsf,759,2,2,0,2,0,0
r2.lib.template_helpers.add_admin_distinguish,627,2,1,1,1,0,0
r2.lib.template_helpers.add_attr,565,6,0,6,0,0,0
r2.lib.template_helpers.add_cakeday_distinguish,646,2,1,1,1,0,0
r2.lib.template_helpers.add_friend_distinguish,638,3,2,1,2,0,0
r2.lib.template_helpers.add_moderator_distinguish,631,2,1,1,1,0,0
r2.lib.template_helpers.add_special_distinguish,653,3,2,1,2,0,0
r2.lib.template_helpers.add_sr,475,26,6,20,6,0,0
r2.lib.template_helpers.add_submitter_distinguish,661,2,1,1,1,0,0
r2.lib.template_helpers.class_dict,329,2,2,0,2,0,0
r2.lib.template_helpers.comment_label,340,2,0,2,0,0,0
r2.lib.template_helpers.display_comment_karma,725,2,0,2,0,0,0
r2.lib.template_helpers.display_link_karma,719,2,0,2,0,0,0
r2.lib.template_helpers.format_html,731,11,3,8,3,0,0
r2.lib.template_helpers.format_number,683,5,0,5,0,0,0
r2.lib.template_helpers.get_domain,434,8,0,8,0,0,0
r2.lib.template_helpers.get_linkflair_css_classes,774,1,1,0,1,0,0
r2.lib.template_helpers.header_url,139,4,3,1,3,0,0
r2.lib.template_helpers.join_urls,527,3,0,3,0,0,0
r2.lib.template_helpers.js_config,148,5,5,0,5,0,0
r2.lib.template_helpers.make_url_https,131,5,0,5,0,0,0
r2.lib.template_helpers.make_url_protocol_relative,123,5,0,5,0,0,0
r2.lib.template_helpers.replace_render,353,5,3,2,3,0,0
r2.lib.template_helpers.search_url,666,1,1,0,1,0,0
r2.lib.template_helpers.simplified_timesince,708,2,1,1,1,0,0
r2.lib.template_helpers.static,66,13,2,11,2,0,0
r2.lib.template_helpers.update_query,787,3,3,0,3,0,0
r2.lib.totp.(global),0,1,1,0,1,0,0
r2.lib.totp.generate_secret,60,1,0,1,0,0,0
r2.lib.totp.make_hotp,35,1,0,1,0,0,0
r2.lib.totp.make_totp,53,2,1,1,1,0,0
r2.lib.tracking._decrypt,122,4,2,2,2,0,0
r2.lib.tracking._encrypt,102,4,2,2,2,0,0
r2.lib.tracking._get_encrypted_user_slug,154,6,4,2,4,0,0
r2.lib.tracking._make_cipher,71,2,0,2,0,0,0
r2.lib.tracking._make_salt,92,2,0,2,0,0,0
r2.lib.tracking._pad_message,40,4,0,4,0,0,0
r2.lib.tracking._unpad_message,55,4,0,4,0,0,0
r2.lib.tracking.decrypt,112,2,1,1,1,0,0
r2.lib.tracking.encrypt,77,3,2,1,2,0,0
r2.lib.tracking.get_impression_pixel_url,172,1,1,0,1,0,0
r2.lib.tracking.get_pageview_pixel_url,167,2,1,1,1,0,0
r2.lib.tracking.get_site,131,2,0,2,0,0,0
r2.lib.tracking.get_srpath,136,3,2,1,2,0,0
r2.lib.traffic.emr_traffic.PigAggregate.__init__,102,1,0,1,0,0,0
r2.lib.traffic.emr_traffic.PigCoalesce.__init__,115,1,0,1,0,0,0
r2.lib.traffic.emr_traffic.PigProcessHour.__init__,89,1,0,1,0,0,0
r2.lib.traffic.emr_traffic.TrafficBase.__init__,60,4,3,1,3,0,0
r2.lib.traffic.emr_traffic.TrafficBase._bootstrap_actions,73,1,0,1,0,0,0
r2.lib.traffic.emr_traffic.TrafficBase._setup_steps,81,1,0,1,0,0,0
r2.lib.traffic.emr_traffic._add_step,124,4,3,1,3,0,0
r2.lib.traffic.emr_traffic._wait_for_step,155,2,1,1,1,0,0
r2.lib.traffic.emr_traffic.aggregate_interval,204,4,2,2,2,0,0
r2.lib.traffic.emr_traffic.coalesce_interval,210,3,2,1,2,0,0
r2.lib.traffic.emr_traffic.extract_hour,198,3,2,1,2,0,0
r2.lib.traffic.emr_traffic.run_traffic_step,169,6,3,3,3,0,0
r2.lib.traffic.traffic._get_processed_path,76,2,0,2,0,0,0
r2.lib.traffic.traffic._name_to_kw,132,1,0,1,0,0,0
r2.lib.traffic.traffic._report_interval,170,5,4,1,4,0,0
r2.lib.traffic.traffic.aggregate_month,288,3,2,1,2,0,0
r2.lib.traffic.traffic.get_aggregate,81,4,3,1,3,0,0
r2.lib.traffic.traffic.process_hour,404,2,2,0,2,0,0
r2.lib.traffic.traffic.process_month_hours,297,2,2,0,2,0,0
r2.lib.traffic.traffic.process_pixel_log,232,8,6,2,6,0,0
r2.lib.traffic.traffic.report_entire_month,326,1,1,0,1,0,0
r2.lib.traffic.traffic.report_interval,123,4,2,2,2,0,0
r2.lib.traffic.traffic.verify_month_inputs,385,1,1,0,1,0,0
r2.lib.traffic.traffic.verify_month_outputs,350,2,2,0,2,0,0
r2.lib.translation._get_translator,49,2,0,2,0,0,0
r2.lib.translation.extract_javascript_msgids,162,2,0,2,0,0,0
r2.lib.translation.get_active_langs,106,4,3,1,3,0,0
r2.lib.translation.get_catalog,139,2,0,2,0,0,0
r2.lib.translation.iter_langs,96,3,0,3,0,0,0
r2.lib.translation.load_data,89,1,0,1,0,0,0
r2.lib.translation.set_lang,67,4,2,2,2,0,0
r2.lib.translation.validate_plural_forms,146,1,0,1,0,0,0
r2.lib.trending._get_newest_link,62,1,0,1,0,0,0
r2.lib.trending.get_trending_subreddits,34,1,1,0,1,0,0
r2.lib.trending.update_trending_subreddits,38,2,2,0,2,0,0
r2.lib.unicode._force_unicode,24,36,0,36,0,0,0
r2.lib.unicode._force_utf8,40,17,1,16,1,0,0
r2.lib.utils.http_utils.get_requests_resp_json,51,1,0,1,0,0,0
r2.lib.utils.http_utils.read_http_date,31,1,0,1,0,0,0
r2.lib.utils.reddit_agent_parser.Agent.determine_mobile_browser,235,1,0,1,0,0,0
r2.lib.utils.reddit_agent_parser.Agent.parse,214,5,2,3,2,0,0
r2.lib.utils.reddit_agent_parser.RedditDetectorBase.detect,64,2,1,1,1,1,1
r2.lib.utils.reddit_agent_parser.RedditDetectorBase.getVersion,53,1,1,0,1,0,0
r2.lib.utils.reddit_agent_parser.detect,187,11,0,11,0,0,0
r2.lib.utils.utils.Enum.__init__,113,1,0,1,0,0,0
r2.lib.utils.utils.GoldPrice.__init__,1736,2,0,2,0,0,0
r2.lib.utils.utils.IteratorFilter,1216,1,0,1,0,0,0
r2.lib.utils.utils.Results._fetch,144,2,0,2,0,0,0
r2.lib.utils.utils.Results.fetchall,150,3,2,1,2,1,1
r2.lib.utils.utils.Results.fetchmany,153,3,2,1,2,1,1
r2.lib.utils.utils.Results.fetchone,160,2,1,1,1,1,1
r2.lib.utils.utils.TimeoutFunction.__init__,1343,2,0,2,0,0,0
r2.lib.utils.utils.UniqueIterator,1221,2,1,1,1,0,0
r2.lib.utils.utils.UrlParser.__eq__,513,1,1,0,1,0,0
r2.lib.utils.utils.UrlParser.__init__,504,70,0,70,0,0,0
r2.lib.utils.utils.UrlParser.__repr__,808,1,1,0,1,0,0
r2.lib.utils.utils.UrlParser._unparse,657,3,1,2,1,0,0
r2.lib.utils.utils.UrlParser.base_url,837,1,1,0,1,0,0
r2.lib.utils.utils.UrlParser.canonicalize,607,3,2,1,2,0,0
r2.lib.utils.utils.UrlParser.domain_permutations,811,7,1,6,1,0,0
r2.lib.utils.utils.UrlParser.get_subreddit,679,3,1,2,1,0,0
r2.lib.utils.utils.UrlParser.has_image_extension,581,3,1,2,1,0,0
r2.lib.utils.utils.UrlParser.has_static_image_extension,586,2,1,1,1,0,0
r2.lib.utils.utils.UrlParser.is_reddit_url,763,11,1,10,1,0,0
r2.lib.utils.utils.UrlParser.is_web_safe_url,723,4,1,3,1,0,0
r2.lib.utils.utils.UrlParser.path_add_subreddit,786,2,1,1,1,0,0
r2.lib.utils.utils.UrlParser.path_extension,568,13,0,13,0,0,0
r2.lib.utils.utils.UrlParser.path_has_subreddit,672,1,0,1,0,0,0
r2.lib.utils.utils.UrlParser.perform_paranoid_check,705,3,2,1,2,0,0
r2.lib.utils.utils.UrlParser.query_dict,550,1,1,0,1,0,0
r2.lib.utils.utils.UrlParser.set_extension,591,8,1,7,1,0,0
r2.lib.utils.utils.UrlParser.switch_subdomain_by_extension,615,2,0,2,0,0,0
r2.lib.utils.utils.UrlParser.unparse,644,34,1,33,1,0,0
r2.lib.utils.utils.UrlParser.update_query,541,23,2,21,2,0,0
r2.lib.utils.utils.base_url,201,2,1,1,1,0,0
r2.lib.utils.utils.blockquote_text,1652,3,1,2,1,0,0
r2.lib.utils.utils.canonicalize_email,1760,3,1,2,1,0,0
r2.lib.utils.utils.coerce_url_to_protocol,850,4,2,2,2,0,0
r2.lib.utils.utils.common_subdomain,1279,1,1,0,1,0,0
r2.lib.utils.utils.config_gold_price,1756,1,1,0,1,0,0
r2.lib.utils.utils.constant_time_compare,1587,22,0,22,0,0,0
r2.lib.utils.utils.dbg,1267,1,0,1,0,0,0
r2.lib.utils.utils.domain,210,5,1,4,1,0,0
r2.lib.utils.utils.epoch_timestamp,1924,6,0,6,0,0,0
r2.lib.utils.utils.extract_subdomain,223,2,0,2,0,0,0
r2.lib.utils.utils.extract_title,290,1,0,1,0,0,0
r2.lib.utils.utils.extract_urls_from_markdown,1606,3,1,2,1,0,0
r2.lib.utils.utils.extract_user_mentions,1618,5,2,3,2,0,0
r2.lib.utils.utils.fetch_things2,1020,11,0,11,0,0,0
r2.lib.utils.utils.fetch_things_with_retry,1093,3,0,3,0,0,0
r2.lib.utils.utils.find_containing_network,1657,1,0,1,0,0,0
r2.lib.utils.utils.find_recent_broken_things,1182,3,3,0,3,0,0
r2.lib.utils.utils.fix_if_broken,1141,1,0,1,0,0,0
r2.lib.utils.utils.get_title,255,3,2,1,2,0,0
r2.lib.utils.utils.in_chunks,1372,9,0,9,0,0,0
r2.lib.utils.utils.is_language_subdomain,197,2,0,2,0,0,0
r2.lib.utils.utils.is_subdomain,188,12,0,12,0,0,0
r2.lib.utils.utils.is_throttled,1666,2,1,1,1,0,0
r2.lib.utils.utils.long_datetime,436,1,0,1,0,0,0
r2.lib.utils.utils.lowercase_keys_recursively,1860,4,2,2,2,1,1
r2.lib.utils.utils.paranoid_urlparser_method,470,1,1,0,1,0,0
r2.lib.utils.utils.parse_http_basic,1671,4,2,2,2,0,0
r2.lib.utils.utils.partition,1839,16,0,16,0,0,0
r2.lib.utils.utils.path_component,247,1,1,0,1,0,0
r2.lib.utils.utils.precise_format_timedelta,1785,3,0,3,0,0,0
r2.lib.utils.utils.progress,1386,4,1,3,1,0,0
r2.lib.utils.utils.query_string,445,15,3,12,3,0,0
r2.lib.utils.utils.randstr,65,5,1,4,1,0,0
r2.lib.utils.utils.rate_limited_generator,1971,1,1,0,1,0,0
r2.lib.utils.utils.rate_limiter,1953,1,0,1,0,0,0
r2.lib.utils.utils.roundrobin,1846,1,0,1,0,0,0
r2.lib.utils.utils.sanitize_url,337,3,0,3,0,0,0
r2.lib.utils.utils.simple_traceback,1685,3,1,2,1,0,0
r2.lib.utils.utils.strip_www,179,5,1,4,1,0,0
r2.lib.utils.utils.summarize_markdown,1645,1,0,1,0,0,0
r2.lib.utils.utils.thread_dump,1571,1,1,0,1,0,0
r2.lib.utils.utils.title_to_url,1243,6,1,5,1,0,0
r2.lib.utils.utils.to_date,1362,7,0,7,0,0,0
r2.lib.utils.utils.to_datetime,1367,1,0,1,0,0,0
r2.lib.utils.utils.to_epoch_milliseconds,1933,6,1,5,1,0,0
r2.lib.utils.utils.trace,1271,1,1,0,1,0,0
r2.lib.utils.utils.trunc_string,407,2,0,2,0,0,0
r2.lib.utils.utils.unicode_title_to_ascii,1261,3,2,1,2,0,0
r2.lib.utils.utils.url_is_embeddable_image,857,3,2,1,2,0,0
r2.lib.utils.utils.url_links_builder,1298,4,1,3,1,0,0
r2.lib.utils.utils.url_to_thing,869,4,3,1,3,0,0
r2.lib.utils.utils.weighted_lottery,1701,3,2,1,2,0,0
r2.lib.validator.preferences.(global),0,3,3,0,3,0,0
r2.lib.validator.preferences.filter_prefs,112,2,1,1,1,0,0
r2.lib.validator.preferences.set_prefs,97,4,2,2,2,0,0
r2.lib.validator.validator.(global),0,1,1,0,1,0,0
r2.lib.validator.validator.LoginRatelimit.__init__,1628,1,0,1,0,0,0
r2.lib.validator.validator.VAccountByName.__init__,839,1,1,0,1,0,0
r2.lib.validator.validator.VAccountByName.run,842,2,1,1,1,0,0
r2.lib.validator.validator.VAdmin.run,1076,1,1,0,1,0,0
r2.lib.validator.validator.VAvailableSubredditName.run,717,2,2,0,2,0,0
r2.lib.validator.validator.VAvailableSubredditRuleName.__init__,797,1,1,0,1,0,0
r2.lib.validator.validator.VAvailableSubredditRuleName.run,801,4,4,0,4,0,0
r2.lib.validator.validator.VAward.__init__,428,1,1,0,1,0,0
r2.lib.validator.validator.VAwardByCodename.run,432,2,2,0,2,0,0
r2.lib.validator.validator.VBoolean.run,1900,2,0,2,0,0,0
r2.lib.validator.validator.VByName.__init__,881,7,2,5,2,0,0
r2.lib.validator.validator.VByName.run,897,8,1,7,1,0,0
r2.lib.validator.validator.VByNameIfAuthor.run,945,1,1,0,1,0,0
r2.lib.validator.validator.VCanDistinguish.run,1201,3,3,0,3,0,0
r2.lib.validator.validator.VCaptcha.run,960,1,1,0,1,0,0
r2.lib.validator.validator.VCnameDomain.run,2569,1,1,0,1,0,0
r2.lib.validator.validator.VCollection.run,1448,2,2,0,2,0,0
r2.lib.validator.validator.VColor.run,2013,2,1,1,1,0,0
r2.lib.validator.validator.VCommentByID.__init__,423,1,1,0,1,0,0
r2.lib.validator.validator.VCommentIDs.run,2272,1,1,0,1,0,0
r2.lib.validator.validator.VCssName.run,1996,1,1,0,1,0,0
r2.lib.validator.validator.VDate.__init__,2596,1,1,0,1,0,0
r2.lib.validator.validator.VDate.run,2601,1,1,0,1,0,0
r2.lib.validator.validator.VDestination.__init__,2613,1,1,0,1,0,0
r2.lib.validator.validator.VDestination.run,2616,4,4,0,4,0,0
r2.lib.validator.validator.VEmployee.run,1178,2,2,0,2,0,0
r2.lib.validator.validator.VExistingUname.__init__,1818,2,1,1,1,0,0
r2.lib.validator.validator.VExistingUname.run,1822,5,2,3,2,0,0
r2.lib.validator.validator.VFlairAccount.__init__,2734,2,1,1,1,0,0
r2.lib.validator.validator.VFlairAccount._lookup,2737,1,0,1,0,0,0
r2.lib.validator.validator.VFlairAccount.run,2743,2,2,0,2,0,0
r2.lib.validator.validator.VFlairCss.__init__,2770,2,1,1,1,0,0
r2.lib.validator.validator.VFlairLink.__init__,2755,1,1,0,1,0,0
r2.lib.validator.validator.VFlairLink.run,2758,1,1,0,1,0,0
r2.lib.validator.validator.VFlairTemplateByID.__init__,2795,1,1,0,1,0,0
r2.lib.validator.validator.VFlairText.__init__,2791,2,1,1,1,0,0
r2.lib.validator.validator.VFrequencyCap.run,2362,1,1,0,1,0,0
r2.lib.validator.validator.VFriendOfMine.run,854,2,2,0,2,0,0
r2.lib.validator.validator.VGTMContainerId.run,1437,1,1,0,1,0,0
r2.lib.validator.validator.VGold.run,1108,2,2,0,2,0,0
r2.lib.validator.validator.VJSON.run,2949,2,1,1,1,0,0
r2.lib.validator.validator.VLang.run,363,1,1,0,1,0,0
r2.lib.validator.validator.VLang.validate_lang,355,1,0,1,0,0,0
r2.lib.validator.validator.VLength.__init__,533,9,1,8,1,0,0
r2.lib.validator.validator.VLength.run,546,3,1,2,1,0,0
r2.lib.validator.validator.VLimit.__init__,497,2,1,1,1,0,0
r2.lib.validator.validator.VLimit.run,502,1,1,0,1,0,0
r2.lib.validator.validator.VLink.__init__,415,1,1,0,1,0,0
r2.lib.validator.validator.VList.__init__,2321,1,1,0,1,0,0
r2.lib.validator.validator.VList.param_docs,2347,1,1,0,1,0,0
r2.lib.validator.validator.VList.run,2328,1,1,0,1,0,0
r2.lib.validator.validator.VLocation.run,2394,2,2,0,2,0,0
r2.lib.validator.validator.VLoggedOut.run,1618,1,1,0,1,0,0
r2.lib.validator.validator.VMarkdown.__init__,613,4,1,3,1,0,0
r2.lib.validator.validator.VMarkdown.run,617,3,2,1,2,0,0
r2.lib.validator.validator.VMarkdownLength.__init__,655,2,1,1,1,0,0
r2.lib.validator.validator.VMarkdownLength.run,662,2,2,0,2,0,0
r2.lib.validator.validator.VMenu.__init__,2028,1,1,0,1,0,0
r2.lib.validator.validator.VMenu.param_docs,2058,1,1,0,1,0,0
r2.lib.validator.validator.VMessage.run,451,1,1,0,1,0,0
r2.lib.validator.validator.VMessageID.run,470,2,2,0,2,0,0
r2.lib.validator.validator.VMessageRecipient.run,1855,4,4,0,4,0,0
r2.lib.validator.validator.VModhash.__init__,1024,3,1,2,1,0,0
r2.lib.validator.validator.VModhash.run,1028,4,4,0,4,0,0
r2.lib.validator.validator.VModhashIfLoggedIn.__init__,1061,1,1,0,1,0,0
r2.lib.validator.validator.VModhashIfLoggedIn.run,1065,1,1,0,1,0,0
r2.lib.validator.validator.VMultiByPath.__init__,3135,1,1,0,1,0,0
r2.lib.validator.validator.VMultiByPath.run,3141,3,3,0,3,0,0
r2.lib.validator.validator.VMultiPath.__init__,3075,4,1,3,1,0,0
r2.lib.validator.validator.VMultiPath.normalize,3081,2,0,2,0,0,0
r2.lib.validator.validator.VMultiPath.run,3087,5,5,0,5,0,0
r2.lib.validator.validator.VNotInTimeout.run,981,1,1,0,1,0,0
r2.lib.validator.validator.VNumber.__init__,1915,2,2,0,2,0,0
r2.lib.validator.validator.VNumber._set_error,1928,2,1,1,1,0,0
r2.lib.validator.validator.VNumber.cast,1925,2,0,2,0,0,0
r2.lib.validator.validator.VNumber.run,1939,2,2,0,2,0,0
r2.lib.validator.validator.VOAuth2ClientDeveloper.run,2888,2,2,0,2,0,0
r2.lib.validator.validator.VOAuth2ClientID.__init__,2870,1,1,0,1,0,0
r2.lib.validator.validator.VOAuth2ClientID.run,2873,2,2,0,2,0,0
r2.lib.validator.validator.VOAuth2RefreshToken.__init__,2909,1,1,0,1,0,0
r2.lib.validator.validator.VOAuth2RefreshToken.run,2912,2,2,0,2,0,0
r2.lib.validator.validator.VOAuth2Scope.__init__,2896,1,1,0,1,0,0
r2.lib.validator.validator.VOAuth2Scope.run,2899,4,4,0,4,0,0
r2.lib.validator.validator.VOSVersion.__init__,1482,1,1,0,1,0,0
r2.lib.validator.validator.VOSVersion.assign_error,1486,2,1,1,1,0,0
r2.lib.validator.validator.VOSVersion.run,1489,1,1,0,1,0,0
r2.lib.validator.validator.VOneOf.__init__,2302,4,1,3,1,0,0
r2.lib.validator.validator.VOneOf.param_docs,2313,1,1,0,1,0,0
r2.lib.validator.validator.VOneOf.run,2306,2,1,1,1,0,0
r2.lib.validator.validator.VOneTimePassword.__init__,2809,1,1,0,1,0,0
r2.lib.validator.validator.VOneTimePassword.run,2836,3,3,0,3,0,0
r2.lib.validator.validator.VOneTimePassword.validate_otp,2814,3,1,2,1,0,0
r2.lib.validator.validator.VOneTimeToken.__init__,2288,1,1,0,1,0,0
r2.lib.validator.validator.VOneTimeToken.run,2292,1,1,0,1,0,0
r2.lib.validator.validator.VPassword.run,1536,1,1,0,1,0,0
r2.lib.validator.validator.VPermissions.__init__,2932,1,1,0,1,0,0
r2.lib.validator.validator.VPermissions.run,2935,1,1,0,1,0,0
r2.lib.validator.validator.VPrintable.run,580,1,1,0,1,0,0
r2.lib.validator.validator.VPriority.run,2381,1,1,0,1,0,0
r2.lib.validator.validator.VPromoCampaign.__init__,419,1,1,0,1,0,0
r2.lib.validator.validator.VPromoTarget.run,1458,3,3,0,3,0,0
r2.lib.validator.validator.VRatelimit.__init__,2066,1,1,0,1,0,0
r2.lib.validator.validator.VRatelimit._record_event,2148,1,0,1,0,0,0
r2.lib.validator.validator.VRatelimit.run,2077,6,6,0,6,0,0
r2.lib.validator.validator.VRatelimitImproved.__init__,2184,1,1,0,1,0,0
r2.lib.validator.validator.VRatelimitImproved._check_usage,2219,3,2,1,2,0,0
r2.lib.validator.validator.VRatelimitImproved.run,2203,3,3,0,3,0,0
r2.lib.validator.validator.VRedirectUri.__init__,1794,1,1,0,1,0,0
r2.lib.validator.validator.VRedirectUri.param_docs,1798,1,1,0,1,0,0
r2.lib.validator.validator.VRequired.__init__,373,12,1,11,1,0,0
r2.lib.validator.validator.VRequired.error,377,21,1,20,1,0,0
r2.lib.validator.validator.VRequired.run,382,3,1,2,1,0,0
r2.lib.validator.validator.VResultTypes.__init__,3217,1,1,0,1,0,0
r2.lib.validator.validator.VResultTypes.param_docs,3239,1,1,0,1,0,0
r2.lib.validator.validator.VResultTypes.run,3222,1,1,0,1,0,0
r2.lib.validator.validator.VSRByName.__init__,728,2,1,1,1,0,0
r2.lib.validator.validator.VSRByName.run,733,1,1,0,1,0,0
r2.lib.validator.validator.VSRByNames.__init__,761,1,1,0,1,0,0
r2.lib.validator.validator.VSRByNames.run,765,1,1,0,1,0,0
r2.lib.validator.validator.VSavedCategory.run,676,1,1,0,1,0,0
r2.lib.validator.validator.VShamedDomain.run,1807,2,2,0,2,0,0
r2.lib.validator.validator.VSigned.run,3260,1,1,0,1,0,0
r2.lib.validator.validator.VSponsor.run,1138,4,4,0,4,0,0
r2.lib.validator.validator.VSponsor.user_test,1135,1,0,1,0,0,0
r2.lib.validator.validator.VSponsorAdmin.run,1120,2,2,0,2,0,0
r2.lib.validator.validator.VSrCanAlter.run,1235,3,3,0,3,0,0
r2.lib.validator.validator.VSrCanBan.run,1263,3,3,0,3,0,0
r2.lib.validator.validator.VSrModerator.run,1191,2,2,0,2,0,0
r2.lib.validator.validator.VSrSpecial.run,1280,2,2,0,2,0,0
r2.lib.validator.validator.VSubmitParent.run,1295,4,4,0,4,0,0
r2.lib.validator.validator.VSubmitSR.__init__,1362,2,1,1,1,0,0
r2.lib.validator.validator.VSubmitSR.run,1372,3,3,0,3,0,0
r2.lib.validator.validator.VSubredditDesc.run,790,2,2,0,2,0,0
r2.lib.validator.validator.VSubredditList.__init__,3173,2,1,1,1,0,0
r2.lib.validator.validator.VSubredditList.run,3178,4,3,1,3,0,0
r2.lib.validator.validator.VSubredditName.__init__,693,3,1,2,1,0,0
r2.lib.validator.validator.VSubredditName.run,697,2,1,1,1,0,0
r2.lib.validator.validator.VSubredditRule.run,821,3,3,0,3,0,0
r2.lib.validator.validator.VSubredditTitle.run,781,1,1,0,1,0,0
r2.lib.validator.validator.VSubscribeSR.__init__,1411,1,1,0,1,0,0
r2.lib.validator.validator.VSubscribeSR.run,1414,1,1,0,1,0,0
r2.lib.validator.validator.VThing.__init__,389,6,1,5,1,0,0
r2.lib.validator.validator.VThing.run,394,1,1,0,1,0,0
r2.lib.validator.validator.VThrottledLogin.__init__,1640,2,2,0,2,0,0
r2.lib.validator.validator.VThrottledLogin.get_ratelimits,1645,4,3,1,3,0,0
r2.lib.validator.validator.VThrottledLogin.run,1678,9,8,1,8,1,1
r2.lib.validator.validator.VTitle.__init__,603,1,1,0,1,0,0
r2.lib.validator.validator.VTrophy.__init__,447,1,1,0,1,0,0
r2.lib.validator.validator.VUname.__init__,1585,1,1,0,1,0,0
r2.lib.validator.validator.VUname.run,1587,1,1,0,1,0,0
r2.lib.validator.validator.VUploadLength.run,565,1,1,0,1,0,0
r2.lib.validator.validator.VUrl.__init__,1760,2,1,1,1,0,0
r2.lib.validator.validator.VUrl.run,1767,1,1,0,1,0,0
r2.lib.validator.validator.VUser.run,975,3,0,3,0,0,0
r2.lib.validator.validator.VUserWithEmail.run,1892,2,2,0,2,0,0
r2.lib.validator.validator.VValidatedJSON.__init__,3041,1,1,0,1,0,0
r2.lib.validator.validator.VValidatedJSON.docs_model,3054,2,1,1,1,0,0
r2.lib.validator.validator.VValidatedJSON.param_docs,3063,1,1,0,1,0,0
r2.lib.validator.validator.VValidatedJSON.run,3045,3,2,1,2,1,1
r2.lib.validator.validator.VVerifiedUser.run,1101,3,1,2,1,0,0
r2.lib.validator.validator.VVerifyPassword.__init__,1000,2,1,1,1,0,0
r2.lib.validator.validator.VVerifyPassword.run,1004,5,4,1,4,0,0
r2.lib.validator.validator.ValidAddress.run,2639,2,2,0,2,0,0
r2.lib.validator.validator.ValidAddress.set_error,2635,2,1,1,1,0,0
r2.lib.validator.validator.ValidCard.run,2688,1,1,0,1,0,0
r2.lib.validator.validator.ValidCard.set_error,2684,2,1,1,1,0,0
r2.lib.validator.validator.ValidEmail.run,2447,1,1,0,1,0,0
r2.lib.validator.validator.ValidEmails.__init__,2470,2,1,1,1,0,0
r2.lib.validator.validator.ValidEmails.run,2474,3,2,1,2,0,0
r2.lib.validator.validator.ValidEmailsOrExistingUnames.__init__,2507,1,1,0,1,0,0
r2.lib.validator.validator.ValidEmailsOrExistingUnames.run,2511,6,6,0,6,0,0
r2.lib.validator.validator.Validator.__init__,76,34,0,34,0,0,0
r2.lib.validator.validator.Validator.set_error,89,47,0,47,0,0,0
r2.lib.validator.validator._make_validated_kw,160,4,2,2,2,0,0
r2.lib.validator.validator._validatedForm,295,4,2,2,2,0,0
r2.lib.validator.validator._validators_handle_csrf,184,2,0,2,0,0,0
r2.lib.validator.validator.api_validate,219,9,9,0,9,0,0
r2.lib.validator.validator.build_arg_list,141,2,0,2,0,0,0
r2.lib.validator.validator.can_view_link_comments,68,7,1,6,1,0,0
r2.lib.validator.validator.chkuser,1572,6,0,6,0,0,0
r2.lib.validator.validator.fullname_regex,867,2,0,2,0,0,0
r2.lib.validator.validator.json_validate,286,2,2,0,2,0,0
r2.lib.validator.validator.make_or_admin_secret_cls,1080,3,2,1,2,0,0
r2.lib.validator.validator.noresponse,277,1,1,0,1,0,0
r2.lib.validator.validator.set_api_docs,168,2,0,2,0,0,0
r2.lib.validator.validator.valid_jsonp_callback,344,1,0,1,0,0,0
r2.lib.validator.validator.validate,190,4,3,1,3,0,0
r2.lib.validator.validator.validatedForm,321,1,1,0,1,0,0
r2.lib.validator.validator.validatedMultipartForm,327,2,2,0,2,0,0
r2.lib.validator.wiki.VWikiModerator.run,195,1,1,0,1,0,0
r2.lib.validator.wiki.VWikiPage.__init__,231,2,1,1,1,0,0
r2.lib.validator.wiki.VWikiPage.param_docs,288,1,0,1,0,0,0
r2.lib.validator.wiki.VWikiPage.run,239,4,2,2,2,0,0
r2.lib.validator.wiki.VWikiPage.validpage,255,3,2,1,2,0,0
r2.lib.validator.wiki.VWikiPage.validversion,272,3,1,2,1,0,0
r2.lib.validator.wiki.VWikiPageAndVersion.param_docs,304,1,1,0,1,0,0
r2.lib.validator.wiki.VWikiPageAndVersion.run,292,2,2,0,2,0,0
r2.lib.validator.wiki.VWikiPageName.__init__,202,1,0,1,0,0,0
r2.lib.validator.wiki.VWikiPageName.run,206,4,3,1,3,0,0
r2.lib.validator.wiki.VWikiPageRevise.__init__,310,1,1,0,1,0,0
r2.lib.validator.wiki.VWikiPageRevise.may_not_create,313,5,4,1,4,0,0
r2.lib.validator.wiki.VWikiPageRevise.run,336,4,4,0,4,0,0
r2.lib.validator.wiki.may_revise,61,8,7,1,7,0,0
r2.lib.validator.wiki.may_view,141,5,2,3,2,0,0
r2.lib.validator.wiki.normalize_page,167,2,0,2,0,0,0
r2.lib.validator.wiki.this_may_revise,46,6,1,5,1,0,0
r2.lib.validator.wiki.this_may_view,55,3,1,2,1,0,0
r2.lib.voting.add_to_author_query_q,187,1,0,1,0,0,0
r2.lib.voting.add_to_domain_query_q,278,3,2,1,2,0,0
r2.lib.voting.add_to_subreddit_query_q,233,1,0,1,0,0,0
r2.lib.voting.cast_vote,56,9,6,3,6,0,0
r2.lib.voting.consume_author_query_queue,196,4,4,0,4,0,0
r2.lib.voting.consume_comment_vote_queue,330,11,11,0,11,0,0
r2.lib.voting.consume_domain_query_queue,292,5,5,0,5,0,0
r2.lib.voting.consume_link_vote_queue,124,10,10,0,10,0,0
r2.lib.voting.consume_subreddit_query_queue,242,4,4,0,4,0,0
r2.lib.voting.prequeued_vote_key,39,2,0,2,0,0,0
r2.lib.voting.update_user_liked,105,4,3,1,3,0,0
r2.lib.voting.update_vote_lookups,43,5,4,1,4,0,0
r2.lib.zookeeper.IPNetworkLiveList.__init__,219,2,1,1,1,0,0
r2.lib.zookeeper.LiveConfig.__init__,66,2,1,1,1,0,0
r2.lib.zookeeper.LiveConfig.get,79,2,1,1,1,1,1
r2.lib.zookeeper.LiveConfig.iteritems,82,207,1,206,1,1,1
r2.lib.zookeeper.LiveList.__init__,91,2,1,1,1,0,0
r2.lib.zookeeper.LiveList._nodepath,109,2,0,2,0,0,0
r2.lib.zookeeper.LiveList._normalize_children,113,2,0,2,0,0,0
r2.lib.zookeeper.LiveList.add,122,1,1,0,1,0,0
r2.lib.zookeeper.LiveList.get,134,1,1,0,1,0,0
r2.lib.zookeeper.LiveList.remove,126,1,1,0,1,0,0
r2.lib.zookeeper.ReducedLiveList.__init__,163,2,1,1,1,0,0
r2.lib.zookeeper.ReducedLiveList.add,194,3,2,1,2,1,1
r2.lib.zookeeper.ReducedLiveList.get,202,3,1,2,1,1,1
r2.lib.zookeeper.ReducedLiveList.remove,198,3,2,1,2,1,1
r2.lib.zookeeper.ReducedLiveList.update,188,3,1,2,1,0,0
r2.lib.zookeeper.connect_to_zookeeper,37,3,2,1,2,0,0
r2.models.account.(global),0,1,1,0,1,0,0
r2.models.account.Account.__eq__,172,1,0,1,0,0,0
r2.models.account.Account.__ne__,178,1,1,0,1,0,0
r2.models.account.Account._banned,524,2,2,0,2,0,0
r2.models.account.Account._by_name,388,4,1,3,1,0,0
r2.models.account.Account._by_name_cache,372,2,0,2,0,0,0
r2.models.account.Account._get_friend_ids_by,477,3,1,2,1,0,0
r2.models.account.Account._names_to_ids,397,2,1,1,1,0,0
r2.models.account.Account.add_friend_note,471,1,1,0,1,0,0
r2.models.account.Account.all_karmas,251,3,2,1,2,0,0
r2.models.account.Account.automoderator_user,580,1,0,1,0,0,0
r2.models.account.Account.can_create_subreddit,354,1,1,0,1,0,0
r2.models.account.Account.can_flair_in_sr,616,2,1,1,1,0,0
r2.models.account.Account.canonical_email,569,1,1,0,1,0,0
r2.models.account.Account.comment_karma,248,1,1,0,1,0,0
r2.models.account.Account.delete,496,2,2,0,2,0,0
r2.models.account.Account.flair_css_class,611,1,1,0,1,0,0
r2.models.account.Account.flair_enabled_in_sr,603,4,0,4,0,0,0
r2.models.account.Account.flair_text,606,1,1,0,1,0,0
r2.models.account.Account.friend_rels,450,5,2,3,2,1,1
r2.models.account.Account.friend_rels_cache,442,2,0,2,0,0,0
r2.models.account.Account.get_recently_commented_friend_ids,493,1,1,0,1,0,0
r2.models.account.Account.get_recently_submitted_friend_ids,489,1,1,0,1,0,0
r2.models.account.Account.get_trophy_id,641,1,0,1,0,0,0
r2.models.account.Account.has_interacted_with,181,3,1,2,1,0,0
r2.models.account.Account.incr_admin_takedown_strikes,719,1,1,0,1,0,0
r2.models.account.Account.incr_karma,224,3,2,1,2,0,0
r2.models.account.Account.is_mutable,431,3,2,1,2,0,0
r2.models.account.Account.karma,189,9,3,6,3,1,1
r2.models.account.Account.link_karma,244,1,1,0,1,0,0
r2.models.account.Account.make_admin_cookie,322,2,1,1,1,0,0
r2.models.account.Account.make_cookie,316,6,1,5,1,0,0
r2.models.account.Account.make_otp_cookie,329,2,1,1,1,0,0
r2.models.account.Account.needs_captcha,336,2,1,1,1,0,0
r2.models.account.Account.set_email,563,2,1,1,1,0,0
r2.models.account.Account.set_flair,622,1,1,0,1,0,0
r2.models.account.Account.set_trophy_id,649,1,0,1,0,0,0
r2.models.account.Account.special_distinguish,556,1,0,1,0,0,0
r2.models.account.Account.system_user,573,4,0,4,0,0,0
r2.models.account.Account.timeout_expiration,690,1,1,0,1,0,0
r2.models.account.Account.update_last_visit,296,7,6,1,6,0,0
r2.models.account.AccountsByCanonicalEmail.get_accounts,1102,4,4,0,4,0,0
r2.models.account.AccountsByCanonicalEmail.update_email,1089,1,0,1,0,0,0
r2.models.account.BlockedSubredditsByAccount.block,979,1,0,1,0,0,0
r2.models.account.BlockedSubredditsByAccount.is_blocked,987,2,1,1,1,0,0
r2.models.account.BlockedSubredditsByAccount.unblock,983,1,0,1,0,0,0
r2.models.account.QuarantinedSubredditOptInsByAccount.is_opted_in,1156,1,1,0,1,0,0
r2.models.account.QuarantinedSubredditOptInsByAccount.opt_out,1150,2,2,0,2,0,0
r2.models.account.SubredditParticipationByAccount.mark_participated,1124,1,0,1,0,0,0
r2.models.account.bcrypt_password,892,5,0,5,0,0,0
r2.models.account.change_password,902,6,2,4,2,0,0
r2.models.account.deleted_account_cleanup,996,4,4,0,4,0,0
r2.models.account.make_feedhash,830,3,1,2,1,0,0
r2.models.account.make_feedurl,835,5,5,0,5,0,0
r2.models.account.passhash,896,2,1,1,1,0,0
r2.models.account.register,909,7,2,5,2,0,0
r2.models.account.valid_admin_cookie,762,2,1,1,1,0,0
r2.models.account.valid_feed,818,5,4,1,4,0,0
r2.models.account.valid_otp_cookie,793,2,1,1,1,0,0
r2.models.account.valid_password,842,5,3,2,3,0,0
r2.models.admin_notes.AdminNotesBySystem.add,44,3,1,2,1,0,0
r2.models.admin_notes.AdminNotesBySystem.in_display_order,53,2,1,1,1,0,0
r2.models.admintools.(global),0,1,1,0,1,0,0
r2.models.admintools.AdminTools.adjust_gold_expiration,199,5,2,3,2,0,0
r2.models.admintools.AdminTools.author_spammer,166,4,2,2,2,0,0
r2.models.admintools.AdminTools.create_award_claim_code,242,3,3,0,3,0,0
r2.models.admintools.AdminTools.degolden,234,3,1,2,1,0,0
r2.models.admintools.AdminTools.engolden,219,3,2,1,2,0,0
r2.models.admintools.AdminTools.set_last_sr_ban,184,4,2,2,2,0,0
r2.models.admintools.AdminTools.spam,57,5,2,3,2,0,0
r2.models.admintools.AdminTools.unspam,119,4,2,2,2,0,0
r2.models.admintools.accountid_from_subscription,277,1,0,1,0,0,0
r2.models.admintools.all_gold_users,272,2,1,1,1,0,0
r2.models.admintools.apply_updates,348,1,0,1,0,0,0
r2.models.admintools.bans_for_domain_parts,344,1,0,1,0,0,0
r2.models.admintools.cancel_subscription,260,1,0,1,0,0,0
r2.models.admintools.ip_span,352,2,1,1,1,0,0
r2.models.admintools.is_banned_domain,338,1,0,1,0,0,0
r2.models.admintools.is_shamed_domain,341,2,0,2,0,0,0
r2.models.admintools.send_system_message,388,14,0,14,0,0,0
r2.models.admintools.send_welcome_message,374,2,2,0,2,0,0
r2.models.admintools.update_gold_users,290,6,6,0,6,0,0
r2.models.admintools.wiki_template,357,3,2,1,2,0,0
r2.models.automoderator.PerformedRulesByThing.get_already_performed,54,2,1,1,1,0,0
r2.models.automoderator.PerformedRulesByThing.mark_performed,49,2,1,1,1,0,0
r2.models.award.Award._all_awards,48,1,1,0,1,0,0
r2.models.award.Award._all_awards_cache,44,3,1,2,1,0,0
r2.models.award.Award._by_codename,63,4,0,4,0,0,0
r2.models.award.Award._new,56,1,1,0,1,0,0
r2.models.award.Award.give_if_needed,74,5,3,2,3,0,0
r2.models.award.Award.take_away,98,5,3,2,3,0,0
r2.models.award.FakeTrophy.__init__,128,1,0,1,0,0,0
r2.models.award.Trophy._new,147,2,1,1,1,0,0
r2.models.award.Trophy.by_account,177,5,1,4,1,0,0
r2.models.award.Trophy.by_account_cache,170,1,0,1,0,0,0
r2.models.award.Trophy.by_award,192,4,1,3,1,0,0
r2.models.award.Trophy.by_award_cache,185,1,0,1,0,0,0
r2.models.award.Trophy.claim,199,3,2,1,2,0,0
r2.models.award.Trophy.update_caches,164,3,2,1,2,0,0
r2.models.bans.UserTempBan.schedule,33,1,1,0,1,0,0
r2.models.bans.UserTempBan.search,50,3,2,1,2,0,0
r2.models.bans.UserTempBan.unschedule,42,1,1,0,1,0,0
r2.models.bidding.Bid._new,293,3,1,2,1,0,0
r2.models.bidding.Bid.auth,314,2,1,1,1,0,0
r2.models.bidding.Bid.charged,326,3,2,1,2,0,0
r2.models.bidding.Bid.is_auth,317,1,0,1,0,0,0
r2.models.bidding.Bid.is_charged,331,4,0,4,0,0,0
r2.models.bidding.Bid.is_refund,345,3,0,3,0,0,0
r2.models.bidding.Bid.is_void,323,1,0,1,0,0,0
r2.models.bidding.Bid.refund,338,3,2,1,2,0,0
r2.models.bidding.Bid.set_status,309,5,1,4,1,0,0
r2.models.bidding.Bid.void,320,3,1,2,1,0,0
r2.models.bidding.CustomerID.get_id,241,9,1,8,1,0,0
r2.models.bidding.CustomerID.set,232,2,1,1,1,0,0
r2.models.bidding.PayID.get_ids,259,1,0,1,0,0,0
r2.models.bidding.PromotionWeights._filter_query,420,5,3,2,3,0,0
r2.models.bidding.PromotionWeights.add,387,3,3,0,3,0,0
r2.models.bidding.PromotionWeights.delete,413,1,1,0,1,0,0
r2.models.bidding.PromotionWeights.filter_sr_name,377,2,0,2,0,0,0
r2.models.bidding.PromotionWeights.get_campaign_ids,443,1,1,0,1,0,0
r2.models.bidding.PromotionWeights.get_link_names,450,1,1,0,1,0,0
r2.models.bidding.Sessionized.__init__,71,1,1,0,1,0,0
r2.models.bidding.Sessionized._commit,90,6,2,4,2,0,0
r2.models.bidding.Sessionized._delete,97,2,2,0,2,0,0
r2.models.bidding.Sessionized._disambiguate_args,115,4,2,2,2,0,0
r2.models.bidding.Sessionized._lookup,159,3,3,0,3,0,0
r2.models.bidding.Sessionized._make_storable,150,1,0,1,0,0,0
r2.models.bidding.Sessionized.add,201,4,1,3,1,0,0
r2.models.bidding.Sessionized.delete,208,3,1,2,1,0,0
r2.models.bidding.Sessionized.lookup,186,1,0,1,0,0,0
r2.models.bidding.Sessionized.one,194,12,0,12,0,0,0
r2.models.bidding.Sessionized.query,105,1,0,1,0,0,0
r2.models.builder.Builder.__init__,89,3,0,3,0,0,0
r2.models.builder.Builder._is_controversial,375,1,0,1,0,0,0
r2.models.builder.Builder.convert_items,327,6,2,4,2,0,0
r2.models.builder.Builder.keep_item,97,1,0,1,0,0,0
r2.models.builder.Builder.must_skip,355,3,1,2,1,0,0
r2.models.builder.Builder.valid_after,340,2,2,0,2,0,0
r2.models.builder.Builder.wrap_items,103,18,13,5,13,0,0
r2.models.builder.CampaignBuilder.valid_after,656,2,2,0,2,0,0
r2.models.builder.ChildrenCommentOrderer.__init__,1297,2,1,1,1,0,0
r2.models.builder.CommentBuilder.__init__,1347,19,1,18,1,0,0
r2.models.builder.CommentBuilder._get_comments,1382,4,2,2,2,0,0
r2.models.builder.CommentBuilder._make_wrapped_tree,1444,10,9,1,9,0,0
r2.models.builder.CommentBuilder.get_items,1377,3,2,1,2,0,0
r2.models.builder.CommentBuilder.item_iter,1617,2,1,1,1,1,1
r2.models.builder.CommentBuilder.keep_item,1438,1,0,1,0,0,0
r2.models.builder.CommentBuilder.load_comment_order,1392,20,5,15,5,0,0
r2.models.builder.CommentBuilder.make_wrapped_items,1538,2,1,1,1,0,0
r2.models.builder.CommentBuilder.uncollapse_special_comments,1557,2,1,1,1,0,0
r2.models.builder.CommentOrderer._get_comment_order,1072,2,1,1,1,0,0
r2.models.builder.CommentOrderer.cache_key,989,1,0,1,0,0,0
r2.models.builder.CommentOrderer.get_comment_order,1075,5,4,1,4,0,0
r2.models.builder.CommentOrderer.read_cache,1024,4,3,1,3,0,0
r2.models.builder.CommentOrderer.should_read_cache,1013,1,0,1,0,0,0
r2.models.builder.CommentOrderer.write_cache,998,1,0,1,0,0,0
r2.models.builder.CommentOrdererBase.__init__,826,2,0,2,0,0,0
r2.models.builder.CommentOrdererBase.get_comment_order,834,11,8,3,8,0,0
r2.models.builder.CommentOrdererBase.get_initial_candidates,930,1,0,1,0,0,0
r2.models.builder.CommentOrdererBase.get_initial_comment_list,934,1,0,1,0,0,0
r2.models.builder.CommentOrdererBase.modify_comment_tree,926,1,0,1,0,0,0
r2.models.builder.CommentOrdererBase.update_candidates,939,1,0,1,0,0,0
r2.models.builder.IDBuilder._get_after,552,2,0,2,0,0,0
r2.models.builder.IDBuilder.fetch_more,568,1,1,0,1,0,0
r2.models.builder.IDBuilder.init_query,542,1,1,0,1,0,0
r2.models.builder.IDBuilder.thing_lookup,538,1,0,1,0,0,0
r2.models.builder.MessageBuilder.__init__,1626,5,1,4,1,0,0
r2.models.builder.MessageBuilder._apply_pagination,1656,2,1,1,1,0,0
r2.models.builder.MessageBuilder._viewable_message,1643,4,1,3,1,0,0
r2.models.builder.MessageBuilder.get_items,1704,9,9,0,9,0,0
r2.models.builder.MessageBuilder.get_tree,1636,1,0,1,0,0,0
r2.models.builder.MessageBuilder.should_collapse,1693,1,0,1,0,0,0
r2.models.builder.MessageBuilder.valid_after,1639,2,2,0,2,0,0
r2.models.builder.ModActionBuilder.wrap_items,668,1,1,0,1,0,0
r2.models.builder.ModeratorMessageBuilder.__init__,1817,1,1,0,1,0,0
r2.models.builder.ModeratorMessageBuilder.get_tree,1821,2,2,0,2,0,0
r2.models.builder.MultiredditMessageBuilder.__init__,1830,1,1,0,1,0,0
r2.models.builder.MultiredditMessageBuilder.get_tree,1834,2,2,0,2,0,0
r2.models.builder.PermalinkCommentOrderer.__init__,1233,2,1,1,1,0,0
r2.models.builder.PermalinkCommentOrderer.get_initial_candidates,1283,1,1,0,1,0,0
r2.models.builder.PermalinkCommentOrderer.get_path_to_comment,1241,2,0,2,0,0,0
r2.models.builder.PermalinkCommentOrderer.modify_comment_tree,1266,1,1,0,1,0,0
r2.models.builder.QACommentOrderer._get_comment_order,1111,1,1,0,1,0,0
r2.models.builder.QueryBuilder.__init__,394,3,1,2,1,0,0
r2.models.builder.QueryBuilder.fetch_more,424,1,0,1,0,0,0
r2.models.builder.QueryBuilder.get_items,446,11,8,3,8,0,0
r2.models.builder.QueryBuilder.init_query,413,1,0,1,0,0,0
r2.models.builder.SavedBuilder.wrap_items,1914,2,2,0,2,0,0
r2.models.builder.SearchBuilder.__init__,712,2,1,1,1,0,0
r2.models.builder.SearchBuilder.init_query,716,1,1,0,1,0,0
r2.models.builder.SearchBuilder.keep_item,732,1,1,0,1,0,0
r2.models.builder.SimpleBuilder.get_items,704,1,1,0,1,0,0
r2.models.builder.SrMessageBuilder.__init__,1854,2,1,1,1,0,0
r2.models.builder.SrMessageBuilder.get_tree,1858,2,2,0,2,0,0
r2.models.builder.TopCommentBuilder.__init__,1844,1,1,0,1,0,0
r2.models.builder.TopCommentBuilder.get_items,1848,1,1,0,1,0,0
r2.models.builder.UserMessageBuilder.__init__,1865,7,1,6,1,0,0
r2.models.builder.UserMessageBuilder._viewable_message,1869,5,0,5,0,0,0
r2.models.builder.UserMessageBuilder.get_tree,1885,2,2,0,2,0,0
r2.models.builder.UserMessageBuilder.valid_after,1890,2,2,0,2,0,0
r2.models.builder.WikiRecentRevisionBuilder.must_skip,810,1,1,0,1,0,0
r2.models.builder.WikiRevisionBuilder.__init__,774,2,1,1,1,0,0
r2.models.builder.WikiRevisionBuilder.keep_item,802,1,1,0,1,0,0
r2.models.builder.WikiRevisionBuilder.must_skip,799,1,0,1,0,0,0
r2.models.builder.WikiRevisionBuilder.wrap_items,780,2,2,0,2,0,0
r2.models.builder.add_to_child_listing,1336,3,1,2,1,0,0
r2.models.builder.get_active_sort_orders_for_link,1188,3,1,2,1,0,0
r2.models.builder.make_child_listing,1329,3,1,2,1,0,0
r2.models.builder.write_comment_orders,1204,3,2,1,2,0,0
r2.models.comment_tree.CommentTree.__init__,163,1,0,1,0,0,0
r2.models.comment_tree.CommentTree.add_comments,186,2,1,1,1,0,0
r2.models.comment_tree.CommentTree.by_link,172,3,1,2,1,0,0
r2.models.comment_tree.CommentTree.on_new_link,182,2,1,1,1,0,0
r2.models.comment_tree.CommentTree.rebuild,190,3,3,0,3,0,0
r2.models.comment_tree.CommentTreePermacache._load_tree,90,4,1,3,1,0,0
r2.models.comment_tree.CommentTreePermacache._mutation_context,73,3,0,3,0,0,0
r2.models.comment_tree.CommentTreePermacache._permacache_key,69,2,0,2,0,0,0
r2.models.comment_tree.CommentTreePermacache._write_tree,96,4,1,3,1,0,0
r2.models.comment_tree.CommentTreePermacache.add_comments,114,4,3,1,3,0,0
r2.models.comment_tree.CommentTreePermacache.get_tree_pieces,102,3,2,1,2,0,0
r2.models.comment_tree.CommentTreePermacache.prepare_new_storage,79,4,3,1,3,0,0
r2.models.comment_tree.CommentTreePermacache.rebuild,150,3,2,1,2,0,0
r2.models.flair.(global),0,1,1,0,1,0,0
r2.models.flair.FlairTemplate._new,69,1,0,1,0,0,0
r2.models.flair.FlairTemplate.covers,84,1,0,1,0,0,0
r2.models.flair.FlairTemplateBySubredditIndex._delete_by_id,232,2,1,1,1,0,0
r2.models.flair.FlairTemplateBySubredditIndex._index_keys,187,5,0,5,0,0,0
r2.models.flair.FlairTemplateBySubredditIndex._make_index_key,195,1,0,1,0,0,0
r2.models.flair.FlairTemplateBySubredditIndex.by_sr,134,4,0,4,0,0,0
r2.models.flair.FlairTemplateBySubredditIndex.clear,174,12,2,10,2,0,0
r2.models.flair.FlairTemplateBySubredditIndex.create_template,143,4,3,1,3,0,0
r2.models.flair.FlairTemplateBySubredditIndex.delete_by_id,221,2,1,1,1,0,0
r2.models.flair.FlairTemplateBySubredditIndex.get_template,163,1,1,0,1,0,0
r2.models.flair.FlairTemplateBySubredditIndex.get_template_ids,156,3,2,1,2,0,0
r2.models.flair.FlairTemplateBySubredditIndex.insert,202,3,3,0,3,0,0
r2.models.flair.FlairTemplateBySubredditIndex.iter_template_ids,198,3,1,2,1,0,0
r2.models.gold.(global),0,3,3,0,3,0,0
r2.models.gold.GildedCommentsByAccount.gild,148,1,0,1,0,0,0
r2.models.gold.GildedLinksByAccount.gild,162,1,0,1,0,0,0
r2.models.gold.GildingsByDay.create,222,1,1,0,1,0,0
r2.models.gold.GildingsByDay.get_gildings,207,2,2,0,2,0,0
r2.models.gold.GildingsByThing.create,181,1,1,0,1,0,0
r2.models.gold.GildingsByThing.get_gilder_ids,176,1,1,0,1,0,0
r2.models.gold.GoldRevenueGoalByDate._colkey,115,2,0,2,0,0,0
r2.models.gold.GoldRevenueGoalByDate.get,123,2,1,1,1,0,0
r2.models.gold.GoldRevenueGoalByDate.set,119,1,1,0,1,0,0
r2.models.gold.StylesheetsEverywhere._get_wiki_config,637,1,0,1,0,0,0
r2.models.gold._get_subscription_details,499,1,0,1,0,0,0
r2.models.gold.account_by_payingid,328,1,0,1,0,0,0
r2.models.gold.account_from_stripe_customer_id,492,1,0,1,0,0,0
r2.models.gold.append_random_bottlecap_phrase,436,9,1,8,1,0,0
r2.models.gold.calculate_server_seconds,616,4,2,2,2,0,0
r2.models.gold.claim_gold,343,1,0,1,0,0,0
r2.models.gold.create_claimed_gold,270,3,0,3,0,0,0
r2.models.gold.create_gift_gold,285,3,1,2,1,0,0
r2.models.gold.create_gold_code,302,2,1,1,1,0,0
r2.models.gold.creddits_lock,606,4,0,4,0,0,0
r2.models.gold.days_to_pennies,427,1,0,1,0,0,0
r2.models.gold.get_current_value_of_month,628,3,1,2,1,0,0
r2.models.gold.get_discounted_price,530,2,1,1,1,0,0
r2.models.gold.get_subscription_details,519,2,1,1,1,0,0
r2.models.gold.gold_goal_on,482,2,1,1,1,0,0
r2.models.gold.gold_payments_by_user,410,2,1,1,1,0,0
r2.models.gold.gold_received_by_user,420,2,1,1,1,0,0
r2.models.gold.gold_revenue_multi,459,3,1,2,1,0,0
r2.models.gold.gold_revenue_steady,477,2,1,1,1,0,0
r2.models.gold.gold_revenue_volatile,472,2,1,1,1,0,0
r2.models.gold.has_prev_subscr_payments,387,1,0,1,0,0,0
r2.models.gold.make_gold_message,536,3,0,3,0,0,0
r2.models.gold.paypal_subscription_url,526,3,0,3,0,0,0
r2.models.gold.retrieve_gold_transaction,392,2,0,2,0,0,0
r2.models.gold.transactions_by_user,404,2,0,2,0,0,0
r2.models.gold.update_gold_transaction,399,1,0,1,0,0,0
r2.models.ip.AccountsByIP.get,98,2,1,1,1,0,0
r2.models.ip.AccountsByIP.set,92,1,1,0,1,0,0
r2.models.ip.IPsByAccount.get,38,2,1,1,1,0,0
r2.models.ip.IPsByAccount.set,32,1,1,0,1,0,0
r2.models.ip.set_account_ip,135,2,1,1,1,0,0
r2.models.keyvalue.KeyValueStore.get,46,3,0,3,0,0,0
r2.models.keyvalue.KeyValueStore.set,56,3,0,3,0,0,0
r2.models.last_modified.LastModified.get,49,3,1,2,1,0,0
r2.models.last_modified.LastModified.get_multi,62,1,1,0,1,0,0
r2.models.last_modified.LastModified.touch,41,7,1,6,1,0,0
r2.models.link.(global),0,1,1,0,1,0,0
r2.models.link.Comment._gild,1537,5,5,0,5,0,0
r2.models.link.Comment._new,1355,7,7,0,7,0,0
r2.models.link.Comment._qa,1556,7,0,7,0,0,0
r2.models.link.Comment._save,1446,1,1,0,1,0,0
r2.models.link.Comment._unsave,1449,1,1,0,1,0,0
r2.models.link.Comment.add_props,1598,8,8,0,8,0,0
r2.models.link.Comment.archived_slow,1475,1,1,0,1,0,0
r2.models.link.Comment.is_archived,1479,1,0,1,0,0,0
r2.models.link.Comment.make_permalink,1521,1,0,1,0,0,0
r2.models.link.Comment.make_permalink_slow,1530,2,1,1,1,0,0
r2.models.link.Comment.update_nofollow,1582,1,1,0,1,0,0
r2.models.link.Comment.wrapped_cache_key,1513,1,1,0,1,0,0
r2.models.link.CommentSavesByAccount._cached_queries,2639,1,1,0,1,0,0
r2.models.link.CommentScoresByLink.get_scores,1916,1,1,0,1,0,0
r2.models.link.CommentScoresByLink.set_scores,1911,2,1,1,1,0,0
r2.models.link.CommentVisitsByUser.add_visit,3087,2,1,1,1,0,0
r2.models.link.CommentVisitsByUser.get_and_update,3093,3,2,1,2,0,0
r2.models.link.CommentVisitsByUser.get_previous_visits,3075,2,1,1,1,0,0
r2.models.link.CommentsByAccount.add_comment,3026,1,0,1,0,0,0
r2.models.link.Inbox._add,2859,2,0,2,0,0,0
r2.models.link.Inbox.possible_recipients,2881,1,1,0,1,0,0
r2.models.link.Inbox.set_unread,2951,1,1,0,1,0,0
r2.models.link.LegacySearchResultLink.add_props,1315,4,4,0,4,0,0
r2.models.link.Link.__init__,157,7,1,6,1,0,0
r2.models.link.Link._by_url,187,2,1,1,1,0,0
r2.models.link.Link._commit,325,7,3,4,3,0,0
r2.models.link.Link._gild,534,5,5,0,5,0,0
r2.models.link.Link._hide,319,1,1,0,1,0,0
r2.models.link.Link._save,313,1,1,0,1,0,0
r2.models.link.Link._should_expunge_selftext,554,1,0,1,0,0,0
r2.models.link.Link._submit,214,6,6,0,6,0,0
r2.models.link.Link._unhide,322,1,1,0,1,0,0
r2.models.link.Link._unsave,316,1,1,0,1,0,0
r2.models.link.Link._utf8_encode,1143,6,2,4,2,1,1
r2.models.link.Link.add_props,584,24,21,3,21,0,0
r2.models.link.Link.already_submitted_link,200,6,4,2,4,0,0
r2.models.link.Link.archived_slow,1019,1,1,0,1,0,0
r2.models.link.Link.can_comment_slow,1039,6,3,3,3,0,0
r2.models.link.Link.can_flair_slow,1066,4,1,3,1,0,0
r2.models.link.Link.can_view_promo,1026,2,0,2,0,0,0
r2.models.link.Link.get_default_context,954,1,0,1,0,0,0
r2.models.link.Link.is_archived,1023,2,0,2,0,0,0
r2.models.link.Link.is_stickied,1181,5,0,5,0,0,0
r2.models.link.Link.is_stickied_slow,1178,1,1,0,1,0,0
r2.models.link.Link.link_domain,336,6,1,5,1,0,0
r2.models.link.Link.make_canonical_link,463,2,1,1,1,0,0
r2.models.link.Link.make_permalink,437,3,2,1,2,0,0
r2.models.link.Link.make_permalink_slow,468,4,1,3,1,0,0
r2.models.link.Link.markdown_link_slow,472,3,2,1,2,0,0
r2.models.link.Link.post_hint,958,3,3,0,3,0,0
r2.models.link.Link.remove_sticky_comment,1113,6,2,4,2,0,0
r2.models.link.Link.resubmit_link,208,5,3,2,3,0,0
r2.models.link.Link.set_content,290,9,4,5,4,0,0
r2.models.link.Link.set_flair,1074,3,3,0,3,0,0
r2.models.link.Link.set_media_object,1162,3,1,2,1,0,0
r2.models.link.Link.set_preview_object,1168,3,1,2,1,0,0
r2.models.link.Link.set_secure_media_object,1165,3,1,2,1,0,0
r2.models.link.Link.set_sticky_comment,1084,6,4,2,4,0,0
r2.models.link.Link.sort_if_suggested,1050,3,0,3,0,0,0
r2.models.link.Link.tracking_link,479,7,7,0,7,0,0
r2.models.link.Link.update_nofollow,568,1,1,0,1,0,0
r2.models.link.Link.wrapped_cache_key,401,1,1,0,1,0,0
r2.models.link.LinkSavesByAccount._cached_queries,2624,1,1,0,1,0,0
r2.models.link.LinkVisitsByAccount._visit,2676,2,1,1,1,0,0
r2.models.link.LinksByAccount.add_link,3040,1,0,1,0,0,0
r2.models.link.LinksByImage.add_link,2819,2,1,1,1,0,0
r2.models.link.LinksByImage.get_link_id36s,2832,1,1,0,1,0,0
r2.models.link.LinksByImage.remove_link,2825,2,1,1,1,0,0
r2.models.link.LinksByUrlAndSubreddit.add_link,1225,6,4,2,4,0,0
r2.models.link.LinksByUrlAndSubreddit.get_link_ids,1243,5,4,1,4,0,0
r2.models.link.LinksByUrlAndSubreddit.make_all_rowkey,1221,3,0,3,0,0,0
r2.models.link.LinksByUrlAndSubreddit.make_canonical_url,1201,6,3,3,3,0,0
r2.models.link.LinksByUrlAndSubreddit.make_sr_rowkey,1217,3,0,3,0,0,0
r2.models.link.LinksByUrlAndSubreddit.remove_link,1234,5,4,1,4,0,0
r2.models.link.Message._new,2051,9,9,0,9,0,0
r2.models.link.Message.add_props,2252,3,3,0,3,0,0
r2.models.link.Message.can_view_slow,2215,5,1,4,1,0,0
r2.models.link.Message.get_muted_user_in_conversation,2229,3,1,2,1,0,0
r2.models.link.Message.make_permalink,2202,2,1,1,1,0,0
r2.models.link.Message.make_permalink_slow,2212,1,1,0,1,0,0
r2.models.link.Message.wrapped_cache_key,2508,1,1,0,1,0,0
r2.models.link.MessagesByAccount.add_message,3054,1,0,1,0,0,0
r2.models.link.ModeratorInbox._add,2989,1,0,1,0,0,0
r2.models.link.MoreChildren.__init__,2018,3,2,1,2,0,0
r2.models.link.MoreComments.__init__,1992,1,0,1,0,0,0
r2.models.link.MoreMessages.__init__,1931,1,0,1,0,0,0
r2.models.link.PromotedLink.add_props,1272,1,1,0,1,0,0
r2.models.link.SearchResultLink.add_props,1302,4,4,0,4,0,0
r2.models.link._SaveHideByAccount._savehide,2533,4,1,3,1,0,0
r2.models.link._SaveHideByAccount._unsavehide,2555,1,1,0,1,0,0
r2.models.link._ThingHidesByAccount._hide,2650,2,1,1,1,0,0
r2.models.link._ThingHidesByAccount._unhide,2654,1,0,1,0,0,0
r2.models.link._ThingSavesByAccount._cached_queries_category,2606,2,0,2,0,0,0
r2.models.link._ThingSavesByAccount._remove_from_category_listings,2573,2,1,1,1,0,0
r2.models.link._ThingSavesByAccount._save,2584,4,2,2,2,0,0
r2.models.link._ThingSavesByAccount._unsave,2590,3,1,2,1,0,0
r2.models.link._ThingSavesByAccount._unsavehide,2596,1,1,0,1,0,0
r2.models.link._ThingSavesByCategory.create,2730,1,1,0,1,0,0
r2.models.link._ThingSavesByCategory.get_saved_categories,2750,3,1,2,1,0,0
r2.models.link._ThingSavesBySubreddit._column,2689,1,0,1,0,0,0
r2.models.link._ThingSavesBySubreddit.create,2710,2,2,0,2,0,0
r2.models.link._ThingSavesBySubreddit.get_saved_subreddits,2704,2,1,1,1,0,0
r2.models.link._ThingSavesBySubreddit.get_saved_values,2693,3,1,2,1,0,0
r2.models.listing.BannedListing.__init__,179,1,1,0,1,0,0
r2.models.listing.BannedListing.get_items,204,2,2,0,2,0,0
r2.models.listing.BannedListing.populate_from_tempbans,187,2,0,2,0,0,0
r2.models.listing.InvitedModListing.permissions_form,287,1,1,0,1,0,0
r2.models.listing.LinkListing.__init__,324,7,1,6,1,0,0
r2.models.listing.LinkListing.listing,329,4,1,3,1,0,0
r2.models.listing.Listing.__init__,47,7,0,7,0,0,0
r2.models.listing.Listing.get_items,67,6,2,4,2,1,1
r2.models.listing.Listing.listing,78,3,1,2,1,0,0
r2.models.listing.MutedListing.get_items,235,2,2,0,2,0,0
r2.models.listing.MutedListing.populate_from_muted,218,1,0,1,0,0,0
r2.models.listing.NestedListing.__init__,360,3,1,2,1,0,0
r2.models.listing.NestedListing.listing,366,2,1,1,1,0,0
r2.models.listing.SearchListing.__init__,337,3,1,2,1,0,0
r2.models.listing.SearchListing.listing,342,3,1,2,1,0,0
r2.models.listing.SpotlightListing.__init__,384,3,1,2,1,0,0
r2.models.listing.SpotlightListing.get_items,399,1,1,0,1,0,0
r2.models.listing.SpotlightListing.listing,408,1,1,0,1,0,0
r2.models.listing.UserListing.__init__,127,3,1,2,1,0,0
r2.models.mail_queue.Email.__init__,353,1,1,0,1,0,0
r2.models.mail_queue.Email.from_name,375,3,0,3,0,0,0
r2.models.mail_queue.Email.get_unsent,386,1,1,0,1,0,0
r2.models.mail_queue.Email.set_sent,397,1,0,1,0,0,0
r2.models.mail_queue.Email.should_queue,391,2,1,1,1,0,0
r2.models.mail_queue.Email.to_MIMEText,419,2,1,1,1,0,0
r2.models.mail_queue.EmailHandler.__init__,130,6,6,0,6,0,0
r2.models.mail_queue.EmailHandler.from_queue,240,1,0,1,0,0,0
r2.models.mail_queue.EmailHandler.get_recipient,204,2,0,2,0,0,0
r2.models.mail_queue.EmailHandler.has_opted_out,161,1,0,1,0,0,0
r2.models.mail_queue.EmailHandler.opt_in,187,4,4,0,4,0,0
r2.models.mail_queue.EmailHandler.opt_out,168,3,3,0,3,0,0
r2.models.mail_queue.has_opted_out,451,4,0,4,0,0,0
r2.models.mail_queue.mail_queue,40,1,0,1,0,0,0
r2.models.mail_queue.opt_count,459,2,0,2,0,0,0
r2.models.mail_queue.opt_out,117,1,0,1,0,0,0
r2.models.mail_queue.sent_mail_table,82,1,0,1,0,0,0
r2.models.media_cache.MediaByURL.add,97,2,1,1,1,0,0
r2.models.media_cache.MediaByURL.add_error,133,2,1,1,1,0,0
r2.models.media_cache.MediaByURL.add_placeholder,88,2,1,1,1,0,0
r2.models.media_cache.MediaByURL.get,143,1,0,1,0,0,0
r2.models.modaction.ModAction._on_create,243,1,1,0,1,0,0
r2.models.modaction.ModAction.add_props,299,5,5,0,5,0,0
r2.models.modaction.ModAction.create,211,7,0,7,0,0,0
r2.models.printable.Printable.add_props,64,1,1,0,1,0,0
r2.models.printable.Printable.wrapped_cache_key,92,1,1,0,1,0,0
r2.models.promo.(global),0,1,1,0,1,0,0
r2.models.promo.Collection.__init__,176,6,0,6,0,0,0
r2.models.promo.Collection.by_name,185,3,1,2,1,0,0
r2.models.promo.Collection.get_all,189,2,1,1,1,0,0
r2.models.promo.CollectionStorage._from_columns,220,1,1,0,1,0,0
r2.models.promo.CollectionStorage._set_attributes,245,4,2,2,2,0,0
r2.models.promo.CollectionStorage._to_columns,229,2,1,1,1,0,0
r2.models.promo.CollectionStorage.get_all,277,1,0,1,0,0,0
r2.models.promo.CollectionStorage.get_collection,264,1,0,1,0,0,0
r2.models.promo.CollectionStorage.set,239,2,2,0,2,0,0
r2.models.promo.CollectionStorage.set_is_spotlight,260,1,1,0,1,0,0
r2.models.promo.CollectionStorage.set_over_18,256,1,1,0,1,0,0
r2.models.promo.Location.__eq__,156,1,0,1,0,0,0
r2.models.promo.Location.__init__,113,3,0,3,0,0,0
r2.models.promo.Location.__ne__,164,1,1,0,1,0,0
r2.models.promo.Location.contains,131,1,0,1,0,0,0
r2.models.promo.Location.from_code,127,1,0,1,0,0,0
r2.models.promo.Location.to_code,122,2,1,1,1,0,0
r2.models.promo.PROMOTE_DEFAULT_PRIORITY,104,1,0,1,0,0,0
r2.models.promo.PriorityLevel.text,57,4,0,4,0,0,0
r2.models.promo.PromoCampaign.__getattr__,398,1,1,0,1,0,0
r2.models.promo.PromoCampaign.__getstate__,427,1,1,0,1,0,0
r2.models.promo.PromoCampaign.__setattr__,421,1,1,0,1,0,0
r2.models.promo.PromoCampaign._mobile_target_getter,566,5,0,5,0,0,0
r2.models.promo.PromoCampaign._mobile_target_setter,572,6,1,5,1,0,0
r2.models.promo.PromoCampaign.android_devices,595,1,1,0,1,0,0
r2.models.promo.PromoCampaign.android_devices,599,1,1,0,1,0,0
r2.models.promo.PromoCampaign.android_version_range,611,1,1,0,1,0,0
r2.models.promo.PromoCampaign.android_version_range,615,1,1,0,1,0,0
r2.models.promo.PromoCampaign.impressions,518,1,1,0,1,0,0
r2.models.promo.PromoCampaign.ios_devices,587,1,1,0,1,0,0
r2.models.promo.PromoCampaign.ios_devices,591,1,1,0,1,0,0
r2.models.promo.PromoCampaign.ios_version_range,603,1,1,0,1,0,0
r2.models.promo.PromoCampaign.ios_version_range,607,1,1,0,1,0,0
r2.models.promo.PromoCampaign.is_freebie,639,2,0,2,0,0,0
r2.models.promo.PromoCampaign.is_live_now,642,1,0,1,0,0,0
r2.models.promo.PromoCampaign.location,533,1,1,0,1,0,0
r2.models.promo.PromoCampaign.location,540,1,1,0,1,0,0
r2.models.promo.PromoCampaign.location_code_from_location,456,2,1,1,1,0,0
r2.models.promo.PromoCampaign.location_str,619,1,1,0,1,0,0
r2.models.promo.PromoCampaign.mobile_os,579,1,1,0,1,0,0
r2.models.promo.PromoCampaign.mobile_os,583,1,1,0,1,0,0
r2.models.promo.PromoCampaign.priority,529,1,1,0,1,0,0
r2.models.promo.PromoCampaign.priority_name_from_priority,450,1,0,1,0,0,0
r2.models.promo.PromoCampaign.target,544,2,2,0,2,0,0
r2.models.promo.PromoCampaign.target,560,1,1,0,1,0,0
r2.models.promo.PromoCampaign.unpack_target,460,2,1,1,1,0,0
r2.models.promo.PromotionLog.add,683,3,2,1,2,0,0
r2.models.promo.PromotionLog.get,693,3,2,1,2,0,0
r2.models.promo.PromotionPrices._lookup_price,787,2,0,2,0,0,0
r2.models.promo.PromotionPrices._rowkey_and_column_from_location,750,3,1,2,1,0,0
r2.models.promo.PromotionPrices._rowkey_and_column_from_target,733,2,0,2,0,0,0
r2.models.promo.PromotionPrices.get_price,796,2,2,0,2,0,0
r2.models.promo.PromotionPrices.get_price_dict,828,1,1,0,1,0,0
r2.models.promo.PromotionPrices.lookup_location_price,781,3,2,1,2,0,0
r2.models.promo.PromotionPrices.lookup_target_price,775,3,2,1,2,0,0
r2.models.promo.PromotionPrices.set_location_price,770,1,1,0,1,0,0
r2.models.promo.PromotionPrices.set_target_price,765,1,1,0,1,0,0
r2.models.promo.Target.__eq__,329,1,0,1,0,0,0
r2.models.promo.Target.__init__,291,5,0,5,0,0,0
r2.models.promo.Target.__ne__,335,1,1,0,1,0,0
r2.models.promo.Target.subreddits_slow,320,1,1,0,1,0,0
r2.models.promo.backfill_campaign_targets,663,3,3,0,3,0,0
r2.models.promo.calc_impressions,168,2,0,2,0,0,0
r2.models.promo_metrics.LocationPromoMetrics._column_name,84,2,0,2,0,0,0
r2.models.promo_metrics.LocationPromoMetrics._rowkey,79,1,1,0,1,0,0
r2.models.promo_metrics.LocationPromoMetrics.get,88,2,1,1,1,0,0
r2.models.promo_metrics.LocationPromoMetrics.set,112,1,1,0,1,0,0
r2.models.promo_metrics.PromoMetrics.get,57,2,1,1,1,0,0
r2.models.promo_metrics.PromoMetrics.set,66,2,1,1,1,0,0
r2.models.query_cache.CachedQuery.__eq__,281,1,0,1,0,0,0
r2.models.query_cache.CachedQuery.__init__,132,1,0,1,0,0,0
r2.models.query_cache.CachedQuery.__ne__,284,1,1,0,1,0,0
r2.models.query_cache.CachedQuery._cols_from_things,195,3,1,2,1,0,0
r2.models.query_cache.CachedQuery._fetch,158,1,1,0,1,0,0
r2.models.query_cache.CachedQuery._fetch_multi,162,7,3,4,3,0,0
r2.models.query_cache.CachedQuery._insert,202,2,1,1,1,0,0
r2.models.query_cache.CachedQuery._make_item_tuple,140,1,0,1,0,0,0
r2.models.query_cache.CachedQuery._prune,220,4,3,1,3,0,0
r2.models.query_cache.CachedQuery._prune_multi,270,4,3,1,3,0,0
r2.models.query_cache.CachedQuery._replace,209,1,1,0,1,0,0
r2.models.query_cache.CachedQueryMutator.__exit__,330,1,1,0,1,0,0
r2.models.query_cache.CachedQueryMutator.__init__,323,27,0,27,0,0,0
r2.models.query_cache.CachedQueryMutator.delete,369,3,1,2,1,0,0
r2.models.query_cache.CachedQueryMutator.insert,333,4,2,2,2,0,0
r2.models.query_cache.CachedQueryMutator.send,378,7,3,4,3,1,1
r2.models.query_cache.FakeQuery.__init__,452,18,0,18,0,0,0
r2.models.query_cache.MergedCachedQuery.__init__,300,4,0,4,0,0,0
r2.models.query_cache.MergedCachedQuery._fetch,310,1,1,0,1,0,0
r2.models.query_cache.ThingTupleComparator.__init__,66,2,0,2,0,0,0
r2.models.query_cache._BaseQueryCache.get,542,1,1,0,1,0,0
r2.models.query_cache._BaseQueryCache.index_mangle_keys,568,4,3,1,3,0,0
r2.models.query_cache._BaseQueryCache.insert,587,1,1,0,1,0,0
r2.models.query_cache._BaseQueryCache.remove_if_unchanged,615,1,0,1,0,0,0
r2.models.query_cache._BaseQueryCache.remove_older_than,629,1,0,1,0,0,0
r2.models.query_cache._CachedQueryBase.__iter__,108,1,1,0,1,0,0
r2.models.query_cache._CachedQueryBase._fetch,101,1,0,1,0,0,0
r2.models.query_cache._CachedQueryBase._sort_data,104,3,1,2,1,0,0
r2.models.query_cache._CachedQueryBase.fetch,87,3,2,1,2,0,0
r2.models.query_cache._is_query_precomputed,422,2,1,1,1,0,0
r2.models.query_cache.cached_query,457,6,4,2,4,0,0
r2.models.query_cache.merged_cached_query,507,1,1,0,1,0,0
r2.models.recommend.AccountSRFeedback.for_user,97,2,1,1,1,0,0
r2.models.recommend.AccountSRFeedback.record_feedback,112,2,0,2,0,0,0
r2.models.recommend.AccountSRFeedback.record_views,128,2,1,1,1,0,0
r2.models.recommend.AccountSRPrefs.for_user,66,2,1,1,1,0,0
r2.models.recommend.DefaultExploreSettings.__init__,173,1,0,1,0,0,0
r2.models.recommend.ExploreSettings.for_user,138,2,1,1,1,0,0
r2.models.recommend.ExploreSettings.record_settings,146,1,0,1,0,0,0
r2.models.report.(global),0,1,1,0,1,0,0
r2.models.report.Report.accept,104,2,1,1,1,0,0
r2.models.report.Report.for_thing,97,1,0,1,0,0,0
r2.models.report.Report.get_reports,133,4,2,2,2,0,0
r2.models.report.Report.new,52,3,2,1,2,0,0
r2.models.rules.SubredditRules.create,79,3,2,1,2,0,0
r2.models.rules.SubredditRules.get_rule,183,4,0,4,0,0,0
r2.models.rules.SubredditRules.get_rule_blob,61,4,0,4,0,0,0
r2.models.rules.SubredditRules.get_rules,197,5,1,4,1,0,0
r2.models.rules.SubredditRules.remove_rule,95,5,4,1,4,0,0
r2.models.rules.SubredditRules.reorder,142,5,5,0,5,0,0
r2.models.rules.SubredditRules.update,113,4,3,1,3,0,0
r2.models.subreddit.(global),0,1,1,0,1,0,0
r2.models.subreddit.AllFiltered.__init__,1776,2,2,0,2,0,0
r2.models.subreddit.AllMinus.__init__,1718,3,1,2,1,0,0
r2.models.subreddit.AllMinus.get_links,1735,1,1,0,1,0,0
r2.models.subreddit.AllMinus.path,1732,1,1,0,1,0,0
r2.models.subreddit.AllMinus.title,1727,1,1,0,1,0,0
r2.models.subreddit.AllSR.get_links,1678,1,0,1,0,0,0
r2.models.subreddit.AllSR.get_reported,1701,1,1,0,1,0,0
r2.models.subreddit.BaseLocalizedSubreddits.get_global_defaults,2077,1,1,0,1,0,0
r2.models.subreddit.BaseLocalizedSubreddits.get_localized_srs,2081,2,0,2,0,0,0
r2.models.subreddit.BaseLocalizedSubreddits.get_srids,2067,1,0,1,0,0,0
r2.models.subreddit.BaseLocalizedSubreddits.lookup,2019,2,2,0,2,0,0
r2.models.subreddit.BaseLocalizedSubreddits.set_global_srs,2062,1,1,0,1,0,0
r2.models.subreddit.BaseLocalizedSubreddits.set_srs,2043,4,3,1,3,0,0
r2.models.subreddit.BaseSite.get_modactions,202,1,0,1,0,0,0
r2.models.subreddit.BaseSite.is_moderator_with_perms,149,40,0,40,0,0,0
r2.models.subreddit.BaseSite.is_unlimited_moderator,158,2,0,2,0,0,0
r2.models.subreddit.DefaultSR._base,1811,1,1,0,1,0,0
r2.models.subreddit.DefaultSR.get_all_comments,1885,3,3,0,3,0,0
r2.models.subreddit.DefaultSR.get_gilded,1891,2,2,0,2,0,0
r2.models.subreddit.DefaultSR.get_live_promos,1895,1,1,0,1,0,0
r2.models.subreddit.DefaultSR.is_wikibanned,1843,3,1,2,1,1,1
r2.models.subreddit.DefaultSR.is_wikicontributor,1840,3,1,2,1,1,1
r2.models.subreddit.DefaultSR.is_wikicreate,1846,2,1,1,1,1,1
r2.models.subreddit.DomainSR.__init__,2626,2,1,1,1,0,0
r2.models.subreddit.FakeSRMember.__init__,2766,3,0,3,0,0,0
r2.models.subreddit.FakeSubreddit.__init__,1560,3,0,3,0,0,0
r2.models.subreddit.FakeSubreddit.is_banned,1594,5,0,5,0,0,0
r2.models.subreddit.FakeSubreddit.is_moderator,1578,1,1,0,1,0,0
r2.models.subreddit.FakeSubreddit.is_muted,1597,7,0,7,0,0,0
r2.models.subreddit.Filtered._get_filtered_subreddits,1763,3,1,2,1,0,0
r2.models.subreddit.FriendsSR.get_gilded,1659,1,1,0,1,0,0
r2.models.subreddit.LabeledMulti.__init__,2149,1,1,0,1,0,0
r2.models.subreddit.LabeledMulti._byID,2155,9,1,8,1,0,2
r2.models.subreddit.LabeledMulti._load,2180,3,2,1,2,0,2
r2.models.subreddit.LabeledMulti._on_create,2461,1,1,0,1,0,0
r2.models.subreddit.LabeledMulti.add_srs,2477,6,4,2,4,0,0
r2.models.subreddit.LabeledMulti.allows_referrers,2311,1,1,0,1,0,0
r2.models.subreddit.LabeledMulti.by_owner,2382,3,1,2,1,0,0
r2.models.subreddit.LabeledMulti.can_edit,2344,4,1,3,1,0,0
r2.models.subreddit.LabeledMulti.can_view,2328,3,2,1,2,0,0
r2.models.subreddit.LabeledMulti.clear_srs,2507,3,1,2,1,0,0
r2.models.subreddit.LabeledMulti.columns_to_sr_props,2453,2,1,1,1,0,0
r2.models.subreddit.LabeledMulti.copy,2402,3,2,1,2,0,0
r2.models.subreddit.LabeledMulti.create,2394,3,0,3,0,0,0
r2.models.subreddit.LabeledMulti.del_srs,2494,5,3,2,3,0,0
r2.models.subreddit.LabeledMulti.delete,2510,2,2,0,2,0,0
r2.models.subreddit.LabeledMulti.icon_url,2359,1,1,0,1,0,0
r2.models.subreddit.LabeledMulti.is_public,2322,3,0,3,0,0,0
r2.models.subreddit.LabeledMulti.set_icon_by_name,2367,1,0,1,0,0,0
r2.models.subreddit.LabeledMulti.slugify,2423,5,2,3,2,0,0
r2.models.subreddit.LabeledMulti.sr_columns,2249,2,2,0,2,0,0
r2.models.subreddit.LabeledMulti.sr_ids,2224,1,1,0,1,0,0
r2.models.subreddit.LabeledMulti.sr_props,2275,1,1,0,1,0,0
r2.models.subreddit.LabeledMulti.sr_props_to_columns,2442,4,1,3,1,0,0
r2.models.subreddit.LabeledMulti.srs,2228,2,2,0,2,0,0
r2.models.subreddit.LabeledMulti.unlink,2465,5,2,3,2,0,0
r2.models.subreddit.LocalizedDefaultSubreddits.get_defaults,2101,2,1,1,1,0,0
r2.models.subreddit.LocalizedFeaturedSubreddits.get_featured,2111,2,1,1,1,0,0
r2.models.subreddit.ModContribSR.__init__,2549,2,1,1,1,0,0
r2.models.subreddit.ModContribSR.sr_ids,2554,1,1,0,1,0,0
r2.models.subreddit.ModFiltered.__init__,2610,2,2,0,2,0,0
r2.models.subreddit.ModMinus.__init__,2582,3,1,2,1,0,0
r2.models.subreddit.ModMinus.name,2593,1,1,0,1,0,0
r2.models.subreddit.ModMinus.path,2602,1,1,0,1,0,0
r2.models.subreddit.ModSR.is_moderator,2575,1,1,0,1,0,0
r2.models.subreddit.MultiReddit.__init__,1917,7,1,6,1,0,0
r2.models.subreddit.MultiReddit.get_all_comments,1982,2,2,0,2,0,0
r2.models.subreddit.MultiReddit.get_gilded,1987,1,1,0,1,0,0
r2.models.subreddit.MultiReddit.get_links,1979,1,1,0,1,0,0
r2.models.subreddit.MultiReddit.is_moderator,1946,1,1,0,1,0,0
r2.models.subreddit.MultiReddit.srs_with_perms,1959,2,1,1,1,0,0
r2.models.subreddit.MultiReddit.title,1964,1,1,0,1,0,0
r2.models.subreddit.MutedAccountsBySubreddit.mute,2894,5,3,2,3,0,0
r2.models.subreddit.MutedAccountsBySubreddit.search,2950,3,2,1,2,0,0
r2.models.subreddit.MutedAccountsBySubreddit.unmute,2961,4,1,3,1,0,0
r2.models.subreddit.SRMember._rel_cache_prefix,2722,1,0,1,0,0,0
r2.models.subreddit.SRMember.get_permissions,2730,2,0,2,0,0,0
r2.models.subreddit.SRMember.has_permission,2725,1,1,0,1,0,0
r2.models.subreddit.SRMember.is_superuser,2760,1,1,0,1,0,0
r2.models.subreddit.SRMember.set_permissions,2756,4,1,3,1,0,0
r2.models.subreddit.SRMember.update_permissions,2736,4,2,2,2,0,0
r2.models.subreddit.SearchResultSubreddit.add_props,2656,4,4,0,4,0,0
r2.models.subreddit.Subreddit.__eq__,1259,1,0,1,0,0,0
r2.models.subreddit.Subreddit.__ne__,1268,1,1,0,1,0,0
r2.models.subreddit.Subreddit.__setattr__,358,1,1,0,1,0,0
r2.models.subreddit.Subreddit._by_domain,512,3,2,1,2,0,0
r2.models.subreddit.Subreddit._by_domain_cache,504,1,0,1,0,0,0
r2.models.subreddit.Subreddit._by_name,416,24,3,21,3,0,0
r2.models.subreddit.Subreddit._new,366,2,2,0,2,0,0
r2.models.subreddit.Subreddit.add_gilding_seconds,1327,4,2,2,2,0,0
r2.models.subreddit.Subreddit.add_moderator,538,4,2,2,2,1,1
r2.models.subreddit.Subreddit.add_props,1027,4,3,1,3,0,0
r2.models.subreddit.Subreddit.add_rel_note,1298,2,0,2,0,0,0
r2.models.subreddit.Subreddit.add_subscriber,1349,3,3,0,3,0,0
r2.models.subreddit.Subreddit.can_ban,784,3,1,2,1,0,0
r2.models.subreddit.Subreddit.can_change_stylesheet,800,2,1,1,1,0,0
r2.models.subreddit.Subreddit.can_comment,727,3,3,0,3,0,0
r2.models.subreddit.Subreddit.can_demod,943,1,0,1,0,0,0
r2.models.subreddit.Subreddit.can_distinguish,795,6,1,5,1,0,0
r2.models.subreddit.Subreddit.can_mute,789,5,2,3,2,0,0
r2.models.subreddit.Subreddit.can_submit,753,4,3,1,3,0,0
r2.models.subreddit.Subreddit.can_submit_link,774,2,1,1,1,0,0
r2.models.subreddit.Subreddit.can_submit_text,779,3,1,2,1,0,0
r2.models.subreddit.Subreddit.can_view,888,4,3,1,3,0,0
r2.models.subreddit.Subreddit.can_view_in_modlist,897,3,2,1,2,0,0
r2.models.subreddit.Subreddit.change_css,836,5,4,1,4,0,0
r2.models.subreddit.Subreddit.community_rules,641,1,1,0,1,0,0
r2.models.subreddit.Subreddit.count_activity,697,3,1,2,1,1,1
r2.models.subreddit.Subreddit.default_subreddits,1080,6,2,4,2,0,0
r2.models.subreddit.Subreddit.featured_subreddits,1094,3,2,1,2,0,0
r2.models.subreddit.Subreddit.fetch_stylesheet_source,575,3,2,1,2,0,0
r2.models.subreddit.Subreddit.get_all_mod_ids,1272,1,0,1,0,0,0
r2.models.subreddit.Subreddit.get_muted_items,1324,2,1,1,1,0,0
r2.models.subreddit.Subreddit.get_promote_srid,1337,3,0,3,0,0,0
r2.models.subreddit.Subreddit.get_rgb,1377,1,0,1,0,0,0
r2.models.subreddit.Subreddit.get_sr_user_relations,977,2,1,1,1,0,0
r2.models.subreddit.Subreddit.get_tempbans,1321,3,1,2,1,0,0
r2.models.subreddit.Subreddit.is_allowed_to_view,905,3,1,2,1,0,0
r2.models.subreddit.Subreddit.is_contributor,721,8,1,7,1,1,1
r2.models.subreddit.Subreddit.is_exposed,921,3,0,3,0,0,0
r2.models.subreddit.Subreddit.is_special,866,2,1,1,1,0,0
r2.models.subreddit.Subreddit.is_subscriber,1343,4,1,3,1,0,0
r2.models.subreddit.Subreddit.is_valid_name,392,13,0,13,0,0,0
r2.models.subreddit.Subreddit.keep_item,1252,1,1,0,1,0,0
r2.models.subreddit.Subreddit.moderators_with_perms,565,1,0,1,0,0,0
r2.models.subreddit.Subreddit.parse_css,807,6,5,1,5,0,0
r2.models.subreddit.Subreddit.prev_stylesheet,582,2,2,0,2,0,0
r2.models.subreddit.Subreddit.random_reddit,1146,3,3,0,3,0,0
r2.models.subreddit.Subreddit.random_reddits,1117,3,2,1,2,0,0
r2.models.subreddit.Subreddit.random_reddits_cached,1106,2,1,1,1,0,0
r2.models.subreddit.Subreddit.random_subscription,1192,3,3,0,3,0,0
r2.models.subreddit.Subreddit.related_subreddits,625,1,1,0,1,0,0
r2.models.subreddit.Subreddit.related_subreddits,645,5,5,0,5,0,0
r2.models.subreddit.Subreddit.remove_moderator,548,4,2,2,2,1,1
r2.models.subreddit.Subreddit.remove_sticky,1426,4,0,4,0,0,0
r2.models.subreddit.Subreddit.remove_subscriber,1363,4,2,2,2,0,0
r2.models.subreddit.Subreddit.reverse_subscriber_ids,1373,1,1,0,1,0,0
r2.models.subreddit.Subreddit.schedule_unban,1309,2,1,1,1,0,0
r2.models.subreddit.Subreddit.set_sticky,1383,3,1,2,1,0,0
r2.models.subreddit.Subreddit.should_ratelimit,872,6,3,3,3,0,0
r2.models.subreddit.Subreddit.spammy,718,3,0,3,0,0,0
r2.models.subreddit.Subreddit.special_reddits,1240,1,0,1,0,0,0
r2.models.subreddit.Subreddit.subscribe_defaults,1245,4,2,2,2,0,0
r2.models.subreddit.Subreddit.subscribe_multiple,1356,3,2,1,2,0,0
r2.models.subreddit.Subreddit.subscribed_ids_by_user,1369,6,1,5,1,0,0
r2.models.subreddit.Subreddit.unschedule_unban,1318,3,1,2,1,0,0
r2.models.subreddit.Subreddit.update_moderator_permissions,1286,1,1,0,1,0,0
r2.models.subreddit.Subreddit.update_popular_subreddits,1164,2,2,0,2,0,0
r2.models.subreddit.Subreddit.user_subreddits,1202,13,3,10,3,0,0
r2.models.subreddit.Subreddit.wiki_can_submit,750,1,1,0,1,0,0
r2.models.subreddit.SubredditTempBan.schedule,2820,3,2,1,2,0,0
r2.models.subreddit.SubredditTempBan.search,2849,3,2,1,2,0,0
r2.models.subreddit.SubredditTempBan.unschedule,2862,2,1,1,1,0,0
r2.models.subreddit.SubredditsActiveForFrontPage.filter_inactive_ids,3020,2,1,1,1,0,0
r2.models.subreddit.SubredditsActiveForFrontPage.mark_new_post,3016,1,1,0,1,0,0
r2.models.subreddit.SubscribedSubredditsByAccount.get_all_sr_ids,1466,1,0,1,0,0,0
r2.models.subreddit.SubscriptionsByDay.create,1486,2,0,2,0,0,0
r2.models.subreddit.SubscriptionsByDay.get_all_counts,1498,1,0,1,0,0,0
r2.models.subreddit.SubscriptionsByDay.write_counts,1521,2,2,0,2,0,0
r2.models.subreddit._DefaultSR._get_sr_ids,1788,3,1,2,1,0,0
r2.models.subreddit._DefaultSR.get_links,1800,2,2,0,2,0,0
r2.models.subreddit._DefaultSR.keep_for_rising,1794,1,1,0,1,0,0
r2.models.subreddit.add_legacy_subscriber,2792,2,0,2,0,0,0
r2.models.subreddit.get_links_sr_ids,90,2,0,2,0,0,0
r2.models.subreddit.get_user_location,100,3,1,2,1,0,0
r2.models.subreddit.on_subreddit_unban,2871,2,2,0,2,0,0
r2.models.subreddit.remove_legacy_subscriber,2802,1,0,1,0,0,0
r2.models.subreddit.unmute_hook,2976,2,2,0,2,0,0
r2.models.token.AwardClaimToken._new,795,1,0,1,0,0,0
r2.models.token.AwardClaimToken.confirm_url,823,1,0,1,0,0,0
r2.models.token.ConsumableToken.consume,99,4,0,4,0,0,0
r2.models.token.EmailVerificationToken._new,758,1,0,1,0,0,0
r2.models.token.OAuth2AccessToken._by_user,695,6,3,3,3,0,0
r2.models.token.OAuth2AccessToken._by_user_view,628,2,0,2,0,0,0
r2.models.token.OAuth2AccessToken._new,612,7,1,6,1,0,0
r2.models.token.OAuth2AccessToken._on_create,631,3,3,0,3,0,0
r2.models.token.OAuth2AccessToken.check_valid,640,5,1,4,1,0,0
r2.models.token.OAuth2AccessToken.revoke,669,2,2,0,2,0,0
r2.models.token.OAuth2AccessToken.revoke_all_by_user,688,3,0,3,0,0,0
r2.models.token.OAuth2AuthorizationCode._new,580,1,0,1,0,0,0
r2.models.token.OAuth2AuthorizationCode.use_token,589,2,1,1,1,0,0
r2.models.token.OAuth2Client._by_developer,482,4,3,1,3,0,0
r2.models.token.OAuth2Client._by_user,498,4,4,0,4,0,0
r2.models.token.OAuth2Client._by_user_grouped,518,3,1,2,1,0,0
r2.models.token.OAuth2Client._developer_colname,433,4,1,3,1,0,0
r2.models.token.OAuth2Client._developer_ids,414,1,1,0,1,0,0
r2.models.token.OAuth2Client._new,408,1,1,0,1,0,0
r2.models.token.OAuth2Client.add_developer,449,4,2,2,2,0,0
r2.models.token.OAuth2Client.has_developer,441,6,1,5,1,0,0
r2.models.token.OAuth2Client.is_confidential,549,3,0,3,0,0,0
r2.models.token.OAuth2Client.is_first_party,552,6,2,4,2,0,0
r2.models.token.OAuth2Client.remove_developer,462,2,1,1,1,0,0
r2.models.token.OAuth2Client.revoke,539,1,1,0,1,0,0
r2.models.token.OAuth2RefreshToken._by_user_view,730,1,0,1,0,0,0
r2.models.token.OAuth2RefreshToken._on_create,722,2,2,0,2,0,0
r2.models.token.OAuth2RefreshToken.revoke,733,2,2,0,2,0,0
r2.models.token.OAuth2Scope.__init__,275,8,1,7,1,0,0
r2.models.token.OAuth2Scope.__str__,297,1,1,0,1,0,0
r2.models.token.OAuth2Scope._parse_scope_str,287,1,0,1,0,0,0
r2.models.token.OAuth2Scope.details,320,2,1,1,1,0,0
r2.models.token.OAuth2Scope.has_access,304,1,0,1,0,0,0
r2.models.token.OAuth2Scope.is_valid,317,5,0,5,0,0,0
r2.models.token.OAuth2Scope.merge_scopes,328,1,0,1,0,0,0
r2.models.token.PasswordResetToken._new,773,1,0,1,0,0,0
r2.models.token.Token._generate_unique_token,65,3,1,2,1,0,0
r2.models.token.Token._new,56,1,1,0,1,0,0
r2.models.token.Token.get_token,77,2,0,2,0,0,0
r2.models.token.generate_token,39,3,0,3,0,0,0
r2.models.traffic.AdImpressionsByCodename.historical_totals,572,1,1,0,1,0,0
r2.models.traffic.AdImpressionsByCodename.history,560,2,2,0,2,0,0
r2.models.traffic.AdImpressionsByCodename.promotion_history,567,1,1,0,1,0,0
r2.models.traffic.AdImpressionsByCodename.recent_codenames,582,2,2,0,2,0,0
r2.models.traffic.AdImpressionsByCodename.top_last_month,577,1,1,0,1,0,0
r2.models.traffic.AdImpressionsByCodename.total_by_codename,597,1,1,0,1,0,0
r2.models.traffic.ClickthroughsByCodename.historical_totals,511,1,1,0,1,0,0
r2.models.traffic.ClickthroughsByCodename.history,499,2,2,0,2,0,0
r2.models.traffic.ClickthroughsByCodename.promotion_history,506,1,1,0,1,0,0
r2.models.traffic.ClickthroughsByCodename.total_by_codename,516,1,1,0,1,0,0
r2.models.traffic.PageviewsByLanguage.history,475,2,2,0,2,0,0
r2.models.traffic.PageviewsByLanguage.top_last_month,482,1,1,0,1,0,0
r2.models.traffic.PageviewsBySubreddit.history,426,2,2,0,2,0,0
r2.models.traffic.PageviewsBySubreddit.last_month,438,1,1,0,1,0,0
r2.models.traffic.PageviewsBySubreddit.top_last_month,433,1,1,0,1,0,0
r2.models.traffic.PeekableIterator.__init__,82,2,0,2,0,0,0
r2.models.traffic.PeekableIterator.next,95,3,1,2,1,0,2
r2.models.traffic.PeekableIterator.peek,86,4,1,3,1,0,2
r2.models.traffic.SitewidePageviews.history,408,2,2,0,2,0,0
r2.models.traffic.SubscriptionsBySubreddit.history,646,2,2,0,2,0,0
r2.models.traffic.TargetedClickthroughsByCodename.campaign_history,543,1,1,0,1,0,0
r2.models.traffic.TargetedClickthroughsByCodename.promotion_history,534,1,1,0,1,0,0
r2.models.traffic.TargetedClickthroughsByCodename.total_by_codename,539,1,1,0,1,0,0
r2.models.traffic.TargetedImpressionsByCodename.campaign_history,624,1,1,0,1,0,0
r2.models.traffic.TargetedImpressionsByCodename.promotion_history,615,1,1,0,1,0,0
r2.models.traffic.TargetedImpressionsByCodename.total_by_codename,620,1,1,0,1,0,0
r2.models.traffic.campaign_history,358,4,2,2,2,0,0
r2.models.traffic.decrement_month,146,2,0,2,0,0,0
r2.models.traffic.fill_gaps,176,8,1,7,1,0,0
r2.models.traffic.fill_gaps_generator,156,4,3,1,3,0,0
r2.models.traffic.get_missing_traffic,384,2,2,0,2,0,0
r2.models.traffic.get_time_points,187,7,1,6,1,0,0
r2.models.traffic.get_traffic_last_modified,372,2,2,0,2,0,0
r2.models.traffic.make_history_query,238,8,2,6,2,0,0
r2.models.traffic.memoize_traffic,62,2,2,0,2,0,0
r2.models.traffic.promotion_history,336,7,3,4,3,0,0
r2.models.traffic.sum,292,20,0,20,0,0,0
r2.models.traffic.top_last_month,254,7,3,4,3,0,0
r2.models.traffic.total_by_codename,325,6,2,4,2,0,0
r2.models.traffic.totals,306,6,4,2,4,0,0
r2.models.traffic.zip_timeseries,102,3,3,0,3,0,0
r2.models.trylater.TryLater.cleanup,117,2,1,1,1,0,0
r2.models.trylater.TryLater.process_ready_items,78,2,1,1,1,0,0
r2.models.trylater.TryLater.run,139,4,4,0,4,0,0
r2.models.trylater.TryLater.schedule,167,5,1,4,1,0,0
r2.models.trylater.TryLater.search,158,1,0,1,0,0,0
r2.models.trylater.TryLater.unschedule,183,1,0,1,0,0,0
r2.models.trylater.TryLaterBySubject.schedule,200,6,3,3,3,0,0
r2.models.trylater.TryLaterBySubject.search,214,3,0,3,0,0,0
r2.models.trylater.TryLaterBySubject.unschedule,225,6,3,3,3,0,0
r2.models.vote.Vote.__init__,54,6,2,4,2,0,3
r2.models.vote.Vote.apply_effects,147,3,2,1,2,0,0
r2.models.vote.Vote.commit,171,4,2,2,2,0,0
r2.models.vote.Vote.deserialize_direction,97,3,0,3,0,0,0
r2.models.vote.Vote.serialize_direction,89,3,0,3,0,0,0
r2.models.vote.VoteDetailsByThing.convert_old_details,396,1,0,1,0,0,0
r2.models.vote.VoteDetailsByThing.create,359,5,5,0,5,0,0
r2.models.vote.VoteDetailsByThing.get_details,417,6,5,1,5,0,3
r2.models.vote.VoteDetailsByThing.get_vote,388,2,1,1,1,0,3
r2.models.vote.VoteEffects.__init__,192,5,4,1,4,0,0
r2.models.vote.VoteEffects.add_note,220,2,0,2,0,0,0
r2.models.vote.VoteEffects.determine_affects_karma,255,4,2,2,2,1,1
r2.models.vote.VoteEffects.determine_affects_score,235,4,2,2,2,1,1
r2.models.vote.VoteEffects.determine_other_effects,286,1,0,1,0,0,0
r2.models.vote.VoteEffects.notes,224,1,1,0,1,0,0
r2.models.vote.VoteEffects.serializable_data,296,2,2,0,2,0,0
r2.models.vote.VoteNote.get,500,2,2,0,2,0,0
r2.models.vote.VoteNote.set,494,2,1,1,1,0,0
r2.models.vote.VoterIPByThing.create,479,2,1,1,1,0,0
r2.models.vote.VotesByAccount.rel,317,1,0,1,0,0,0
r2.models.vote.VotesByAccount.value_for,332,1,1,0,1,0,0
r2.models.vote.VotesByAccount.write_vote,327,1,0,1,0,0,0
r2.models.wiki.ContentLengthError.__init__,100,1,0,1,0,0,0
r2.models.wiki.ImagesByWikiPage.add_image,478,2,2,0,2,0,0
r2.models.wiki.ImagesByWikiPage.delete_image,497,2,2,0,2,0,0
r2.models.wiki.ImagesByWikiPage.get_image_count,491,1,1,0,1,0,0
r2.models.wiki.ImagesByWikiPage.get_images,483,6,2,4,2,0,0
r2.models.wiki.WikiPage._on_commit,307,1,1,0,1,0,0
r2.models.wiki.WikiPage._on_create,304,1,1,0,1,0,0
r2.models.wiki.WikiPage.add_editor,313,2,1,1,1,0,0
r2.models.wiki.WikiPage.add_to_listing,301,3,1,2,1,0,0
r2.models.wiki.WikiPage.change_permlevel,414,1,0,1,0,0,0
r2.models.wiki.WikiPage.create,254,3,1,2,1,0,0
r2.models.wiki.WikiPage.get,250,11,1,10,1,0,0
r2.models.wiki.WikiPage.get_author,228,2,2,0,2,0,0
r2.models.wiki.WikiPage.get_editor_accounts,363,3,2,1,2,0,0
r2.models.wiki.WikiPage.get_editors,371,4,2,2,2,0,0
r2.models.wiki.WikiPage.get_listing,331,2,1,1,1,0,0
r2.models.wiki.WikiPage.get_multiple,241,2,1,1,1,0,0
r2.models.wiki.WikiPage.get_pages,317,1,0,1,0,0,0
r2.models.wiki.WikiPage.get_revisions,423,2,0,2,0,0,0
r2.models.wiki.WikiPage.get_special_view_permlevel,290,1,0,1,0,0,0
r2.models.wiki.WikiPage.has_editor,377,2,1,1,1,0,0
r2.models.wiki.WikiPage.id_for,234,7,1,6,1,0,0
r2.models.wiki.WikiPage.is_automatically_created,294,1,0,1,0,0,0
r2.models.wiki.WikiPage.is_impossible,278,1,0,1,0,0,0
r2.models.wiki.WikiPage.is_restricted,282,2,0,2,0,0,0
r2.models.wiki.WikiPage.is_special,286,3,0,3,0,0,0
r2.models.wiki.WikiPage.remove_editor,310,2,1,1,1,0,0
r2.models.wiki.WikiPage.restricted,274,1,1,0,1,0,0
r2.models.wiki.WikiPage.revise,380,9,5,4,5,0,0
r2.models.wiki.WikiPage.special,298,1,1,0,1,0,0
r2.models.wiki.WikiPageIniItem.get_all,506,3,3,0,3,0,0
r2.models.wiki.WikiRevision._on_commit,182,1,1,0,1,0,0
r2.models.wiki.WikiRevision.add_props,145,3,3,0,3,0,0
r2.models.wiki.WikiRevision.create,170,2,1,1,1,0,0
r2.models.wiki.WikiRevision.get,158,3,0,3,0,0,0
r2.models.wiki.WikiRevision.get_author,127,2,2,0,2,0,0
r2.models.wiki.WikiRevision.get_authors,132,3,2,1,2,0,0
r2.models.wiki.WikiRevision.get_printable_authors,138,4,3,1,3,0,0
r2.models.wiki.WikiRevision.get_recent,187,1,0,1,0,0,0
r2.models.wiki.WikiRevision.info,195,2,0,2,0,0,0
r2.models.wiki.WikiRevision.toggle_hide,164,1,0,1,0,0,0
r2.models.wiki.wiki_id,96,3,0,3,0,0,0
r2.tests.__init__.(global),0,1,1,0,1,0,0
r2.tests.__init__.DiffAssertionError.__init__,112,4,2,2,2,0,0
r2.tests.__init__.MockAmqp.__init__,142,1,0,1,0,0,0
r2.tests.__init__.MockAmqp.assert_event_item,163,11,2,9,2,0,0
r2.tests.__init__.RedditControllerTestCase.additional_headers,381,1,0,1,0,0,0
r2.tests.__init__.RedditControllerTestCase.do_post,355,6,3,3,3,0,0
r2.tests.__init__.RedditControllerTestCase.make_qs,377,2,1,1,1,0,0
r2.tests.__init__.RedditControllerTestCase.setUp,318,3,3,0,3,0,0
r2.tests.__init__.RedditTestCase.assert_same_dict,235,4,3,1,3,1,1
r2.tests.__init__.RedditTestCase.autopatch,271,17,1,16,1,0,0
r2.tests.__init__.RedditTestCase.mock_eventcollector,251,7,3,4,3,0,0
r2.tests.__init__.RedditTestCase.patch_g,278,8,2,6,2,0,0
r2.tests.__init__.RedditTestCase.patch_liveconfig,286,8,0,8,0,0,0
r2.tests.__init__.assert_same_dict,123,2,2,0,2,0,0
r2.tests.__init__.diff_dicts,87,6,3,3,3,1,1
r2.tests.functional.controller.del_msg_test.DelMsgTest.do_del_msg,104,5,1,4,1,0,0
r2.tests.functional.controller.del_msg_test.DelMsgTest.mock_del_msg,92,4,0,4,0,0,0
r2.tests.functional.controller.del_msg_test.DelMsgTest.test_del_msg_failure_with_link,54,2,2,0,2,0,0
r2.tests.functional.controller.del_msg_test.DelMsgTest.test_del_msg_failure_with_null_msg,66,2,2,0,2,0,0
r2.tests.functional.controller.del_msg_test.DelMsgTest.test_del_msg_failure_with_sender,79,2,2,0,2,0,0
r2.tests.functional.controller.del_msg_test.DelMsgTest.test_del_msg_success,41,2,2,0,2,0,0
r2.tests.functional.controller.login.apiv1_tests.APIV1LoginTests.additional_headers,49,2,2,0,2,0,0
r2.tests.functional.controller.login.apiv1_tests.APIV1LoginTests.assert_403_response,77,5,1,4,1,0,0
r2.tests.functional.controller.login.apiv1_tests.APIV1LoginTests.assert_success,55,1,0,1,0,0,0
r2.tests.functional.controller.login.apiv1_tests.APIV1LoginTests.make_ua_signature,40,2,1,1,1,0,0
r2.tests.functional.controller.login.apiv1_tests.APIV1LoginTests.sign,46,2,0,2,0,0,0
r2.tests.functional.controller.login.apiv1_tests.APIV1LoginTests.test_captcha_blocking,125,4,4,0,4,0,0
r2.tests.functional.controller.login.apiv1_tests.APIV1LoginTests.test_no_body_signing_login,96,2,2,0,2,0,0
r2.tests.functional.controller.login.apiv1_tests.APIV1LoginTests.test_no_body_signing_register,115,2,2,0,2,0,0
r2.tests.functional.controller.login.apiv1_tests.APIV1LoginTests.test_nosigning_login,86,2,2,0,2,0,0
r2.tests.functional.controller.login.apiv1_tests.APIV1LoginTests.test_nosigning_register,105,2,2,0,2,0,0
r2.tests.functional.controller.login.common.LoginRegBase.assert_failure,140,3,0,3,0,0,0
r2.tests.functional.controller.login.common.LoginRegBase.assert_headers,127,3,1,2,1,0,0
r2.tests.functional.controller.login.common.LoginRegBase.assert_success,136,3,0,3,0,0,0
r2.tests.functional.controller.login.common.LoginRegBase.disabled_captcha,101,1,0,1,0,0,0
r2.tests.functional.controller.login.common.LoginRegBase.do_login,46,6,1,5,1,0,0
r2.tests.functional.controller.login.common.LoginRegBase.do_register,49,7,1,6,1,0,0
r2.tests.functional.controller.login.common.LoginRegBase.failed_captcha,84,2,0,2,0,0,0
r2.tests.functional.controller.login.common.LoginRegBase.find_headers,121,1,0,1,0,0,0
r2.tests.functional.controller.login.common.LoginRegBase.mock_login,58,1,0,1,0,0,0
r2.tests.functional.controller.login.common.LoginRegBase.mock_register,69,4,0,4,0,0,0
r2.tests.functional.controller.login.common.LoginRegBase.test_captcha_blocking,167,4,4,0,4,0,0
r2.tests.functional.controller.login.common.LoginRegBase.test_captcha_disabling,176,4,4,0,4,0,0
r2.tests.functional.controller.login.common.LoginRegBase.test_login,144,3,3,0,3,0,0
r2.tests.functional.controller.login.common.LoginRegBase.test_login_wrong_password,149,2,2,0,2,0,0
r2.tests.functional.controller.login.common.LoginRegBase.test_register,154,3,3,0,3,0,0
r2.tests.functional.controller.login.common.LoginRegBase.test_register_username_taken,159,2,2,0,2,0,0
r2.tests.functional.controller.login.post_tests.PostLoginRegTests.assert_failure,55,1,1,0,1,0,0
r2.tests.functional.controller.login.post_tests.PostLoginRegTests.assert_success,40,1,1,0,1,0,0
r2.tests.functional.controller.login.post_tests.PostLoginRegTests.setUp,35,1,1,0,1,0,0
r2.tests.unit.config.experiment_test.TestExperiment.assert_no_experiment,212,6,1,5,1,0,0
r2.tests.unit.config.experiment_test.TestExperiment.do_experiment_simulation,181,7,2,5,2,0,0
r2.tests.unit.config.experiment_test.TestExperiment.get_loggedin_users,50,6,1,5,1,0,0
r2.tests.unit.config.experiment_test.TestExperiment.get_loggedout_users,57,7,0,7,0,0,0
r2.tests.unit.config.experiment_test.TestExperiment.setUp,40,2,2,0,2,0,0
r2.tests.unit.config.experiment_test.TestExperiment.test_calculate_bucket,60,2,2,0,2,0,0
r2.tests.unit.config.experiment_test.TestExperiment.test_choose_variant,88,2,2,0,2,0,0
r2.tests.unit.config.experiment_test.TestExperiment.test_loggedin_experiment,217,2,2,0,2,0,0
r2.tests.unit.config.experiment_test.TestExperiment.test_loggedin_experiment_explicit_disable,238,2,2,0,2,0,0
r2.tests.unit.config.experiment_test.TestExperiment.test_loggedin_experiment_explicit_enable,227,2,2,0,2,0,0
r2.tests.unit.config.experiment_test.TestExperiment.test_loggedout_experiment,249,2,2,0,2,0,0
r2.tests.unit.config.experiment_test.TestExperiment.test_loggedout_experiment_explicit_disable,281,2,2,0,2,0,0
r2.tests.unit.config.experiment_test.TestExperiment.test_loggedout_experiment_explicit_enable,270,2,2,0,2,0,0
r2.tests.unit.config.experiment_test.TestExperiment.test_loggedout_experiment_global_disable,292,2,2,0,2,0,0
r2.tests.unit.config.experiment_test.TestExperiment.test_loggedout_experiment_missing_loids,259,2,2,0,2,0,0
r2.tests.unit.config.experiment_test.TestExperiment.test_mixed_experiment,306,3,3,0,3,0,0
r2.tests.unit.config.experiment_test.TestExperiment.test_mixed_experiment_disable,320,3,3,0,3,0,0
r2.tests.unit.config.feature_test.(global),0,1,1,0,1,0,0
r2.tests.unit.config.feature_test.MockAccount.__init__,37,4,1,3,1,0,0
r2.tests.unit.config.feature_test.MockWorld._make_state,47,28,0,28,0,0,0
r2.tests.unit.config.feature_test.TestFeature._assert_fuzzy_percent_true,92,3,1,2,1,0,0
r2.tests.unit.config.feature_test.TestFeature.test_admin_disabled,117,1,1,0,1,0,0
r2.tests.unit.config.feature_test.TestFeature.test_admin_enabled,111,1,1,0,1,0,0
r2.tests.unit.config.feature_test.TestFeature.test_beta_disabled,141,1,1,0,1,0,0
r2.tests.unit.config.feature_test.TestFeature.test_beta_enabled,135,1,1,0,1,0,0
r2.tests.unit.config.feature_test.TestFeature.test_disabled,105,1,1,0,1,0,0
r2.tests.unit.config.feature_test.TestFeature.test_employee_disabled,129,1,1,0,1,0,0
r2.tests.unit.config.feature_test.TestFeature.test_employee_enabled,123,1,1,0,1,0,0
r2.tests.unit.config.feature_test.TestFeature.test_enabled,99,1,1,0,1,0,0
r2.tests.unit.config.feature_test.TestFeature.test_gold_disabled,153,1,1,0,1,0,0
r2.tests.unit.config.feature_test.TestFeature.test_gold_enabled,147,1,1,0,1,0,0
r2.tests.unit.config.feature_test.TestFeature.test_loggedin_disabled,165,1,1,0,1,0,0
r2.tests.unit.config.feature_test.TestFeature.test_loggedin_enabled,159,1,1,0,1,0,0
r2.tests.unit.config.feature_test.TestFeature.test_loggedout_disabled,177,1,1,0,1,0,0
r2.tests.unit.config.feature_test.TestFeature.test_loggedout_enabled,171,1,1,0,1,0,0
r2.tests.unit.config.feature_test.TestFeature.test_multiple,333,1,1,0,1,0,0
r2.tests.unit.config.feature_test.TestFeature.test_percent_loggedin,183,3,3,0,3,0,0
r2.tests.unit.config.feature_test.TestFeature.test_percent_loggedout,202,3,3,0,3,0,0
r2.tests.unit.config.feature_test.TestFeature.test_subdomain_in,310,1,1,0,1,0,0
r2.tests.unit.config.feature_test.TestFeature.test_subdomain_not_in,323,1,1,0,1,0,0
r2.tests.unit.config.feature_test.TestFeature.test_subreddit_in,288,1,1,0,1,0,0
r2.tests.unit.config.feature_test.TestFeature.test_subreddit_not_in,301,1,1,0,1,0,0
r2.tests.unit.config.feature_test.TestFeature.test_url_disabled,242,1,1,0,1,0,0
r2.tests.unit.config.feature_test.TestFeature.test_url_enabled,222,1,1,0,1,0,0
r2.tests.unit.config.feature_test.TestFeature.test_user_in,266,1,1,0,1,0,0
r2.tests.unit.config.feature_test.TestFeature.test_user_not_in,279,1,1,0,1,0,0
r2.tests.unit.config.feature_test.TestFeatureBase.generate_loid,86,2,1,1,1,0,0
r2.tests.unit.lib.authorize.test_api.ApiFunctionTest.test_capture_authorization_hold,336,1,1,0,1,0,0
r2.tests.unit.lib.authorize.test_api.ApiFunctionTest.test_create_authorization_hold,304,1,1,0,1,0,0
r2.tests.unit.lib.authorize.test_api.ApiFunctionTest.test_create_customer_profile,184,2,2,0,2,0,0
r2.tests.unit.lib.authorize.test_api.ApiFunctionTest.test_create_payment_profile,233,2,2,0,2,0,0
r2.tests.unit.lib.authorize.test_api.ApiFunctionTest.test_delete_payment_profile,285,2,2,0,2,0,0
r2.tests.unit.lib.authorize.test_api.ApiFunctionTest.test_get_customer_profile,214,2,2,0,2,0,0
r2.tests.unit.lib.authorize.test_api.ApiFunctionTest.test_refund_transaction,386,1,1,0,1,0,0
r2.tests.unit.lib.authorize.test_api.ApiFunctionTest.test_update_payment_profile,265,2,2,0,2,0,0
r2.tests.unit.lib.authorize.test_api.ApiFunctionTest.test_void_authorization_hold,364,1,1,0,1,0,0
r2.tests.unit.lib.authorize.test_api.AuthorizeNetExceptionTest.test_exception_message,48,1,1,0,1,0,0
r2.tests.unit.lib.authorize.test_api.SimpleXMLObjectTest.setUp,61,1,1,0,1,0,0
r2.tests.unit.lib.authorize.test_api.SimpleXMLObjectTest.test_address,98,2,2,0,2,0,0
r2.tests.unit.lib.authorize.test_api.SimpleXMLObjectTest.test_credit_card,128,1,1,0,1,0,0
r2.tests.unit.lib.authorize.test_api.SimpleXMLObjectTest.test_from_xml,80,2,2,0,2,0,0
r2.tests.unit.lib.authorize.test_api.SimpleXMLObjectTest.test_payment_profile,139,2,2,0,2,0,0
r2.tests.unit.lib.authorize.test_api.SimpleXMLObjectTest.test_simple_tag,72,1,1,0,1,0,0
r2.tests.unit.lib.authorize.test_api.SimpleXMLObjectTest.test_to_xml,67,1,1,0,1,0,0
r2.tests.unit.lib.authorize.test_api.SimpleXMLObjectTest.test_transaction,154,2,2,0,2,0,0
r2.tests.unit.lib.authorize.test_interaction.InteractionTest.test_add_or_update_payment_method,129,1,1,0,1,0,0
r2.tests.unit.lib.authorize.test_interaction.InteractionTest.test_add_payment_method,83,1,1,0,1,0,0
r2.tests.unit.lib.authorize.test_interaction.InteractionTest.test_auth_freebie_transaction,147,1,1,0,1,0,0
r2.tests.unit.lib.authorize.test_interaction.InteractionTest.test_auth_transaction,173,3,3,0,3,0,0
r2.tests.unit.lib.authorize.test_interaction.InteractionTest.test_charge_transaction,226,2,2,0,2,0,0
r2.tests.unit.lib.authorize.test_interaction.InteractionTest.test_delete_payment_method,109,1,1,0,1,0,0
r2.tests.unit.lib.authorize.test_interaction.InteractionTest.test_get_or_create_customer_profile,56,1,1,0,1,0,0
r2.tests.unit.lib.authorize.test_interaction.InteractionTest.test_refund_transaction,293,2,2,0,2,0,0
r2.tests.unit.lib.authorize.test_interaction.InteractionTest.test_update_payment_method,100,1,1,0,1,0,0
r2.tests.unit.lib.authorize.test_interaction.InteractionTest.test_void_transaction,266,2,2,0,2,0,0
r2.tests.unit.lib.configparse_test.TestConfigValue.test_bool,47,1,1,0,1,0,0
r2.tests.unit.lib.configparse_test.TestConfigValue.test_choice,84,1,1,0,1,0,0
r2.tests.unit.lib.configparse_test.TestConfigValue.test_dict,73,2,2,0,2,0,0
r2.tests.unit.lib.configparse_test.TestConfigValue.test_float,41,1,1,0,1,0,0
r2.tests.unit.lib.configparse_test.TestConfigValue.test_int,35,1,1,0,1,0,0
r2.tests.unit.lib.configparse_test.TestConfigValue.test_set,57,1,1,0,1,0,0
r2.tests.unit.lib.configparse_test.TestConfigValue.test_set_of,61,1,1,0,1,0,0
r2.tests.unit.lib.configparse_test.TestConfigValue.test_str,32,1,1,0,1,0,0
r2.tests.unit.lib.configparse_test.TestConfigValue.test_timeinterval,90,1,1,0,1,0,0
r2.tests.unit.lib.configparse_test.TestConfigValue.test_tuple,53,1,1,0,1,0,0
r2.tests.unit.lib.configparse_test.TestConfigValue.test_tuple_of,67,1,1,0,1,0,0
r2.tests.unit.lib.cookie_upgrade_test.TestCookieUpgrade._setSessionCookie,60,11,2,9,2,0,0
r2.tests.unit.lib.cookie_upgrade_test.TestCookieUpgrade.setUp,39,1,1,0,1,0,0
r2.tests.unit.lib.cookie_upgrade_test.TestCookieUpgrade.test_cookie_unchanged,115,2,2,0,2,0,0
r2.tests.unit.lib.cookie_upgrade_test.TestCookieUpgrade.test_dont_remember_recent_session,128,2,2,0,2,0,0
r2.tests.unit.lib.cookie_upgrade_test.TestCookieUpgrade.test_no_upgrade_gets,97,2,2,0,2,0,0
r2.tests.unit.lib.cookie_upgrade_test.TestCookieUpgrade.test_no_upgrade_http,78,2,2,0,2,0,0
r2.tests.unit.lib.cookie_upgrade_test.TestCookieUpgrade.test_no_upgrade_loggedout,69,2,2,0,2,0,0
r2.tests.unit.lib.cookie_upgrade_test.TestCookieUpgrade.test_no_upgrade_no_cookie,84,1,1,0,1,0,0
r2.tests.unit.lib.cookie_upgrade_test.TestCookieUpgrade.test_no_upgrade_oauth,89,2,2,0,2,0,0
r2.tests.unit.lib.cookie_upgrade_test.TestCookieUpgrade.test_no_upgrade_secure_session,103,3,3,0,3,0,0
r2.tests.unit.lib.cookie_upgrade_test.TestCookieUpgrade.test_remember_old_session,122,2,2,0,2,0,0
r2.tests.unit.lib.cookie_upgrade_test.TestCookieUpgrade.test_upgrade_posts,109,2,2,0,2,0,0
r2.tests.unit.lib.cssfilter_test.TestCSSFilter.assertInvalid,30,18,1,17,1,0,0
r2.tests.unit.lib.cssfilter_test.TestCSSFilter.test_attr_url,107,1,1,0,1,0,0
r2.tests.unit.lib.cssfilter_test.TestCSSFilter.test_control_chars,87,1,1,0,1,0,0
r2.tests.unit.lib.cssfilter_test.TestCSSFilter.test_embedded_nulls,91,1,1,0,1,0,0
r2.tests.unit.lib.cssfilter_test.TestCSSFilter.test_escape_function_obfuscation,101,1,1,0,1,0,0
r2.tests.unit.lib.cssfilter_test.TestCSSFilter.test_escape_prelude,77,1,1,0,1,0,0
r2.tests.unit.lib.cssfilter_test.TestCSSFilter.test_escape_url,82,1,1,0,1,0,0
r2.tests.unit.lib.cssfilter_test.TestCSSFilter.test_escaped_url,96,1,1,0,1,0,0
r2.tests.unit.lib.cssfilter_test.TestCSSFilter.test_import,50,1,1,0,1,0,0
r2.tests.unit.lib.cssfilter_test.TestCSSFilter.test_import_rule,54,1,1,0,1,0,0
r2.tests.unit.lib.cssfilter_test.TestCSSFilter.test_invalid_function,59,1,1,0,1,0,0
r2.tests.unit.lib.cssfilter_test.TestCSSFilter.test_invalid_function_prelude,63,1,1,0,1,0,0
r2.tests.unit.lib.cssfilter_test.TestCSSFilter.test_invalid_property,46,1,1,0,1,0,0
r2.tests.unit.lib.cssfilter_test.TestCSSFilter.test_nested_url,38,1,1,0,1,0,0
r2.tests.unit.lib.cssfilter_test.TestCSSFilter.test_offsite_url,34,1,1,0,1,0,0
r2.tests.unit.lib.cssfilter_test.TestCSSFilter.test_semicolon_block,72,1,1,0,1,0,0
r2.tests.unit.lib.cssfilter_test.TestCSSFilter.test_semicolon_function,68,1,1,0,1,0,0
r2.tests.unit.lib.cssfilter_test.TestCSSFilter.test_url_prelude,42,1,1,0,1,0,0
r2.tests.unit.lib.eventcollector_tests.TestEventCollector.setUp,43,2,2,0,2,0,0
r2.tests.unit.lib.eventcollector_tests.TestEventCollector.test_message_event,333,3,3,0,3,0,0
r2.tests.unit.lib.eventcollector_tests.TestEventCollector.test_mod_event,204,2,2,0,2,0,0
r2.tests.unit.lib.eventcollector_tests.TestEventCollector.test_modmail_event,283,3,3,0,3,0,0
r2.tests.unit.lib.eventcollector_tests.TestEventCollector.test_quarantine_event,244,2,2,0,2,0,0
r2.tests.unit.lib.eventcollector_tests.TestEventCollector.test_report_event_link,154,2,2,0,2,0,0
r2.tests.unit.lib.eventcollector_tests.TestEventCollector.test_submit_event,113,2,2,0,2,0,0
r2.tests.unit.lib.eventcollector_tests.TestEventCollector.test_vote_event,48,2,2,0,2,0,0
r2.tests.unit.lib.eventcollector_tests.TestEventCollector.test_vote_event_with_prev,84,2,2,0,2,0,0
r2.tests.unit.lib.js_test.TestModule.build,42,7,2,5,2,0,0
r2.tests.unit.lib.js_test.TestModuleGetFlattenedSources.test_filtered_modules_do_not_include_filtered_sources,75,2,2,0,2,0,0
r2.tests.unit.lib.js_test.TestModuleGetFlattenedSources.test_flat_modules_include_all_sources,49,2,2,0,2,0,0
r2.tests.unit.lib.js_test.TestModuleGetFlattenedSources.test_flat_modules_only_include_sources_once,62,2,2,0,2,0,0
r2.tests.unit.lib.js_test.TestModuleGetFlattenedSources.test_nested_modules_include_all_sources,54,2,2,0,2,0,0
r2.tests.unit.lib.js_test.TestModuleGetFlattenedSources.test_nested_modules_only_include_sources_once,68,2,2,0,2,0,0
r2.tests.unit.lib.js_test.concat_sources,29,7,1,6,1,0,0
r2.tests.unit.lib.loid_tests.LoidTests.setUp,11,1,1,0,1,0,0
r2.tests.unit.lib.loid_tests.LoidTests.test_ftue_autocreate,15,5,5,0,5,0,0
r2.tests.unit.lib.loid_tests.LoidTests.test_ftue_nocreate,68,2,2,0,2,0,0
r2.tests.unit.lib.loid_tests.LoidTests.test_returning,78,2,2,0,2,0,0
r2.tests.unit.lib.media_test.TestGetScrapeUrl.test_image_link,56,2,2,0,2,0,0
r2.tests.unit.lib.media_test.TestGetScrapeUrl.test_imgur_link,48,2,2,0,2,0,0
r2.tests.unit.lib.media_test.TestGetScrapeUrl.test_link_post,33,2,2,0,2,0,0
r2.tests.unit.lib.media_test.TestGetScrapeUrl.test_simple_self_post,40,2,2,0,2,0,0
r2.tests.unit.lib.permissions_test.ModeratorPermissionSetTest.test_loads,96,1,1,0,1,0,0
r2.tests.unit.lib.permissions_test.PermissionSetTest.test_dumps,32,2,2,0,2,0,0
r2.tests.unit.lib.permissions_test.PermissionSetTest.test_getitem,75,2,2,0,2,0,0
r2.tests.unit.lib.permissions_test.PermissionSetTest.test_is_superuser,54,2,2,0,2,0,0
r2.tests.unit.lib.permissions_test.PermissionSetTest.test_is_valid,62,2,2,0,2,0,0
r2.tests.unit.lib.permissions_test.PermissionSetTest.test_loads,40,2,2,0,2,0,0
r2.tests.unit.lib.promote_test.(global),0,1,1,0,1,0,0
r2.tests.unit.lib.promote_test.TestPromoteRefunds.test_get_refund_amount_rounding,209,1,1,0,1,0,0
r2.tests.unit.lib.promote_test.TestPromoteRefunds.test_get_refund_amount_when_zero,198,1,1,0,1,0,0
r2.tests.unit.lib.promote_test.TestPromoteRefunds.test_refund_campaign_failed,178,1,1,0,1,0,0
r2.tests.unit.lib.promote_test.TestPromoteRefunds.test_refund_campaign_success,154,1,1,0,1,0,0
r2.tests.unit.lib.promote_test.TestSRNamesFromSite.setUp,45,1,1,0,1,0,0
r2.tests.unit.lib.promote_test.TestSRNamesFromSite.test_frontpage_logged_in,57,1,1,0,1,0,0
r2.tests.unit.lib.promote_test.TestSRNamesFromSite.test_frontpage_logged_out,51,1,1,0,1,0,0
r2.tests.unit.lib.promote_test.TestSRNamesFromSite.test_get_nsfw_collections_srnames,111,1,1,0,1,0,0
r2.tests.unit.lib.promote_test.TestSRNamesFromSite.test_multi_logged_in,70,2,2,0,2,0,0
r2.tests.unit.lib.promote_test.TestSRNamesFromSite.test_multi_logged_out,63,2,2,0,2,0,0
r2.tests.unit.lib.promote_test.TestSRNamesFromSite.test_nsfw_subscriptions_arent_included_when_viewing_frontpage,103,1,1,0,1,0,0
r2.tests.unit.lib.promote_test.TestSRNamesFromSite.test_quarantined_subscriptions_are_never_included,94,1,1,0,1,0,0
r2.tests.unit.lib.promote_test.TestSRNamesFromSite.test_remove_nsfw_collection_srnames_on_frontpage,118,1,1,0,1,0,0
r2.tests.unit.lib.promote_test.TestSRNamesFromSite.test_subreddit_logged_in,85,1,1,0,1,0,0
r2.tests.unit.lib.promote_test.TestSRNamesFromSite.test_subreddit_logged_out,77,1,1,0,1,0,0
r2.tests.unit.lib.providers.image_resizing.imgix_test.TestImgixResizer.setUp,35,1,1,0,1,0,0
r2.tests.unit.lib.providers.image_resizing.imgix_test.TestImgixResizer.test_cropping,61,1,1,0,1,0,0
r2.tests.unit.lib.providers.image_resizing.imgix_test.TestImgixResizer.test_sign_url,77,4,4,0,4,0,0
r2.tests.unit.lib.reddit_agent_parser_test.HAPIntegrationTests.test_alien_blue_detector,178,1,1,0,1,0,0
r2.tests.unit.lib.reddit_agent_parser_test.HAPIntegrationTests.test_bacon_reader_detector,212,1,1,0,1,0,0
r2.tests.unit.lib.reddit_agent_parser_test.HAPIntegrationTests.test_mcreddit_detector,200,1,1,0,1,0,0
r2.tests.unit.lib.reddit_agent_parser_test.HAPIntegrationTests.test_narwhal_detector,194,1,1,0,1,0,0
r2.tests.unit.lib.reddit_agent_parser_test.HAPIntegrationTests.test_readit_detector,205,1,1,0,1,0,0
r2.tests.unit.lib.reddit_agent_parser_test.HAPIntegrationTests.test_reddit_android_integration,166,1,1,0,1,0,0
r2.tests.unit.lib.reddit_agent_parser_test.HAPIntegrationTests.test_reddit_ios_integration,172,1,1,0,1,0,0
r2.tests.unit.lib.reddit_agent_parser_test.HAPIntegrationTests.test_reddit_is_fun_integration,160,1,1,0,1,0,0
r2.tests.unit.lib.reddit_agent_parser_test.HAPIntegrationTests.test_reddit_sync_detector,188,1,1,0,1,0,0
r2.tests.unit.lib.reddit_agent_parser_test.HAPIntegrationTests.test_relay_for_reddit_detector,183,1,1,0,1,0,0
r2.tests.unit.lib.signing_tests.SigningTests._assert_validity,42,3,1,2,1,0,0
r2.tests.unit.lib.signing_tests.SigningTests.assert_invalid,68,7,1,6,1,0,0
r2.tests.unit.lib.signing_tests.SigningTests.assert_valid,62,2,1,1,1,0,0
r2.tests.unit.lib.signing_tests.SigningTests.make_sig_header,34,3,0,3,0,0,0
r2.tests.unit.lib.signing_tests.SigningTests.test_expired_header,158,1,1,0,1,0,0
r2.tests.unit.lib.signing_tests.SigningTests.test_future_header,118,1,1,0,1,0,0
r2.tests.unit.lib.signing_tests.SigningTests.test_garbage_header,110,1,1,0,1,0,0
r2.tests.unit.lib.signing_tests.SigningTests.test_invalid,128,2,2,0,2,0,0
r2.tests.unit.lib.signing_tests.SigningTests.test_invalid_header,146,1,1,0,1,0,0
r2.tests.unit.lib.signing_tests.SigningTests.test_no_header,106,1,1,0,1,0,0
r2.tests.unit.lib.signing_tests.SigningTests.test_signing,77,1,1,0,1,0,0
r2.tests.unit.lib.signing_tests.SigningTests.test_valid_header,89,2,2,0,2,0,0
r2.tests.unit.lib.souptest_test.TestSoupTest.assertFragmentRaises,42,15,0,15,0,0,0
r2.tests.unit.lib.souptest_test.TestSoupTest.assertFragmentValid,45,4,1,3,1,0,0
r2.tests.unit.lib.souptest_test.TestSoupTest.test_attr_whitelist,102,1,1,0,1,0,0
r2.tests.unit.lib.souptest_test.TestSoupTest.test_attr_xmlns,112,1,1,0,1,0,0
r2.tests.unit.lib.souptest_test.TestSoupTest.test_benign,48,1,1,0,1,0,0
r2.tests.unit.lib.souptest_test.TestSoupTest.test_cdata_section,84,1,1,0,1,0,0
r2.tests.unit.lib.souptest_test.TestSoupTest.test_crashers,123,1,1,0,1,0,0
r2.tests.unit.lib.souptest_test.TestSoupTest.test_doctype,75,1,1,0,1,0,0
r2.tests.unit.lib.souptest_test.TestSoupTest.test_entities,88,2,2,0,2,0,0
r2.tests.unit.lib.souptest_test.TestSoupTest.test_entity_declarations,78,1,1,0,1,0,0
r2.tests.unit.lib.souptest_test.TestSoupTest.test_invalid_comment,63,1,1,0,1,0,0
r2.tests.unit.lib.souptest_test.TestSoupTest.test_processing_instruction,71,1,1,0,1,0,0
r2.tests.unit.lib.souptest_test.TestSoupTest.test_quoting,67,1,1,0,1,0,0
r2.tests.unit.lib.souptest_test.TestSoupTest.test_schemes,116,2,2,0,2,0,0
r2.tests.unit.lib.souptest_test.TestSoupTest.test_tag_whitelist,98,1,1,0,1,0,0
r2.tests.unit.lib.souptest_test.TestSoupTest.test_tag_xmlns,106,1,1,0,1,0,0
r2.tests.unit.lib.souptest_test.TestSoupTest.test_unbalanced,57,1,1,0,1,0,0
r2.tests.unit.lib.souptest_test.TestSoupTest.test_unclosed_comment,60,1,1,0,1,0,0
r2.tests.unit.lib.stats_test.CounterAndTimerTest.client,146,2,0,2,0,0,0
r2.tests.unit.lib.stats_test.CounterAndTimerTest.test_counter,154,3,3,0,3,0,0
r2.tests.unit.lib.stats_test.CounterAndTimerTest.test_timer,171,4,4,0,4,0,0
r2.tests.unit.lib.stats_test.FakeUdpSocket.sendto,85,1,0,1,0,0,0
r2.tests.unit.lib.stats_test.StatsdClientUnderTest._data_iterator,127,1,0,1,0,0,0
r2.tests.unit.lib.stats_test.StatsdClientUnderTest._make_conn,131,2,0,2,0,0,0
r2.tests.unit.lib.stats_test.StatsdConnectionTest.connect,93,1,0,1,0,0,0
r2.tests.unit.lib.stats_test.StatsdConnectionTest.test_send,100,1,1,0,1,0,0
r2.tests.unit.lib.tracking_test.TestEncryption.test_decrypt,77,1,1,0,1,0,0
r2.tests.unit.lib.tracking_test.TestEncryption.test_encrypt,68,1,1,0,1,0,0
r2.tests.unit.lib.tracking_test.TestEncryption.test_salt,64,1,1,0,1,0,0
r2.tests.unit.lib.tracking_test.TestPadding.test_pad_empty_string,35,1,1,0,1,0,0
r2.tests.unit.lib.tracking_test.TestPadding.test_pad_round_string,40,1,1,0,1,0,0
r2.tests.unit.lib.tracking_test.TestPadding.test_padding_roundtrip,57,2,2,0,2,0,0
r2.tests.unit.lib.tracking_test.TestPadding.test_unpad_empty_message,46,1,1,0,1,0,0
r2.tests.unit.lib.tracking_test.TestPadding.test_unpad_evil_message,51,1,1,0,1,0,0
r2.tests.unit.lib.urlparser_test.TestEquality.test_different_domains,217,1,1,0,1,0,0
r2.tests.unit.lib.urlparser_test.TestEquality.test_different_fragments,250,1,1,0,1,0,0
r2.tests.unit.lib.urlparser_test.TestEquality.test_different_objects,208,1,1,0,1,0,0
r2.tests.unit.lib.urlparser_test.TestEquality.test_different_params,236,1,1,0,1,0,0
r2.tests.unit.lib.urlparser_test.TestEquality.test_different_paths,229,1,1,0,1,0,0
r2.tests.unit.lib.urlparser_test.TestEquality.test_different_ports,222,1,1,0,1,0,0
r2.tests.unit.lib.urlparser_test.TestEquality.test_different_protocols,212,1,1,0,1,0,0
r2.tests.unit.lib.urlparser_test.TestEquality.test_different_queries,243,1,1,0,1,0,0
r2.tests.unit.lib.urlparser_test.TestEquality.test_integer_query_params,272,2,2,0,2,0,0
r2.tests.unit.lib.urlparser_test.TestEquality.test_same_url,257,2,2,0,2,0,0
r2.tests.unit.lib.urlparser_test.TestEquality.test_unicode_query_params,278,2,2,0,2,0,0
r2.tests.unit.lib.urlparser_test.TestIsRedditURL._is_safe_reddit_url,36,5,3,2,3,0,0
r2.tests.unit.lib.urlparser_test.TestIsRedditURL.assertIsNotSafeRedditUrl,43,8,1,7,1,0,0
r2.tests.unit.lib.urlparser_test.TestIsRedditURL.assertIsSafeRedditUrl,40,3,1,2,1,0,0
r2.tests.unit.lib.urlparser_test.TestIsRedditURL.setUp,33,1,1,0,1,0,0
r2.tests.unit.lib.urlparser_test.TestIsRedditURL.test_browser_quirks,84,1,1,0,1,0,0
r2.tests.unit.lib.urlparser_test.TestIsRedditURL.test_http_auth,76,1,1,0,1,0,0
r2.tests.unit.lib.urlparser_test.TestIsRedditURL.test_incorrect_anchoring,64,1,1,0,1,0,0
r2.tests.unit.lib.urlparser_test.TestIsRedditURL.test_nbsp_allowances,128,2,2,0,2,0,0
r2.tests.unit.lib.urlparser_test.TestIsRedditURL.test_normal_urls,46,2,2,0,2,0,0
r2.tests.unit.lib.urlparser_test.TestIsRedditURL.test_protocol_relative,67,1,1,0,1,0,0
r2.tests.unit.lib.urlparser_test.TestIsRedditURL.test_url_mutation,119,2,2,0,2,0,0
r2.tests.unit.lib.urlparser_test.TestIsRedditURL.test_weird_protocols,70,1,1,0,1,0,0
r2.tests.unit.lib.urlparser_test.TestPathExtension.test_directory,175,2,2,0,2,0,0
r2.tests.unit.lib.urlparser_test.TestPathExtension.test_empty_extension,194,2,2,0,2,0,0
r2.tests.unit.lib.urlparser_test.TestPathExtension.test_nested_file,190,2,2,0,2,0,0
r2.tests.unit.lib.urlparser_test.TestPathExtension.test_no_extension,182,2,2,0,2,0,0
r2.tests.unit.lib.urlparser_test.TestPathExtension.test_no_path,171,2,2,0,2,0,0
r2.tests.unit.lib.urlparser_test.TestPathExtension.test_only_extension,202,2,2,0,2,0,0
r2.tests.unit.lib.urlparser_test.TestPathExtension.test_root_file,186,2,2,0,2,0,0
r2.tests.unit.lib.urlparser_test.TestPathExtension.test_two_extensions,198,2,2,0,2,0,0
r2.tests.unit.lib.urlparser_test.TestSwitchSubdomainByExtension.setUp,143,1,1,0,1,0,0
r2.tests.unit.lib.urlparser_test.TestSwitchSubdomainByExtension.test_default_prefix,160,3,3,0,3,0,0
r2.tests.unit.lib.urlparser_test.TestSwitchSubdomainByExtension.test_normal_urls,149,3,3,0,3,0,0
r2.tests.unit.lib.utils_test.CrappyQuery.__call__,115,1,1,0,1,0,0
r2.tests.unit.lib.utils_test.CrappyQuery.__init__,47,4,1,3,1,0,0
r2.tests.unit.lib.utils_test.CrappyQuery.__next__,86,1,0,1,0,0,0
r2.tests.unit.lib.utils_test.CrappyQuery._reset_state,76,2,0,2,0,0,0
r2.tests.unit.lib.utils_test.CrappyQuery.next,112,1,1,0,1,0,0
r2.tests.unit.lib.utils_test.UtilsTest.check_exponential_backoff_sleep_times,129,2,0,2,0,0,0
r2.tests.unit.lib.utils_test.UtilsTest.test_exponential_retrier,147,1,1,0,1,0,0
r2.tests.unit.lib.utils_test.UtilsTest.test_retriable_fetch_things_exception_rethrow,252,3,3,0,3,0,0
r2.tests.unit.lib.utils_test.UtilsTest.test_retriable_fetch_things_passthrough,231,2,2,0,2,0,0
r2.tests.unit.lib.utils_test.UtilsTest.test_retriable_fetch_things_recover_from_fail,297,2,2,0,2,0,0
r2.tests.unit.lib.utils_test.UtilsTest.test_weighted_lottery,352,1,1,0,1,0,0
r2.tests.unit.lib.validator.test_validator.TestVSubmitParent._mock_comment,99,9,2,7,2,0,0
r2.tests.unit.lib.validator.test_validator.TestVSubmitParent._mock_link,83,9,2,7,2,0,0
r2.tests.unit.lib.validator.test_validator.TestVSubmitParent._mock_message,74,3,1,2,1,0,0
r2.tests.unit.lib.validator.test_validator.TestVSubmitParent.setUp,61,2,2,0,2,0,0
r2.tests.unit.lib.validator.test_validator.TestVSubmitParent.test_archived_link,183,1,1,0,1,0,0
r2.tests.unit.lib.validator.test_validator.TestVSubmitParent.test_blocked_user,151,1,1,0,1,0,0
r2.tests.unit.lib.validator.test_validator.TestVSubmitParent.test_deleted_comment,229,1,1,0,1,0,0
r2.tests.unit.lib.validator.test_validator.TestVSubmitParent.test_invalid_comment,259,1,1,0,1,0,0
r2.tests.unit.lib.validator.test_validator.TestVSubmitParent.test_invalid_link,208,1,1,0,1,0,0
r2.tests.unit.lib.validator.test_validator.TestVSubmitParent.test_invalid_promo,215,1,1,0,1,0,0
r2.tests.unit.lib.validator.test_validator.TestVSubmitParent.test_locked_link,191,1,1,0,1,0,0
r2.tests.unit.lib.validator.test_validator.TestVSubmitParent.test_locked_link_mod_reply,200,1,1,0,1,0,0
r2.tests.unit.lib.validator.test_validator.TestVSubmitParent.test_not_loggedin,142,1,1,0,1,0,0
r2.tests.unit.lib.validator.test_validator.TestVSubmitParent.test_removed_comment,237,1,1,0,1,0,0
r2.tests.unit.lib.validator.test_validator.TestVSubmitParent.test_removed_comment_mod_reply,252,1,1,0,1,0,0
r2.tests.unit.lib.validator.test_validator.TestVSubmitParent.test_removed_comment_self_reply,245,1,1,0,1,0,0
r2.tests.unit.lib.validator.test_validator.TestVSubmitParent.test_removed_link,176,1,1,0,1,0,0
r2.tests.unit.lib.validator.test_validator.TestVSubmitParent.test_valid_comment,222,1,1,0,1,0,0
r2.tests.unit.lib.validator.test_validator.TestVSubmitParent.test_valid_link,169,1,1,0,1,0,0
r2.tests.unit.lib.validator.test_validator.TestVSubmitParent.test_valid_message,162,1,1,0,1,0,0
r2.tests.unit.lib.validator.test_validator.TestVSubredditName._test_failure,273,2,0,2,0,0,0
r2.tests.unit.lib.validator.test_validator.TestVSubredditName.setUp,268,2,2,0,2,0,0
r2.tests.unit.lib.validator.test_validator.TestVSubredditName.test_r_slash,282,1,1,0,1,0,0
r2.tests.unit.lib.validator.test_validator.TestVSubredditName.test_slash_not_prefix,289,1,1,0,1,0,0
r2.tests.unit.lib.validator.test_validator.TestVSubredditName.test_slash_r_slash,278,1,1,0,1,0,0
r2.tests.unit.lib.validator.test_validator.TestVSubredditName.test_two_prefixes,286,1,1,0,1,0,0
r2.tests.unit.lib.validator.test_validator.TestValidEmail._test_failure,308,5,0,5,0,0,0
r2.tests.unit.lib.validator.test_validator.TestValidEmail.setUp,298,5,1,4,1,0,0
r2.tests.unit.lib.validator.test_validator.TestValidEmail.test_blank_email,311,2,2,0,2,0,0
r2.tests.unit.lib.validator.test_validator.TestValidEmail.test_no_hostname,325,2,2,0,2,0,0
r2.tests.unit.lib.validator.test_validator.TestValidEmail.test_no_username,330,2,2,0,2,0,0
r2.tests.unit.lib.validator.test_validator.TestValidEmail.test_no_whitespace,316,2,2,0,2,0,0
r2.tests.unit.lib.validator.test_validator.TestValidEmail.test_two_hostnames,335,1,1,0,1,0,0
r2.tests.unit.lib.validator.test_validator.TestValidEmail.test_valid_emails,303,1,1,0,1,0,0
r2.tests.unit.lib.validator.test_validator.ValidatorTests._test_success,50,3,0,3,0,0,0
r2.tests.unit.lib.validator.test_vverifypassword.TestVVerifyPassword._checkFails,57,6,3,3,3,0,0
r2.tests.unit.lib.validator.test_vverifypassword.TestVVerifyPassword.setUpClass,43,1,1,0,1,0,0
r2.tests.unit.lib.validator.test_vverifypassword.TestVVerifyPassword.test_no_password,87,1,1,0,1,0,0
r2.tests.unit.lib.validator.test_vverifypassword.TestVVerifyPassword.test_right_password,78,1,1,0,1,0,0
r2.tests.unit.lib.validator.test_vverifypassword.TestVVerifyPassword.test_wrong_password,82,1,1,0,1,0,0
r2.tests.unit.models.commentbuilder_test.CommentOrderTest.setUp,128,4,4,0,4,0,0
r2.tests.unit.models.commentbuilder_test.CommentOrderTest.test_comment_order_children,270,2,2,0,2,0,0
r2.tests.unit.models.commentbuilder_test.CommentOrderTest.test_comment_order_children_limit,283,2,2,0,2,0,0
r2.tests.unit.models.commentbuilder_test.CommentOrderTest.test_comment_order_children_limit_bug,296,2,2,0,2,0,0
r2.tests.unit.models.commentbuilder_test.CommentOrderTest.test_comment_order_depth,187,2,2,0,2,0,0
r2.tests.unit.models.commentbuilder_test.CommentOrderTest.test_comment_order_full,149,2,2,0,2,0,0
r2.tests.unit.models.commentbuilder_test.CommentOrderTest.test_comment_order_full_asc,162,2,2,0,2,0,0
r2.tests.unit.models.commentbuilder_test.CommentOrderTest.test_comment_order_invalid_permalink_defocus,255,2,2,0,2,0,0
r2.tests.unit.models.commentbuilder_test.CommentOrderTest.test_comment_order_invalid_sticky,212,2,2,0,2,0,0
r2.tests.unit.models.commentbuilder_test.CommentOrderTest.test_comment_order_limit,175,2,2,0,2,0,0
r2.tests.unit.models.commentbuilder_test.CommentOrderTest.test_comment_order_permalink,226,2,2,0,2,0,0
r2.tests.unit.models.commentbuilder_test.CommentOrderTest.test_comment_order_permalink_context,240,2,2,0,2,0,0
r2.tests.unit.models.commentbuilder_test.CommentOrderTest.test_comment_order_qa,313,2,2,0,2,0,0
r2.tests.unit.models.commentbuilder_test.CommentOrderTest.test_comment_order_qa_multiple_responders,327,2,2,0,2,0,0
r2.tests.unit.models.commentbuilder_test.CommentOrderTest.test_comment_order_sticky,199,2,2,0,2,0,0
r2.tests.unit.models.commentbuilder_test.comments_by_id,114,2,1,1,1,0,0
r2.tests.unit.models.commentbuilder_test.make_comment_scores,97,1,0,1,0,0,0
r2.tests.unit.models.commentbuilder_test.make_comment_tree,77,3,1,2,1,0,0
r2.tests.unit.models.link_test.CommentMock.__init__,54,6,0,6,0,0,0
r2.tests.unit.models.link_test.LinkMock.__init__,156,1,1,0,1,0,0
r2.tests.unit.models.link_test.LinkMock._id,171,1,1,0,1,0,0
r2.tests.unit.models.link_test.LinkMock._submit,183,6,0,6,0,0,0
r2.tests.unit.models.link_test.TestCommentQaSort.test_multiple_op_responses,118,2,2,0,2,0,0
r2.tests.unit.models.link_test.TestCommentQaSort.test_simple_downvotes,80,2,2,0,2,0,0
r2.tests.unit.models.link_test.TestCommentQaSort.test_simple_length,92,2,2,0,2,0,0
r2.tests.unit.models.link_test.TestCommentQaSort.test_simple_op_comments,137,2,2,0,2,0,0
r2.tests.unit.models.link_test.TestCommentQaSort.test_simple_op_responses,107,2,2,0,2,0,0
r2.tests.unit.models.link_test.TestCommentQaSort.test_simple_upvotes,68,2,2,0,2,0,0
r2.tests.unit.models.link_test.TestSubmit.test_changing_from_self_doesnt_remove_links_by_url,279,2,2,0,2,0,0
r2.tests.unit.models.link_test.TestSubmit.test_changing_non_promo_fails,266,2,2,0,2,0,0
r2.tests.unit.models.link_test.TestSubmit.test_changing_to_self_removes_links_by_url,321,2,2,0,2,0,0
r2.tests.unit.models.link_test.TestSubmit.test_changing_url_adds_links_by_url,300,2,2,0,2,0,0
r2.tests.unit.models.link_test.TestSubmit.test_new_self_post_doesnt_modify_links_by_url,253,1,1,0,1,0,0
r2.tests.unit.models.link_test.TestSubmit.test_new_self_post_has_url,241,1,1,0,1,0,0
r2.tests.unit.models.link_test.ThingMock._id,192,1,1,0,1,0,0
r2.tests.unit.models.link_test._mock_id,147,2,0,2,0,0,0
r2.tests.unit.models.promo_test.CollectionOrderTest._assert_scenario,132,4,0,4,0,0,0
r2.tests.unit.models.promo_test.CollectionOrderTest.setUp,104,1,1,0,1,0,0
r2.tests.unit.models.promo_test.CollectionOrderTest.test_scenario_casing,180,1,1,0,1,0,0
r2.tests.unit.models.promo_test.CollectionOrderTest.test_scenario_random,167,1,1,0,1,0,0
r2.tests.unit.models.promo_test.CollectionOrderTest.test_scenario_reversed,138,1,1,0,1,0,0
r2.tests.unit.models.promo_test.CollectionOrderTest.test_scenario_semi_sorted,151,1,1,0,1,0,0
r2.tests.unit.models.promo_test.CollectionStorageTest.test_set_attributes,36,2,2,0,2,0,0
r2.tests.unit.models.promo_test.CollectionTest.test_is_spotlight_default,87,1,1,0,1,0,0
r2.tests.unit.models.subreddit_test.ByNameTest.testCacheNegativeResults,234,1,1,0,1,0,0
r2.tests.unit.models.subreddit_test.ByNameTest.testExcludeNegativeLookups,248,1,1,0,1,0,0
r2.tests.unit.models.subreddit_test.ByNameTest.testForceUpdate,219,1,1,0,1,0,0
r2.tests.unit.models.subreddit_test.ByNameTest.testMultiCacheMissesAllExist,179,1,1,0,1,0,0
r2.tests.unit.models.subreddit_test.ByNameTest.testMultiCached,166,1,1,0,1,0,0
r2.tests.unit.models.subreddit_test.ByNameTest.testMultiSomeDontExist,195,1,1,0,1,0,0
r2.tests.unit.models.subreddit_test.ByNameTest.testMultiSomeInvalid,207,1,1,0,1,0,0
r2.tests.unit.models.subreddit_test.ByNameTest.testSingleCached,131,1,1,0,1,0,0
r2.tests.unit.models.subreddit_test.ByNameTest.testSingleFromDB,141,1,1,0,1,0,0
r2.tests.unit.models.subreddit_test.ByNameTest.testSingleInvalid,159,1,1,0,1,0,0
r2.tests.unit.models.subreddit_test.ByNameTest.testSingleNotFound,152,1,1,0,1,0,0
r2.tests.unit.models.subreddit_test.IsValidNameTest.test_capitals,113,1,1,0,1,0,0
r2.tests.unit.models.subreddit_test.IsValidNameTest.test_empty,92,1,1,0,1,0,0
r2.tests.unit.models.subreddit_test.IsValidNameTest.test_leading_underscore,110,1,1,0,1,0,0
r2.tests.unit.models.subreddit_test.IsValidNameTest.test_long,101,1,1,0,1,0,0
r2.tests.unit.models.subreddit_test.IsValidNameTest.test_numerics,116,1,1,0,1,0,0
r2.tests.unit.models.subreddit_test.IsValidNameTest.test_short,95,1,1,0,1,0,0
r2.tests.unit.models.subreddit_test.IsValidNameTest.test_too_long,104,1,1,0,1,0,0
r2.tests.unit.models.subreddit_test.IsValidNameTest.test_too_short,98,1,1,0,1,0,0
r2.tests.unit.models.subreddit_test.IsValidNameTest.test_underscore,107,1,1,0,1,0,0
r2.tests.unit.models.subreddit_test.SRMemberTest.test_get_permissions,47,1,1,0,1,0,0
r2.tests.unit.models.subreddit_test.SRMemberTest.test_set_permissions,79,2,2,0,2,0,0
r2.tests.unit.models.subreddit_test.SRMemberTest.test_update_permissions,66,1,1,0,1,0,0
r2.tests.unit.models.thing_test.FakeLock.__init__,203,3,0,3,0,0,0
r2.tests.unit.models.thing_test.TestThingIncr.reset_mocks,290,4,0,4,0,0,0
r2.tests.unit.models.thing_test.TestThingIncr.setUp,278,2,2,0,2,0,0
r2.tests.unit.models.thing_test.TestThingIncr.test_incr_base_prop,298,2,2,0,2,0,0
r2.tests.unit.models.thing_test.TestThingIncr.test_incr_data_prop,318,2,2,0,2,0,0
r2.tests.unit.models.thing_test.TestThingIncr.test_incr_dirty,358,2,2,0,2,0,0
r2.tests.unit.models.thing_test.TestThingIncr.test_incr_unset_data_prop,339,2,2,0,2,0,0
r2.tests.unit.models.thing_test.TestThingReadCaching.setUp,49,1,1,0,1,0,0
r2.tests.unit.models.thing_test.TestThingWrite.reset_mocks,232,1,0,1,0,0,0
r2.tests.unit.models.thing_test.TestThingWrite.setUp,220,2,2,0,2,0,0
r2.tests.unit.models.thing_test.TestThingWrite.test_modify,254,1,1,0,1,0,0
r2.tests.unit.models.thing_test.TestThingWriteConflict.reset_mocks,387,3,0,3,0,0,0
r2.tests.unit.models.thing_test.TestThingWriteConflict.setUp,376,2,2,0,2,0,0
r2.tests.unit.models.thing_test.TestThingWriteConflict.test_dont_overwrite,394,1,1,0,1,0,0
r2.tests.unit.models.thing_test.TestThingWriteConflict.test_lock_fail,428,1,1,0,1,0,0
r2.tests.unit.models.thing_test.TestThingWriteConflict.test_modify_fail,466,1,1,0,1,0,0
r2.tests.unit.models.user_message_builder_test.UserMessageBuilderTest.mock_preparation,109,5,0,5,0,0,0
r2.tests.unit.models.user_message_builder_test.UserMessageBuilderTest.test_view_message_on_admin_and_del,95,3,3,0,3,0,0
r2.tests.unit.models.user_message_builder_test.UserMessageBuilderTest.test_view_message_on_receiver_side,67,3,3,0,3,0,0
r2.tests.unit.models.user_message_builder_test.UserMessageBuilderTest.test_view_message_on_receiver_side_and_del,53,3,3,0,3,0,0
r2.tests.unit.models.user_message_builder_test.UserMessageBuilderTest.test_view_message_on_receiver_side_and_spam,41,3,3,0,3,0,0
r2.tests.unit.models.user_message_builder_test.UserMessageBuilderTest.test_view_message_on_sender_side_and_del,81,3,3,0,3,0,0
r2.tests.unit.models.vote_test.TestVoteValidator.assert_vote_effects,31,2,0,2,0,0,0
r2.tests.unit.models.vote_test.TestVoteValidator.cast_vote,20,3,1,2,1,0,0
r2.tests.unit.models.vote_test.TestVoteValidator.test_downvote_effects,52,2,2,0,2,0,0
r2.tests.unit.models.vote_test.TestVoteValidator.test_upvote_effects,45,2,2,0,2,0,0
r2.tests.unit.ratelimit_test.LiveConfigRateLimitTest.configure_rate_limit,180,3,1,2,1,0,0
r2.tests.unit.ratelimit_test.LiveConfigRateLimitTest.patch_liveconfig,170,1,0,1,0,0,0
r2.tests.unit.ratelimit_test.LiveConfigRateLimitTest.test_limit,184,1,1,0,1,0,0
r2.tests.unit.ratelimit_test.LiveConfigRateLimitTest.test_seconds,192,1,1,0,1,0,0
r2.tests.unit.ratelimit_test.RateLimitStandaloneFunctionsTest.patch,40,2,1,1,1,0,0
r2.tests.unit.ratelimit_test.RateLimitStandaloneFunctionsTest.setUp,34,2,2,0,2,0,0
r2.tests.unit.ratelimit_test.RateLimitTest.patch,136,2,1,1,1,0,0
r2.tests.unit.ratelimit_test.RateLimitTest.setUp,130,2,2,0,2,0,0
r2.tests.unit.ratelimit_test.RateLimitTest.test_get_usage,154,1,1,0,1,0,0
