full_name,label,degree,neighbors_count,in_degree,out_degree,self_loops,max_call_circles
seaborn.__init__.(global),0,1,1,0,1,0,0
seaborn.algorithms._smooth_bootstrap,100,1,0,1,0,0,0
seaborn.algorithms._structured_bootstrap,80,1,0,1,0,0,0
seaborn.algorithms.bootstrap,8,20,2,18,2,0,0
seaborn.algorithms.randomize_corrmat,111,7,0,7,0,0,0
seaborn.apionly.(global),0,1,1,0,1,0,0
seaborn.axisgrid.FacetGrid.__init__,218,5,3,2,3,0,0
seaborn.axisgrid.FacetGrid._facet_color,799,2,0,2,0,0,0
seaborn.axisgrid.FacetGrid._facet_plot,807,4,2,2,2,0,0
seaborn.axisgrid.FacetGrid._finalize_grid,816,4,2,2,2,0,0
seaborn.axisgrid.FacetGrid.despine,835,2,1,1,1,0,0
seaborn.axisgrid.FacetGrid.facet_axis,822,3,0,3,0,0,0
seaborn.axisgrid.FacetGrid.facet_data,627,3,0,3,0,0,0
seaborn.axisgrid.FacetGrid.map,667,7,7,0,7,0,0
seaborn.axisgrid.FacetGrid.map_dataframe,733,9,6,3,6,0,0
seaborn.axisgrid.FacetGrid.set_axis_labels,840,4,2,2,2,0,0
seaborn.axisgrid.FacetGrid.set_titles,886,4,1,3,1,0,0
seaborn.axisgrid.FacetGrid.set_xlabels,850,1,0,1,0,0,0
seaborn.axisgrid.FacetGrid.set_xticklabels,866,10,1,9,1,1,1
seaborn.axisgrid.FacetGrid.set_ylabels,858,1,0,1,0,0,0
seaborn.axisgrid.FacetGrid.set_yticklabels,878,8,1,7,1,1,1
seaborn.axisgrid.Grid._clean_axis,125,5,0,5,0,0,0
seaborn.axisgrid.Grid._get_palette,138,4,2,2,2,0,0
seaborn.axisgrid.Grid._update_legend_data,132,4,0,4,0,0,0
seaborn.axisgrid.Grid.add_legend,36,9,0,9,0,0,0
seaborn.axisgrid.Grid.savefig,30,2,1,1,1,1,1
seaborn.axisgrid.Grid.set,23,1,0,1,0,0,0
seaborn.axisgrid.JointGrid.__init__,1474,2,1,1,1,0,0
seaborn.axisgrid.JointGrid.annotate,1738,5,1,4,1,0,2
seaborn.axisgrid.JointGrid.plot,1665,4,3,1,3,0,2
seaborn.axisgrid.JointGrid.plot_joint,1687,3,0,3,0,0,0
seaborn.axisgrid.JointGrid.plot_marginals,1709,3,0,3,0,0,0
seaborn.axisgrid.JointGrid.savefig,1818,2,1,1,1,1,1
seaborn.axisgrid.PairGrid.__init__,1048,6,5,1,5,0,0
seaborn.axisgrid.PairGrid._add_axis_labels,1450,4,0,4,0,0,0
seaborn.axisgrid.PairGrid._find_numeric_cols,1457,1,0,1,0,0,0
seaborn.axisgrid.PairGrid.map,1240,3,3,0,3,0,0
seaborn.axisgrid.PairGrid.map_diag,1283,7,2,5,2,0,0
seaborn.axisgrid.PairGrid.map_lower,1344,7,3,4,3,0,0
seaborn.axisgrid.PairGrid.map_offdiag,1435,3,2,1,2,0,0
seaborn.axisgrid.PairGrid.map_upper,1389,6,2,4,2,0,0
seaborn.categorical._BarPlotter.__init__,1257,4,2,2,2,0,0
seaborn.categorical._BarPlotter.draw_bars,1268,8,1,7,1,0,0
seaborn.categorical._BarPlotter.plot,1300,4,2,2,2,0,0
seaborn.categorical._BoxPlotter.__init__,416,3,2,1,2,0,0
seaborn.categorical._BoxPlotter.draw_boxplot,430,3,2,1,2,0,0
seaborn.categorical._BoxPlotter.plot,516,3,2,1,2,0,0
seaborn.categorical._BoxPlotter.restyle_boxplot,488,1,0,1,0,0,0
seaborn.categorical._CategoricalPlotter._group_longform,232,1,0,1,0,0,0
seaborn.categorical._CategoricalPlotter.add_legend_data,404,2,0,2,0,0,0
seaborn.categorical._CategoricalPlotter.annotate_axes,364,7,2,5,2,0,0
seaborn.categorical._CategoricalPlotter.establish_colors,253,16,4,12,4,0,0
seaborn.categorical._CategoricalPlotter.establish_variables,26,8,4,4,4,0,0
seaborn.categorical._CategoricalPlotter.infer_orient,307,2,0,2,0,0,0
seaborn.categorical._CategoricalStatPlotter.draw_confints,1242,3,0,3,0,0,0
seaborn.categorical._CategoricalStatPlotter.estimate_statistic,1148,12,2,10,2,0,0
seaborn.categorical._PointPlotter.__init__,1310,4,3,1,3,0,0
seaborn.categorical._PointPlotter.draw_points,1354,2,1,1,1,0,0
seaborn.categorical._PointPlotter.plot,1434,3,2,1,2,0,0
seaborn.categorical._StripPlotter.__init__,1060,3,2,1,2,0,0
seaborn.categorical._StripPlotter.draw_stripplot,1078,1,0,1,0,0,0
seaborn.categorical._StripPlotter.plot,1122,3,2,1,2,0,0
seaborn.categorical._ViolinPlotter.__init__,526,4,3,1,3,0,0
seaborn.categorical._ViolinPlotter.draw_box_lines,960,3,1,2,1,0,0
seaborn.categorical._ViolinPlotter.draw_points,1008,1,0,1,0,0,0
seaborn.categorical._ViolinPlotter.draw_quartiles,994,3,1,2,1,0,0
seaborn.categorical._ViolinPlotter.draw_single_observation,946,2,0,2,0,0,0
seaborn.categorical._ViolinPlotter.draw_stick_lines,1021,3,1,2,1,0,0
seaborn.categorical._ViolinPlotter.draw_to_density,1028,3,0,3,0,0,0
seaborn.categorical._ViolinPlotter.draw_violins,768,10,6,4,6,0,0
seaborn.categorical._ViolinPlotter.estimate_densities,555,8,5,3,5,0,0
seaborn.categorical._ViolinPlotter.fit_kde,680,2,0,2,0,0,0
seaborn.categorical._ViolinPlotter.kde_support,703,1,0,1,0,0,0
seaborn.categorical._ViolinPlotter.plot,1050,3,2,1,2,0,0
seaborn.categorical._ViolinPlotter.scale_area,709,2,0,2,0,0,0
seaborn.categorical._ViolinPlotter.scale_count,741,2,0,2,0,0,0
seaborn.categorical._ViolinPlotter.scale_width,731,2,0,2,0,0,0
seaborn.categorical.barplot,2166,4,2,2,2,0,0
seaborn.categorical.boxplot,1570,8,2,6,2,0,0
seaborn.categorical.countplot,2520,4,2,2,2,0,0
seaborn.categorical.factorplot,2633,10,6,4,6,0,0
seaborn.categorical.pointplot,2331,4,2,2,2,0,0
seaborn.categorical.stripplot,1997,9,2,7,2,0,0
seaborn.categorical.violinplot,1757,3,2,1,2,0,0
seaborn.distributions._bivariate_kdeplot,351,5,4,1,4,0,0
seaborn.distributions._freedman_diaconis_bins,23,6,1,5,1,0,0
seaborn.distributions._scipy_bivariate_kde,417,3,1,2,1,0,0
seaborn.distributions._scipy_univariate_kde,333,3,1,2,1,0,0
seaborn.distributions._statsmodels_bivariate_kde,394,3,1,2,1,0,0
seaborn.distributions._statsmodels_univariate_kde,320,3,0,3,0,0,0
seaborn.distributions._univariate_kdeplot,254,3,2,1,2,0,0
seaborn.distributions.distplot,35,5,4,1,4,0,0
seaborn.distributions.jointplot,640,18,9,9,9,0,0
seaborn.distributions.kdeplot,439,5,2,3,2,0,0
seaborn.distributions.rugplot,606,1,0,1,0,0,0
seaborn.external.husl._hrad_extremum,94,2,1,1,1,0,0
seaborn.external.husl.dot_product,122,2,0,2,0,0,0
seaborn.external.husl.f,126,1,0,1,0,0,0
seaborn.external.husl.f_inv,133,1,0,1,0,0,0
seaborn.external.husl.hex_to_husl,43,2,2,0,2,0,0
seaborn.external.husl.hex_to_huslp,59,2,2,0,2,0,0
seaborn.external.husl.hex_to_rgb,178,2,0,2,0,0,0
seaborn.external.husl.husl_to_hex,35,2,2,0,2,0,0
seaborn.external.husl.husl_to_lch,260,2,1,1,1,0,0
seaborn.external.husl.husl_to_rgb,31,4,2,2,2,0,0
seaborn.external.husl.huslp_to_hex,51,2,2,0,2,0,0
seaborn.external.husl.huslp_to_lch,288,2,1,1,1,0,0
seaborn.external.husl.huslp_to_rgb,47,3,2,1,2,0,0
seaborn.external.husl.lch_to_husl,274,2,1,1,1,0,0
seaborn.external.husl.lch_to_huslp,302,2,1,1,1,0,0
seaborn.external.husl.lch_to_luv,250,1,0,1,0,0,0
seaborn.external.husl.lch_to_rgb,63,5,3,2,3,0,0
seaborn.external.husl.luv_to_lch,238,1,0,1,0,0,0
seaborn.external.husl.luv_to_xyz,222,2,1,1,1,0,0
seaborn.external.husl.max_chroma,71,4,0,4,0,0,0
seaborn.external.husl.max_chroma_pastel,117,4,2,2,2,0,0
seaborn.external.husl.rgb_prepare,156,1,0,1,0,0,0
seaborn.external.husl.rgb_to_hex,187,3,1,2,1,0,0
seaborn.external.husl.rgb_to_husl,39,3,2,1,2,0,0
seaborn.external.husl.rgb_to_huslp,55,3,2,1,2,0,0
seaborn.external.husl.rgb_to_lch,67,5,3,2,3,0,0
seaborn.external.husl.rgb_to_xyz,197,2,1,1,1,0,0
seaborn.external.husl.xyz_to_luv,202,2,1,1,1,0,0
seaborn.external.husl.xyz_to_rgb,192,2,1,1,1,0,0
seaborn.external.six.(global),0,3,3,0,3,0,0
seaborn.external.six.MovedAttribute.__init__,139,1,0,1,0,0,0
seaborn.external.six.MovedAttribute._resolve,157,1,1,0,1,0,0
seaborn.external.six.MovedModule.__getattr__,107,1,1,0,1,0,0
seaborn.external.six.MovedModule.__init__,95,1,0,1,0,0,0
seaborn.external.six.MovedModule._resolve,104,2,1,1,1,0,0
seaborn.external.six._add_doc,69,1,0,1,0,0,0
seaborn.external.six._import_module,74,2,0,2,0,0,0
seaborn.external.six.iteritems,482,2,0,2,0,0,0
seaborn.linearmodels._LinearPlotter.dropna,54,4,0,4,0,0,0
seaborn.linearmodels._LinearPlotter.establish_variables,38,1,0,1,0,0,0
seaborn.linearmodels._RegressionPlotter.__init__,74,6,4,2,4,0,0
seaborn.linearmodels._RegressionPlotter.bin_predictor,277,5,1,4,1,0,0
seaborn.linearmodels._RegressionPlotter.estimate_data,146,2,2,0,2,0,0
seaborn.linearmodels._RegressionPlotter.fit_fast,214,6,1,5,1,0,0
seaborn.linearmodels._RegressionPlotter.fit_logx,259,3,1,2,1,0,0
seaborn.linearmodels._RegressionPlotter.fit_lowess,253,1,0,1,0,0,0
seaborn.linearmodels._RegressionPlotter.fit_poly,228,5,1,4,1,0,0
seaborn.linearmodels._RegressionPlotter.fit_regression,173,12,6,6,6,0,0
seaborn.linearmodels._RegressionPlotter.fit_statsmodels,240,6,1,5,1,0,0
seaborn.linearmodels._RegressionPlotter.lineplot,364,2,1,1,1,0,0
seaborn.linearmodels._RegressionPlotter.plot,300,4,2,2,2,0,0
seaborn.linearmodels._RegressionPlotter.regress_out,291,1,0,1,0,0,0
seaborn.linearmodels._RegressionPlotter.scatterplot,332,1,0,1,0,0,0
seaborn.linearmodels.coefplot,1026,2,2,0,2,0,0
seaborn.linearmodels.corrplot,1239,2,2,0,2,0,0
seaborn.linearmodels.lmplot,521,10,3,7,3,0,0
seaborn.linearmodels.pairplot,1421,7,3,4,3,0,0
seaborn.linearmodels.regplot,752,6,2,4,2,0,0
seaborn.linearmodels.residplot,944,5,3,2,3,0,0
seaborn.linearmodels.symmatplot,1341,4,3,1,3,0,0
seaborn.matrix.ClusterGrid.__init__,661,5,4,1,4,0,0
seaborn.matrix.ClusterGrid.color_list_to_matrix_and_cmap,842,5,1,4,1,0,0
seaborn.matrix.ClusterGrid.dim_ratios,815,1,0,1,0,0,0
seaborn.matrix.ClusterGrid.format_data,724,3,2,1,2,0,0
seaborn.matrix.ClusterGrid.plot,974,4,3,1,3,0,0
seaborn.matrix.ClusterGrid.plot_colors,918,4,3,1,3,0,0
seaborn.matrix.ClusterGrid.plot_dendrograms,897,3,2,1,2,0,0
seaborn.matrix.ClusterGrid.plot_matrix,952,2,1,1,1,0,0
seaborn.matrix.ClusterGrid.savefig,892,2,1,1,1,1,1
seaborn.matrix.ClusterGrid.standard_scale,775,1,0,1,0,0,0
seaborn.matrix.ClusterGrid.z_score,745,1,0,1,0,0,0
seaborn.matrix._DendrogramPlotter.__init__,453,4,3,1,3,0,0
seaborn.matrix._DendrogramPlotter._calculate_linkage_fastcluster,531,1,0,1,0,0,0
seaborn.matrix._DendrogramPlotter._calculate_linkage_scipy,520,2,0,2,0,0,0
seaborn.matrix._DendrogramPlotter.calculate_dendrogram,556,1,0,1,0,0,0
seaborn.matrix._DendrogramPlotter.calculated_linkage,550,2,2,0,2,0,0
seaborn.matrix._DendrogramPlotter.plot,577,5,4,1,4,0,0
seaborn.matrix._HeatMapper.__init__,87,5,4,1,4,0,0
seaborn.matrix._HeatMapper._annotate_heatmap,195,1,0,1,0,0,0
seaborn.matrix._HeatMapper._determine_cmap_params,158,2,1,1,1,0,0
seaborn.matrix._HeatMapper.plot,207,6,5,1,5,0,0
seaborn.matrix._convert_colors,35,1,0,1,0,0,0
seaborn.matrix._index_to_label,19,2,0,2,0,0,0
seaborn.matrix._index_to_ticklabels,27,2,0,2,0,0,0
seaborn.matrix._matrix_mask,47,4,0,4,0,0,0
seaborn.matrix.clustermap,993,9,2,7,2,0,0
seaborn.matrix.dendrogram,616,6,2,4,2,0,0
seaborn.matrix.heatmap,246,11,2,9,2,0,0
seaborn.miscplot.palplot,7,8,2,6,2,0,0
seaborn.palettes._ColorPalette.__enter__,38,2,2,0,2,0,0
seaborn.palettes._ColorPalette.__exit__,45,1,1,0,1,0,0
seaborn.palettes._ColorPalette.as_hex,50,1,0,1,0,0,0
seaborn.palettes._color_to_rgb,413,7,0,7,0,0,0
seaborn.palettes._flat_palette,589,3,3,0,3,0,0
seaborn.palettes._init_mutable_colormap,956,6,1,5,1,0,0
seaborn.palettes._show_cmap,971,6,1,5,1,0,0
seaborn.palettes._update_lut,965,5,0,5,0,0,0
seaborn.palettes.blend_palette,698,9,1,8,1,0,0
seaborn.palettes.choose_colorbrewer_palette,981,5,5,0,5,0,0
seaborn.palettes.choose_cubehelix_palette,1312,5,5,0,5,0,0
seaborn.palettes.choose_dark_palette,1079,5,5,0,5,0,0
seaborn.palettes.choose_diverging_palette,1253,5,5,0,5,0,0
seaborn.palettes.choose_light_palette,1166,5,5,0,5,0,0
seaborn.palettes.color_palette,56,54,4,50,4,0,2
seaborn.palettes.crayon_palette,753,2,1,1,1,0,0
seaborn.palettes.cubehelix_palette,781,6,0,6,0,0,0
seaborn.palettes.dark_palette,424,4,2,2,2,0,0
seaborn.palettes.diverging_palette,616,2,1,1,1,0,0
seaborn.palettes.hls_palette,196,3,0,3,0,0,0
seaborn.palettes.husl_palette,264,6,0,6,0,0,0
seaborn.palettes.light_palette,506,7,3,4,3,0,0
seaborn.palettes.mpl_palette,334,7,2,5,2,0,2
seaborn.palettes.set_color_codes,904,2,0,2,0,0,0
seaborn.palettes.xkcd_palette,726,2,1,1,1,0,0
seaborn.rcmod._AxesStyle.__enter__,115,1,1,0,1,0,0
seaborn.rcmod._AxesStyle.__exit__,122,1,1,0,1,0,0
seaborn.rcmod._PlottingContext.__enter__,129,1,1,0,1,0,0
seaborn.rcmod._PlottingContext.__exit__,136,1,1,0,1,0,0
seaborn.rcmod.axes_style,141,8,0,8,0,0,0
seaborn.rcmod.plotting_context,308,8,0,8,0,0,0
seaborn.rcmod.reset_defaults,103,1,0,1,0,0,0
seaborn.rcmod.reset_orig,108,2,0,2,0,0,0
seaborn.rcmod.set,69,21,3,18,3,0,0
seaborn.rcmod.set_context,417,6,1,5,1,0,0
seaborn.rcmod.set_palette,458,7,2,5,2,0,0
seaborn.rcmod.set_style,275,7,1,6,1,0,0
seaborn.tests.test_algorithms.test_bootstrap,16,1,1,0,1,0,0
seaborn.tests.test_algorithms.test_bootstrap_arglength,121,1,1,0,1,0,0
seaborn.tests.test_algorithms.test_bootstrap_axis,55,1,1,0,1,0,0
seaborn.tests.test_algorithms.test_bootstrap_length,26,1,1,0,1,0,0
seaborn.tests.test_algorithms.test_bootstrap_multiarg,44,1,1,0,1,0,0
seaborn.tests.test_algorithms.test_bootstrap_noncallable,127,1,1,0,1,0,0
seaborn.tests.test_algorithms.test_bootstrap_ols,83,1,1,0,1,0,0
seaborn.tests.test_algorithms.test_bootstrap_random_seed,65,1,1,0,1,0,0
seaborn.tests.test_algorithms.test_bootstrap_range,36,1,1,0,1,0,0
seaborn.tests.test_algorithms.test_bootstrap_units,106,1,1,0,1,0,0
seaborn.tests.test_algorithms.test_randimoize_corrmat_tails,178,1,1,0,1,0,0
seaborn.tests.test_algorithms.test_randomise_corrmat_seed,192,1,1,0,1,0,0
seaborn.tests.test_algorithms.test_randomize_corrmat,133,1,1,0,1,0,0
seaborn.tests.test_algorithms.test_randomize_corrmat_correction,169,1,1,0,1,0,0
seaborn.tests.test_algorithms.test_randomize_corrmat_dist,153,1,1,0,1,0,0
seaborn.tests.test_algorithms.test_randomize_corrmat_tail_error,201,1,1,0,1,0,0
seaborn.tests.test_algorithms.test_smooth_bootstrap,74,1,1,0,1,0,0
seaborn.tests.test_axisgrid.TestFacetGrid.test_col_wrap,95,1,1,0,1,0,0
seaborn.tests.test_axisgrid.TestFacetGrid.test_data_generator,344,1,1,0,1,0,0
seaborn.tests.test_axisgrid.TestFacetGrid.test_figure_size_with_legend,181,1,1,0,1,0,0
seaborn.tests.test_axisgrid.TestFacetGrid.test_get_boolean_legend_data,248,2,2,0,2,0,0
seaborn.tests.test_axisgrid.TestFacetGrid.test_legend_data,196,2,2,0,2,0,0
seaborn.tests.test_axisgrid.TestFacetGrid.test_legend_data_missing_level,221,2,2,0,2,0,0
seaborn.tests.test_axisgrid.TestFacetGrid.test_legend_options,274,1,1,0,1,0,0
seaborn.tests.test_axisgrid.TestFacetGrid.test_legendout_with_colwrap,280,1,1,0,1,0,0
seaborn.tests.test_axisgrid.TestFacetGrid.test_map_dataframe,401,1,1,0,1,0,0
seaborn.tests.test_axisgrid.TestFacetGrid.test_palette,572,2,2,0,2,0,0
seaborn.tests.test_axisgrid.TestFacetGrid.test_set_ticklabels,485,2,2,0,2,0,0
seaborn.tests.test_axisgrid.TestFacetGrid.test_set_titles,433,1,1,0,1,0,0
seaborn.tests.test_axisgrid.TestFacetGrid.test_set_titles_margin_titles,463,1,1,0,1,0,0
seaborn.tests.test_axisgrid.TestJointGrid.test_annotate,1272,1,1,0,1,0,0
seaborn.tests.test_axisgrid.TestJointGrid.test_bivariate_plot,1237,1,1,0,1,0,0
seaborn.tests.test_axisgrid.TestJointGrid.test_univariate_plot,1247,1,1,0,1,0,0
seaborn.tests.test_axisgrid.TestPairGrid.test_hue_order,929,3,3,0,3,0,0
seaborn.tests.test_axisgrid.TestPairGrid.test_hue_order_missing_level,973,3,3,0,3,0,0
seaborn.tests.test_axisgrid.TestPairGrid.test_map_diag,830,1,1,0,1,0,0
seaborn.tests.test_axisgrid.TestPairGrid.test_map_diag_and_offdiag,853,2,2,0,2,0,0
seaborn.tests.test_axisgrid.TestPairGrid.test_map_lower,789,1,1,0,1,0,0
seaborn.tests.test_axisgrid.TestPairGrid.test_map_upper,809,1,1,0,1,0,0
seaborn.tests.test_axisgrid.TestPairGrid.test_pairplot,1049,1,1,0,1,0,0
seaborn.tests.test_axisgrid.TestPairGrid.test_pairplot_kde,1117,1,1,0,1,0,0
seaborn.tests.test_axisgrid.TestPairGrid.test_pairplot_markers,1148,1,1,0,1,0,0
seaborn.tests.test_axisgrid.TestPairGrid.test_pairplot_reg,1080,1,1,0,1,0,0
seaborn.tests.test_axisgrid.TestPairGrid.test_palette,885,2,2,0,2,0,0
seaborn.tests.test_categorical.TestBarPlotter.test_barplot_colors,1698,2,2,0,2,0,0
seaborn.tests.test_categorical.TestBarPlotter.test_draw_horizontal_bars,1588,1,1,0,1,0,0
seaborn.tests.test_categorical.TestBarPlotter.test_draw_missing_bars,1670,1,1,0,1,0,0
seaborn.tests.test_categorical.TestBarPlotter.test_draw_nested_horizontal_bars,1641,1,1,0,1,0,0
seaborn.tests.test_categorical.TestBarPlotter.test_draw_nested_vertical_bars,1612,1,1,0,1,0,0
seaborn.tests.test_categorical.TestBarPlotter.test_draw_vertical_bars,1564,1,1,0,1,0,0
seaborn.tests.test_categorical.TestBarPlotter.test_simple_barplots,1747,1,1,0,1,0,0
seaborn.tests.test_categorical.TestBoxPlotter.test_axes_annotation,776,1,1,0,1,0,0
seaborn.tests.test_categorical.TestBoxPlotter.test_axes_data,695,1,1,0,1,0,0
seaborn.tests.test_categorical.TestBoxPlotter.test_box_colors,707,2,2,0,2,0,0
seaborn.tests.test_categorical.TestBoxPlotter.test_boxplots,748,1,1,0,1,0,0
seaborn.tests.test_categorical.TestBoxPlotter.test_draw_missing_boxes,723,1,1,0,1,0,0
seaborn.tests.test_categorical.TestBoxPlotter.test_missing_data,730,1,1,0,1,0,0
seaborn.tests.test_categorical.TestCategoricalPlotter.test_default_palette_with_many_levels,373,3,3,0,3,0,0
seaborn.tests.test_categorical.TestCategoricalPlotter.test_default_palettes,359,2,2,0,2,0,0
seaborn.tests.test_categorical.TestCategoricalPlotter.test_dict_as_palette,418,1,1,0,1,0,0
seaborn.tests.test_categorical.TestCategoricalPlotter.test_infer_orient,334,1,1,0,1,0,0
seaborn.tests.test_categorical.TestCategoricalPlotter.test_palette_desaturation,426,1,1,0,1,0,0
seaborn.tests.test_categorical.TestCategoricalPlotter.test_specific_color,381,2,2,0,2,0,0
seaborn.tests.test_categorical.TestCategoricalPlotter.test_specific_palette,398,2,2,0,2,0,0
seaborn.tests.test_categorical.TestCategoricalStatPlotter.test_draw_cis,613,1,1,0,1,0,0
seaborn.tests.test_categorical.TestCategoricalStatPlotter.test_estimator_value_label,601,1,1,0,1,0,0
seaborn.tests.test_categorical.TestCategoricalStatPlotter.test_nested_stats,522,1,1,0,1,0,0
seaborn.tests.test_categorical.TestCategoricalStatPlotter.test_nested_stats_with_missing_data,571,1,1,0,1,0,0
seaborn.tests.test_categorical.TestCategoricalStatPlotter.test_nested_stats_with_units,547,1,1,0,1,0,0
seaborn.tests.test_categorical.TestCategoricalStatPlotter.test_no_bootstrappig,441,1,1,0,1,0,0
seaborn.tests.test_categorical.TestCategoricalStatPlotter.test_single_layer_stats,452,1,1,0,1,0,0
seaborn.tests.test_categorical.TestCategoricalStatPlotter.test_single_layer_stats_with_missing_data,499,1,1,0,1,0,0
seaborn.tests.test_categorical.TestCategoricalStatPlotter.test_single_layer_stats_with_units,476,1,1,0,1,0,0
seaborn.tests.test_categorical.TestCountPlot.test_input_error,2044,1,1,0,1,0,0
seaborn.tests.test_categorical.TestCountPlot.test_plot_elements,2016,1,1,0,1,0,0
seaborn.tests.test_categorical.TestFactorPlot.test_bad_plot_kind_error,2132,1,1,0,1,0,0
seaborn.tests.test_categorical.TestFactorPlot.test_facet_organization,2055,1,1,0,1,0,0
seaborn.tests.test_categorical.TestFactorPlot.test_plot_colors,2137,3,3,0,3,0,0
seaborn.tests.test_categorical.TestFactorPlot.test_plot_elements,2071,1,1,0,1,0,0
seaborn.tests.test_categorical.TestPointPlotter.test_different_defualt_colors,1785,1,1,0,1,0,0
seaborn.tests.test_categorical.TestPointPlotter.test_pointplot_colors,1920,1,1,0,1,0,0
seaborn.tests.test_categorical.TestPointPlotter.test_simple_pointplots,1977,1,1,0,1,0,0
seaborn.tests.test_categorical.TestStripPlotter.test_split_nested_stripplot_horizontal,1491,1,1,0,1,0,0
seaborn.tests.test_categorical.TestStripPlotter.test_split_nested_stripplot_vertical,1472,2,2,0,2,0,0
seaborn.tests.test_categorical.TestStripPlotter.test_stripplot_horiztonal,1440,1,1,0,1,0,0
seaborn.tests.test_categorical.TestStripPlotter.test_stripplot_jitter,1455,2,2,0,2,0,0
seaborn.tests.test_categorical.TestStripPlotter.test_stripplot_vertical,1423,2,2,0,2,0,0
seaborn.tests.test_categorical.TestStripPlotter.test_unsplit_nested_stripplot_horizontal,1527,1,1,0,1,0,0
seaborn.tests.test_categorical.TestStripPlotter.test_unsplit_nested_stripplot_vertical,1507,2,2,0,2,0,0
seaborn.tests.test_categorical.TestViolinPlotter.test_draw_box_lines,1145,1,1,0,1,0,0
seaborn.tests.test_categorical.TestViolinPlotter.test_draw_quartiles,1183,1,1,0,1,0,0
seaborn.tests.test_categorical.TestViolinPlotter.test_draw_single_observations,1123,1,1,0,1,0,0
seaborn.tests.test_categorical.TestViolinPlotter.test_draw_sticks,1217,1,1,0,1,0,0
seaborn.tests.test_categorical.TestViolinPlotter.test_draw_to_density,1060,1,1,0,1,0,0
seaborn.tests.test_categorical.TestViolinPlotter.test_draw_violinplots,1247,2,2,0,2,0,0
seaborn.tests.test_categorical.TestViolinPlotter.test_draw_violinplots_no_observations,1310,1,1,0,1,0,0
seaborn.tests.test_categorical.TestViolinPlotter.test_draw_violinplots_single_observations,1341,1,1,0,1,0,0
seaborn.tests.test_categorical.TestViolinPlotter.test_kde_fit,1034,1,1,0,1,0,0
seaborn.tests.test_categorical.TestViolinPlotter.test_no_observations,827,1,1,0,1,0,0
seaborn.tests.test_categorical.TestViolinPlotter.test_scale_area,924,1,1,0,1,0,0
seaborn.tests.test_categorical.TestViolinPlotter.test_scale_count,993,1,1,0,1,0,0
seaborn.tests.test_categorical.TestViolinPlotter.test_scale_width,971,1,1,0,1,0,0
seaborn.tests.test_categorical.TestViolinPlotter.test_single_observation,866,1,1,0,1,0,0
seaborn.tests.test_categorical.TestViolinPlotter.test_violinplots,1381,1,1,0,1,0,0
seaborn.tests.test_distributions.TestJointPlot.test_annotation,208,1,1,0,1,0,0
seaborn.tests.test_distributions.TestJointPlot.test_bad_kind,229,1,1,0,1,0,0
seaborn.tests.test_distributions.TestJointPlot.test_color,195,1,1,0,1,0,0
seaborn.tests.test_distributions.TestJointPlot.test_hex,169,2,2,0,2,0,0
seaborn.tests.test_distributions.TestJointPlot.test_hex_customise,218,1,1,0,1,0,0
seaborn.tests.test_distributions.TestJointPlot.test_kde,182,1,1,0,1,0,0
seaborn.tests.test_distributions.TestJointPlot.test_reg,138,2,2,0,2,0,0
seaborn.tests.test_distributions.TestJointPlot.test_resid,159,1,1,0,1,0,0
seaborn.tests.test_distributions.TestJointPlot.test_scatter,121,2,2,0,2,0,0
seaborn.tests.test_distributions.TestKDE.test_bivariate_kde_series,101,1,1,0,1,0,0
seaborn.tests.test_distributions.TestKDE.test_kde_cummulative_2d,96,1,1,0,1,0,0
seaborn.tests.test_distributions.TestKDE.test_scipy_bivariate_kde,54,1,1,0,1,0,0
seaborn.tests.test_distributions.TestKDE.test_scipy_univariate_kde,31,1,1,0,1,0,0
seaborn.tests.test_distributions.TestKDE.test_statsmodels_bivariate_kde,74,1,1,0,1,0,0
seaborn.tests.test_distributions.TestKDE.test_statsmodels_kde_cumulative,85,1,1,0,1,0,0
seaborn.tests.test_distributions.TestKDE.test_statsmodels_univariate_kde,42,1,1,0,1,0,0
seaborn.tests.test_linearmodels.TestLinearPlotter.test_dropna,77,1,1,0,1,0,0
seaborn.tests.test_linearmodels.TestRegressionPlots.test_lmplot_basic,482,1,1,0,1,0,0
seaborn.tests.test_linearmodels.TestRegressionPlots.test_lmplot_facets,530,1,1,0,1,0,0
seaborn.tests.test_linearmodels.TestRegressionPlots.test_lmplot_hue,495,1,1,0,1,0,0
seaborn.tests.test_linearmodels.TestRegressionPlots.test_lmplot_hue_col_nolegend,542,1,1,0,1,0,0
seaborn.tests.test_linearmodels.TestRegressionPlots.test_lmplot_marker_linewidths,517,1,1,0,1,0,0
seaborn.tests.test_linearmodels.TestRegressionPlots.test_lmplot_markers,504,1,1,0,1,0,0
seaborn.tests.test_linearmodels.TestRegressionPlots.test_lmplot_scatter_kws,548,2,2,0,2,0,0
seaborn.tests.test_linearmodels.TestRegressionPlots.test_regplot_basic,413,1,1,0,1,0,0
seaborn.tests.test_linearmodels.TestRegressionPlots.test_regplot_binned,474,1,1,0,1,0,0
seaborn.tests.test_linearmodels.TestRegressionPlots.test_regplot_scatter_kws_alpha,448,1,1,0,1,0,0
seaborn.tests.test_linearmodels.TestRegressionPlots.test_regplot_selective,426,1,1,0,1,0,0
seaborn.tests.test_linearmodels.TestRegressionPlots.test_residplot,559,1,1,0,1,0,0
seaborn.tests.test_linearmodels.TestRegressionPlots.test_residplot_lowess,572,1,1,0,1,0,0
seaborn.tests.test_linearmodels.TestRegressionPlotter.test_bin_results,247,1,1,0,1,0,0
seaborn.tests.test_linearmodels.TestRegressionPlotter.test_fast_regression,158,2,2,0,2,0,0
seaborn.tests.test_linearmodels.TestRegressionPlotter.test_logistic_regression,343,1,1,0,1,0,0
seaborn.tests.test_linearmodels.TestRegressionPlotter.test_lowess_regression,365,1,1,0,1,0,0
seaborn.tests.test_linearmodels.TestRegressionPlotter.test_numeric_bins,234,1,1,0,1,0,0
seaborn.tests.test_linearmodels.TestRegressionPlotter.test_provided_bins,241,1,1,0,1,0,0
seaborn.tests.test_linearmodels.TestRegressionPlotter.test_regress_logx,185,2,2,0,2,0,0
seaborn.tests.test_linearmodels.TestRegressionPlotter.test_regress_n_boot,200,3,3,0,3,0,0
seaborn.tests.test_linearmodels.TestRegressionPlotter.test_regress_poly,172,2,2,0,2,0,0
seaborn.tests.test_linearmodels.TestRegressionPlotter.test_regress_without_bootstrap,217,3,3,0,3,0,0
seaborn.tests.test_linearmodels.TestRegressionPlotter.test_regression_limits,383,1,1,0,1,0,0
seaborn.tests.test_linearmodels.TestRegressionPlotter.test_robust_regression,352,1,1,0,1,0,0
seaborn.tests.test_matrix.TestClustermap.test_cluster_false,831,1,1,0,1,0,0
seaborn.tests.test_matrix.TestClustermap.test_cluster_false_row_col_colors,860,1,1,0,1,0,0
seaborn.tests.test_matrix.TestClustermap.test_color_list_to_matrix_and_cmap,759,2,2,0,2,0,0
seaborn.tests.test_matrix.TestClustermap.test_color_list_to_matrix_and_cmap_axis1,795,2,2,0,2,0,0
seaborn.tests.test_matrix.TestClustermap.test_colors_input_custom_cmap,688,1,1,0,1,0,0
seaborn.tests.test_matrix.TestClustermap.test_mask_reorganization,881,1,1,0,1,0,0
seaborn.tests.test_matrix.TestClustermap.test_nested_color_list_to_matrix_and_cmap,775,2,2,0,2,0,0
seaborn.tests.test_matrix.TestClustermap.test_plot_dendrograms,819,1,1,0,1,0,0
seaborn.tests.test_matrix.TestClustermap.test_row_col_colors,848,1,1,0,1,0,0
seaborn.tests.test_matrix.TestClustermap.test_ticklabel_reorganization,899,1,1,0,1,0,0
seaborn.tests.test_matrix.TestDendrogram.test_dendrogram_plot,532,1,1,0,1,0,0
seaborn.tests.test_matrix.TestDendrogram.test_dendrogram_rotate,545,1,1,0,1,0,0
seaborn.tests.test_matrix.TestDendrogram.test_dendrogram_ticklabel_rotation,558,1,1,0,1,0,0
seaborn.tests.test_matrix.TestDendrogram.test_linkage_scipy,494,1,1,0,1,0,0
seaborn.tests.test_matrix.TestHeatmap.test_heatmap_annotation,219,1,1,0,1,0,0
seaborn.tests.test_matrix.TestHeatmap.test_heatmap_annotation_with_mask,228,1,1,0,1,0,0
seaborn.tests.test_matrix.TestHeatmap.test_heatmap_axes,258,1,1,0,1,0,0
seaborn.tests.test_matrix.TestHeatmap.test_heatmap_cbar,241,1,1,0,1,0,0
seaborn.tests.test_matrix.TestHeatmap.test_heatmap_inner_lines,303,1,1,0,1,0,0
seaborn.tests.test_matrix.TestHeatmap.test_heatmap_ticklabel_rotation,275,1,1,0,1,0,0
seaborn.tests.test_matrix.TestHeatmap.test_mask_validation,319,1,1,0,1,0,0
seaborn.tests.test_matrix.TestHeatmap.test_missing_data_mask,333,1,1,0,1,0,0
seaborn.tests.test_matrix.TestHeatmap.test_square_aspect,313,1,1,0,1,0,0
seaborn.tests.test_miscplot.TestPalPlot.test_palplot_size,11,2,2,0,2,0,0
seaborn.tests.test_palettes.TestColorPalettes.test_as_hex,279,2,2,0,2,0,0
seaborn.tests.test_palettes.TestColorPalettes.test_bad_palette_colors,87,1,1,0,1,0,0
seaborn.tests.test_palettes.TestColorPalettes.test_bad_palette_name,77,1,1,0,1,0,0
seaborn.tests.test_palettes.TestColorPalettes.test_big_palette_context,32,3,3,0,3,0,0
seaborn.tests.test_palettes.TestColorPalettes.test_blend_palette,211,1,1,0,1,0,0
seaborn.tests.test_palettes.TestColorPalettes.test_cbrewer_qual,150,1,1,0,1,0,0
seaborn.tests.test_palettes.TestColorPalettes.test_color_codes,269,2,2,0,2,0,0
seaborn.tests.test_palettes.TestColorPalettes.test_crayon_palette,261,1,1,0,1,0,0
seaborn.tests.test_palettes.TestColorPalettes.test_cubehelix_against_matplotlib,217,1,1,0,1,0,0
seaborn.tests.test_palettes.TestColorPalettes.test_cubehelix_cmap,239,1,1,0,1,0,0
seaborn.tests.test_palettes.TestColorPalettes.test_cubehelix_n_colors,227,1,1,0,1,0,0
seaborn.tests.test_palettes.TestColorPalettes.test_cubehelix_reverse,233,1,1,0,1,0,0
seaborn.tests.test_palettes.TestColorPalettes.test_current_palette,15,3,3,0,3,0,0
seaborn.tests.test_palettes.TestColorPalettes.test_dark_palette,199,1,1,0,1,0,0
seaborn.tests.test_palettes.TestColorPalettes.test_hls_palette,53,2,2,0,2,0,0
seaborn.tests.test_palettes.TestColorPalettes.test_hls_values,116,1,1,0,1,0,0
seaborn.tests.test_palettes.TestColorPalettes.test_husl_palette,59,2,2,0,2,0,0
seaborn.tests.test_palettes.TestColorPalettes.test_husl_values,133,1,1,0,1,0,0
seaborn.tests.test_palettes.TestColorPalettes.test_light_palette,187,1,1,0,1,0,0
seaborn.tests.test_palettes.TestColorPalettes.test_mpl_dark_palette,71,2,2,0,2,0,0
seaborn.tests.test_palettes.TestColorPalettes.test_mpl_palette,65,2,2,0,2,0,0
seaborn.tests.test_palettes.TestColorPalettes.test_mpl_reversal,160,1,1,0,1,0,0
seaborn.tests.test_palettes.TestColorPalettes.test_palette_context,22,1,1,0,1,0,0
seaborn.tests.test_palettes.TestColorPalettes.test_palette_cycles,110,1,1,0,1,0,0
seaborn.tests.test_palettes.TestColorPalettes.test_palette_desat,93,3,3,0,3,0,0
seaborn.tests.test_palettes.TestColorPalettes.test_palette_is_list_of_tuples,100,1,1,0,1,0,0
seaborn.tests.test_palettes.TestColorPalettes.test_preserved_palette_length,285,1,1,0,1,0,0
seaborn.tests.test_palettes.TestColorPalettes.test_rgb_from_hls,166,1,1,0,1,0,0
seaborn.tests.test_palettes.TestColorPalettes.test_rgb_from_husl,173,2,2,0,2,0,0
seaborn.tests.test_palettes.TestColorPalettes.test_rgb_from_xkcd,180,1,1,0,1,0,0
seaborn.tests.test_palettes.TestColorPalettes.test_seaborn_palettes,46,1,1,0,1,0,0
seaborn.tests.test_palettes.TestColorPalettes.test_terrible_palette_name,82,1,1,0,1,0,0
seaborn.tests.test_palettes.TestColorPalettes.test_xkcd_palette,253,1,1,0,1,0,0
seaborn.tests.test_rcmod.RCParamTester.assert_rc_params,20,8,0,8,0,0,0
seaborn.tests.test_rcmod.TestAxesStyle.test_bad_style,47,1,1,0,1,0,0
seaborn.tests.test_rcmod.TestAxesStyle.test_default_return,36,2,2,0,2,0,0
seaborn.tests.test_rcmod.TestAxesStyle.test_key_usage,41,2,2,0,2,0,0
seaborn.tests.test_rcmod.TestAxesStyle.test_rc_override,52,1,1,0,1,0,0
seaborn.tests.test_rcmod.TestAxesStyle.test_reset_defaults,86,3,3,0,3,0,0
seaborn.tests.test_rcmod.TestAxesStyle.test_reset_orig,97,3,3,0,3,0,0
seaborn.tests.test_rcmod.TestAxesStyle.test_set_rc,80,1,1,0,1,0,0
seaborn.tests.test_rcmod.TestAxesStyle.test_set_style,59,3,3,0,3,0,0
seaborn.tests.test_rcmod.TestAxesStyle.test_style_context_independence,76,1,1,0,1,0,0
seaborn.tests.test_rcmod.TestAxesStyle.test_style_context_manager,67,3,3,0,3,0,0
seaborn.tests.test_rcmod.TestFonts.test_different_sans_serif,201,3,3,0,3,0,0
seaborn.tests.test_rcmod.TestFonts.test_set_font,169,2,2,0,2,0,0
seaborn.tests.test_rcmod.TestFonts.test_set_serif_font,188,1,1,0,1,0,0
seaborn.tests.test_rcmod.TestPlottingContext.test_bad_context,125,1,1,0,1,0,0
seaborn.tests.test_rcmod.TestPlottingContext.test_context_context_manager,157,3,3,0,3,0,0
seaborn.tests.test_rcmod.TestPlottingContext.test_default_return,113,2,2,0,2,0,0
seaborn.tests.test_rcmod.TestPlottingContext.test_font_scale,130,1,1,0,1,0,0
seaborn.tests.test_rcmod.TestPlottingContext.test_key_usage,118,2,2,0,2,0,0
seaborn.tests.test_rcmod.TestPlottingContext.test_rc_override,141,1,1,0,1,0,0
seaborn.tests.test_rcmod.TestPlottingContext.test_set_context,149,3,3,0,3,0,0
seaborn.tests.test_rcmod.has_verdana,226,2,0,2,0,0,0
seaborn.tests.test_utils.TestSpineUtils.test_despine,122,1,1,0,1,0,0
seaborn.tests.test_utils.TestSpineUtils.test_despine_specific_axes,139,1,1,0,1,0,0
seaborn.tests.test_utils.TestSpineUtils.test_despine_trim_inverted,201,1,1,0,1,0,0
seaborn.tests.test_utils.TestSpineUtils.test_despine_trim_noticks,215,1,1,0,1,0,0
seaborn.tests.test_utils.TestSpineUtils.test_despine_trim_spines,189,1,1,0,1,0,0
seaborn.tests.test_utils.TestSpineUtils.test_despine_with_offset,154,1,1,0,1,0,0
seaborn.tests.test_utils.TestSpineUtils.test_despine_with_offset_specific_axes,173,1,1,0,1,0,0
seaborn.tests.test_utils.TestSpineUtils.test_offset_spines,234,1,1,0,1,0,0
seaborn.tests.test_utils.TestSpineUtils.test_offset_spines_specific_axes,251,1,1,0,1,0,0
seaborn.tests.test_utils.TestSpineUtils.test_offset_spines_warns,223,1,1,0,1,0,0
seaborn.tests.test_utils.check_load_cached_dataset,329,2,1,1,1,0,0
seaborn.tests.test_utils.check_load_dataset,325,2,1,1,1,0,0
seaborn.tests.test_utils.test_categorical_order,286,1,1,0,1,0,0
seaborn.tests.test_utils.test_ci_to_errsize,64,1,1,0,1,0,0
seaborn.tests.test_utils.test_desaturate,78,1,1,0,1,0,0
seaborn.tests.test_utils.test_desaturation_prop,94,1,1,0,1,0,0
seaborn.tests.test_utils.test_get_dataset_names,346,1,1,0,1,0,0
seaborn.tests.test_utils.test_iqr,105,1,1,0,1,0,0
seaborn.tests.test_utils.test_load_cached_datasets,366,2,2,0,2,0,0
seaborn.tests.test_utils.test_load_datasets,354,2,2,0,2,0,0
seaborn.tests.test_utils.test_pmf_hist_basics,32,1,1,0,1,0,0
seaborn.tests.test_utils.test_pmf_hist_bins,58,1,1,0,1,0,0
seaborn.tests.test_utils.test_pmf_hist_normalization,51,1,1,0,1,0,0
seaborn.tests.test_utils.test_pmf_hist_widths,45,1,1,0,1,0,0
seaborn.tests.test_utils.test_saturate,99,1,1,0,1,0,0
seaborn.tests.test_utils.test_ticklabels_overlap,266,4,4,0,4,0,0
seaborn.timeseries._plot_boot_kde,396,1,1,0,1,0,0
seaborn.timeseries._plot_unit_kde,402,1,1,0,1,0,0
seaborn.timeseries._ts_kde,407,2,0,2,0,0,0
seaborn.timeseries.tsplot,17,3,3,0,3,0,0
seaborn.utils._kde_support,292,4,0,4,0,0,0
seaborn.utils._set_spine_position,274,2,0,2,0,0,0
seaborn.utils.axes_ticklabels_overlap,476,2,1,1,1,0,0
seaborn.utils.axis_ticklabels_overlap,452,4,0,4,0,0,0
seaborn.utils.categorical_order,493,5,0,5,0,0,0
seaborn.utils.ci,336,5,1,4,1,0,0
seaborn.utils.ci_to_errsize,19,1,0,1,0,0,0
seaborn.utils.desaturate,75,6,0,6,0,0,0
seaborn.utils.despine,161,15,1,14,1,0,0
seaborn.utils.get_data_home,375,1,0,1,0,0,0
seaborn.utils.get_dataset_names,363,3,0,3,0,0,0
seaborn.utils.iqr,355,3,0,3,0,0,0
seaborn.utils.load_dataset,395,3,1,2,1,0,0
seaborn.utils.offset_spines,236,4,1,3,1,0,0
seaborn.utils.percentiles,299,2,0,2,0,0,0
seaborn.utils.pmf_hist,49,4,0,4,0,0,0
seaborn.utils.saturate,110,2,1,1,1,0,0
seaborn.utils.set_hls_values,127,3,0,3,0,0,0
seaborn.utils.sig_stars,342,1,0,1,0,0,0
plot_directive.ImageFile.__init__,418,1,0,1,0,0,0
plot_directive.ImageFile.filename,423,2,0,2,0,0,0
plot_directive.ImageFile.filenames,426,2,1,1,1,0,0
plot_directive.clear_state,520,1,0,1,0,0,0
plot_directive.contains_doctest,277,3,0,3,0,0,0
plot_directive.format_template,158,1,0,1,0,0,0
plot_directive.out_of_date,430,1,0,1,0,0,0
plot_directive.plot_directive,177,1,1,0,1,0,0
plot_directive.remove_coding,333,1,0,1,0,0,0
plot_directive.render_figures,527,7,6,1,6,0,0
plot_directive.run,646,6,5,1,5,0,0
plot_directive.run_code,444,3,2,1,2,0,0
plot_directive.split_code_at_show,310,2,1,1,1,0,0
plot_directive.unescape_doctest,289,3,1,2,1,0,0
